1 5.79103 0
2 4.96315 0.827882
3 4.8109 0.501638
4 4.8886 0.363122
5 5.08097 0.340764
6 5.09722 0.278707
7 4.92005 0.294742
8 5.00735 0.269769
9 5.0886 0.251407
10 5.07698 0.225165
11 5.10777 0.205985
12 5.18979 0.205145
13 5.17663 0.189164
14 5.02243 0.233338
15 5.10549 0.232561
16 5.1848 0.231549
17 5.09493 0.235336
18 5.20579 0.24803
19 5.25963 0.240711
20 5.25218 0.22848
21 5.25563 0.217355
22 5.29532 0.211006
23 5.29107 0.201668
24 5.20648 0.210797
25 5.26286 0.209902
26 5.30087 0.205219
27 5.30206 0.197476
28 5.31813 0.19097
29 5.28888 0.186575
30 5.2757 0.18073
31 5.23817 0.178787
32 5.28494 0.179317
33 5.24381 0.178599
34 5.21077 0.176389
35 5.24312 0.174304
36 5.27485 0.172339
37 5.26039 0.168239
38 5.2763 0.164523
39 5.35482 0.17845
40 5.36527 0.174245
41 5.34773 0.170845
42 5.32344 0.168489
43 5.32728 0.164569
44 5.31447 0.161294
45 5.32997 0.158428
46 5.33428 0.155006
47 5.31974 0.152367
48 5.29986 0.150479
49 5.31288 0.14795
50 5.31796 0.14505
51 5.31036 0.14238
52 5.31788 0.139818
53 5.307 0.137586
54 5.34062 0.139138
55 5.3443 0.136634
56 5.35388 0.134514
57 5.34769 0.132278
58 5.32572 0.13182
59 5.33565 0.129947
60 5.34455 0.128072
61 5.32584 0.127336
62 5.32735 0.125275
63 5.34085 0.124007
64 5.34255 0.122066
65 5.31639 0.122986
66 5.31707 0.12111
67 5.31494 0.119308
68 5.292 0.119757
69 5.28792 0.118079
70 5.29833 0.116845
71 5.29537 0.115225
72 5.28504 0.114083
73 5.30207 0.113791
74 5.30204 0.112243
75 5.30235 0.110737
76 5.29676 0.109413
77 5.29016 0.108185
78 5.2983 0.107098
79 5.3094 0.106316
80 5.30759 0.104994
81 5.2968 0.104249
82 5.29961 0.103008
83 5.30642 0.101987
84 5.30419 0.10079
85 5.30393 0.0995975
86 5.30809 0.0985202
87 5.30447 0.0974486
88 5.30967 0.0964752
89 5.29896 0.0959837
90 5.29487 0.0949996
91 5.29086 0.0940352
92 5.29874 0.0933403
93 5.3051 0.09255
94 5.29879 0.0917772
95 5.30277 0.0908931
96 5.29366 0.0904014
97 5.2902 0.0895314
98 5.30415 0.0897045
99 5.32776 0.0918793
100 5.31927 0.0913513
