#     BLOCK:  ACTUAL_PE:     PE_AVE:      ERROR:
           1    -5.81004    -5.81004           0
           2    -5.47926    -5.64465    0.116947
           3    -5.37304    -5.55411     0.10744
           4    -5.53782    -5.55004   0.0806572
           5    -5.46812    -5.53366   0.0661687
           6    -5.46267    -5.52183   0.0561883
           7    -5.49064    -5.51737   0.0483377
           8      -5.471    -5.51157   0.0426417
           9    -5.48932     -5.5091   0.0379753
          10     -5.3366    -5.49185   0.0378938
          11    -5.41371    -5.48475   0.0351085
          12    -5.42371    -5.47966   0.0325492
          13     -5.4335    -5.47611   0.0302384
          14    -5.43502    -5.47317   0.0282206
          15    -5.42512    -5.46997   0.0265205
          16    -5.38033    -5.46437   0.0254479
          17     -5.4283    -5.46225   0.0240392
          18    -5.53101    -5.46607   0.0230052
          19    -5.40779      -5.463   0.0219979
          20    -5.40347    -5.46002   0.0210984
          21    -5.42788    -5.45849   0.0201492
          22    -5.45508    -5.45834   0.0192339
          23    -5.41469    -5.45644    0.018491
          24    -5.34991      -5.452   0.0182455
          25    -5.40743    -5.45022   0.0176026
          26     -5.4081     -5.4486   0.0169999
          27    -5.46866    -5.44934   0.0163865
          28      -5.451     -5.4494   0.0158014
          29    -5.49355    -5.45092   0.0153297
          30    -5.45043    -5.45091   0.0148187
          31    -5.44028    -5.45056   0.0143447
          32    -5.39646    -5.44887   0.0139957
          33    -5.35304    -5.44597   0.0138695
          34    -5.45333    -5.44619   0.0134633
          35    -5.50992    -5.44801   0.0132012
          36    -5.44228    -5.44785   0.0128355
          37    -5.50598    -5.44942   0.0125844
          38    -5.38475    -5.44772   0.0123677
          39    -5.48481    -5.44867   0.0120871
          40    -5.42552    -5.44809   0.0117988
          41    -5.52258    -5.44991     0.01165
          42    -5.42654    -5.44935   0.0113859
          43    -5.46549    -5.44972   0.0111273
          44    -5.41384    -5.44891   0.0109043
          45    -5.46658     -5.4493    0.010669
          46    -5.44896    -5.44929   0.0104371
          47     -5.4457    -5.44922   0.0102153
          48    -5.43457    -5.44891    0.010007
          49     -5.4928    -5.44981  0.00984281
          50    -5.50372    -5.45089  0.00970483
          51    -5.37027    -5.44931  0.00964242
          52    -5.36133    -5.44761  0.00960427
          53    -5.46487    -5.44794  0.00942858
          54    -5.44122    -5.44782  0.00925479
          55    -5.44358    -5.44774  0.00908685
          56    -5.39829    -5.44686  0.00896737
          57    -5.52771    -5.44827  0.00892154
          58    -5.44883    -5.44828  0.00876772
          59    -5.41363     -5.4477  0.00863876
          60    -5.45152    -5.44776  0.00849502
          61    -5.46589    -5.44806  0.00836095
          62    -5.43987    -5.44793  0.00822714
          63    -5.41923    -5.44747  0.00810916
          64    -5.43694    -5.44731  0.00798412
          65    -5.48753    -5.44792  0.00788523
          66    -5.38859    -5.44703  0.00781683
          67    -5.45796    -5.44719  0.00770186
          68    -5.41267    -5.44668  0.00760531
          69    -5.38809    -5.44583  0.00754235
          70    -5.39203    -5.44506  0.00747366
          71    -5.47139    -5.44543  0.00737759
          72    -5.42591    -5.44516   0.0072801
          73    -5.45907    -5.44535  0.00718287
          74    -5.49581    -5.44603  0.00711809
          75    -5.48496    -5.44655  0.00704208
          76    -5.40027    -5.44594  0.00697571
          77    -5.45913    -5.44612  0.00688722
          78    -5.47334    -5.44647  0.00680776
          79    -5.45741     -5.4466  0.00672299
          80    -5.49587    -5.44722   0.0066671
          81    -5.51011      -5.448  0.00662984
          82    -5.44919    -5.44801    0.006549
          83    -5.44266    -5.44795  0.00647041
          84     -5.4367    -5.44781  0.00639477
          85    -5.41282     -5.4474  0.00633278
          86    -5.41783    -5.44706  0.00626847
          87    -5.49131    -5.44757  0.00621702
          88    -5.42571    -5.44732  0.00615133
          89    -5.36057    -5.44634  0.00615896
          90    -5.42054    -5.44606  0.00609719
          91    -5.48745    -5.44651  0.00604713
          92     -5.4269     -5.4463  0.00598515
          93    -5.41128    -5.44592  0.00593263
          94    -5.44112    -5.44587  0.00586974
          95    -5.41966    -5.44559  0.00581443
          96    -5.46964    -5.44584  0.00575926
          97    -5.47478    -5.44614   0.0057076
          98    -5.40067    -5.44568  0.00566819
          99    -5.47116    -5.44594  0.00561678
         100    -5.43837    -5.44586  0.00556112
         101    -5.49245    -5.44632  0.00552516
         102    -5.40034    -5.44587  0.00548934
         103    -5.52926    -5.44668  0.00549543
         104    -5.53951    -5.44757  0.00551459
         105    -5.40581    -5.44718   0.0054764
         106    -5.41859    -5.44691  0.00543137
         107    -5.44918    -5.44693  0.00538065
         108     -5.4836    -5.44727  0.00534154
         109    -5.44628    -5.44726  0.00529254
         110    -5.40642    -5.44689  0.00525743
         111    -5.42166    -5.44666  0.00521497
         112    -5.44631    -5.44666  0.00516841
         113    -5.44693    -5.44666  0.00512267
         114     -5.4076    -5.44632  0.00508918
         115    -5.40879    -5.44599  0.00505538
         116    -5.48654    -5.44634  0.00502387
         117    -5.42821    -5.44618  0.00498333
         118    -5.47951    -5.44647  0.00494909
         119    -5.43696    -5.44639  0.00490815
         120    -5.46261    -5.44652  0.00486911
         121    -5.37857    -5.44596  0.00486115
         122    -5.40505    -5.44562  0.00483285
         123    -5.43663    -5.44555  0.00479412
         124    -5.50862    -5.44606  0.00478236
         125    -5.41965    -5.44585  0.00474877
         126     -5.4376    -5.44578  0.00471153
         127    -5.36847    -5.44517   0.0047136
         128    -5.46694    -5.44534  0.00467984
         129    -5.50693    -5.44582  0.00466785
         130    -5.49481     -5.4462  0.00464712
         131     -5.3984    -5.44583  0.00462595
         132    -5.40204     -5.4455  0.00460279
         133    -5.46033    -5.44561  0.00456953
         134    -5.43564    -5.44554  0.00453604
         135    -5.46496    -5.44568  0.00450472
         136    -5.46318    -5.44581  0.00447343
         137    -5.50965    -5.44628  0.00446498
         138    -5.39589    -5.44591  0.00444753
         139    -5.48021    -5.44616  0.00442237
         140    -5.47365    -5.44636  0.00439514
         141    -5.44362    -5.44634  0.00436401
         142    -5.39581    -5.44598  0.00434776
         143    -5.47085    -5.44615  0.00432083
         144    -5.51437    -5.44663  0.00431671
         145    -5.44189     -5.4466  0.00428707
         146    -5.38129    -5.44615  0.00428098
         147    -5.43844     -5.4461  0.00425217
         148    -5.48571    -5.44636  0.00423186
         149    -5.47072    -5.44653  0.00420661
         150    -5.50509    -5.44692  0.00419665
         151    -5.40914    -5.44667   0.0041763
         152    -5.41407    -5.44645  0.00415433
         153    -5.42194    -5.44629  0.00413027
         154    -5.43679    -5.44623  0.00410391
         155    -5.49298    -5.44653   0.0040885
         156    -5.46808    -5.44667  0.00406462
         157    -5.46222    -5.44677  0.00403994
         158    -5.42127    -5.44661  0.00401759
         159    -5.40027    -5.44632  0.00400288
         160    -5.39025    -5.44597  0.00399317
         161    -5.37887    -5.44555  0.00399006
         162    -5.38538    -5.44518  0.00398268
         163    -5.46631    -5.44531  0.00396035
         164    -5.45388    -5.44536  0.00393655
         165    -5.43707    -5.44531  0.00391301
         166    -5.49963    -5.44564   0.0039031
         167    -5.42863    -5.44554  0.00388106
         168    -5.38537    -5.44518  0.00387445
         169    -5.45502    -5.44524  0.00385196
         170    -5.44669    -5.44524  0.00382931
         171     -5.4882     -5.4455  0.00381515
         172    -5.47359    -5.44566  0.00379646
         173    -5.42499    -5.44554   0.0037764
         174    -5.43619    -5.44549  0.00375507
         175    -5.44336    -5.44547  0.00373364
         176    -5.45841    -5.44555  0.00371315
         177    -5.36687     -5.4451  0.00371868
         178    -5.44547     -5.4451  0.00369779
         179     -5.4371    -5.44506   0.0036774
         180    -5.44634    -5.44507  0.00365698
         181    -5.53009    -5.44554  0.00366682
         182    -5.41507    -5.44537  0.00365049
         183    -5.40548    -5.44515  0.00363704
         184    -5.47265     -5.4453  0.00362034
         185    -5.44854    -5.44532  0.00360082
         186    -5.44595    -5.44532  0.00358146
         187    -5.42559    -5.44522  0.00356386
         188    -5.39092    -5.44493  0.00355659
         189    -5.43881    -5.44489  0.00353792
         190    -5.50338     -5.4452  0.00353266
         191    -5.40321    -5.44498    0.003521
         192    -5.46914    -5.44511  0.00350491
         193    -5.48109    -5.44529   0.0034917
         194    -5.41896    -5.44516  0.00347634
         195    -5.42292    -5.44504  0.00346039
         196    -5.42545    -5.44495  0.00344417
         197    -5.42697    -5.44485   0.0034279
         198    -5.45712    -5.44492  0.00341115
         199    -5.45949    -5.44499  0.00339479
         200     -5.4309    -5.44492  0.00337855
