#     BLOCK:   ACTUAL_P:     P_AVE:       ERROR:
           1   -0.347512   -0.347512           0
           2     1.46045     0.55647    0.639211
           3     1.68036      0.9311    0.524558
           4     1.10711    0.975103     0.39526
           5     1.30481     1.04104    0.321662
           6     1.36939     1.09577    0.272667
           7     1.29062     1.12361    0.235131
           8     1.51095     1.17202    0.210666
           9     1.38517     1.19571    0.188585
          10     2.00595     1.27673    0.186321
          11     1.76405     1.32103     0.17457
          12     1.67078     1.35018    0.162437
          13     1.37764     1.35229    0.149956
          14     1.56228     1.36729    0.139993
          15     1.64886     1.38606    0.131913
          16     1.73758     1.40803    0.125484
          17     1.57715     1.41798    0.118496
          18     1.28042     1.41034    0.112159
          19     1.55462     1.41793    0.106513
          20     1.60268     1.42717    0.101587
          21     1.49363     1.43033    0.096799
          22     1.32033     1.42533   0.0925281
          23     1.57407      1.4318   0.0887309
          24     1.82302      1.4481   0.0865181
          25     1.38232     1.44547   0.0830974
          26     1.49044      1.4472   0.0799193
          27     1.39509     1.44527   0.0769827
          28     1.35422     1.44202   0.0743019
          29     1.21595     1.43422   0.0721476
          30     1.57696     1.43898   0.0698994
          31     1.62966     1.44513   0.0679146
          32     1.67804     1.45241   0.0661812
          33     1.71097     1.46024   0.0646378
          34     1.35976     1.45729   0.0628042
          35     1.26437     1.45178   0.0612512
          36     1.67633     1.45801   0.0598665
          37     1.03204      1.4465   0.0593452
          38      1.6838     1.45275   0.0581111
          39     1.33739     1.44979   0.0566963
          40     1.50368     1.45114   0.0552949
          41     1.13141     1.44334   0.0544933
          42     1.50239     1.44474    0.053214
          43     1.35576     1.44267   0.0520167
          44     1.67666     1.44799   0.0511056
          45     1.32817     1.44533   0.0500392
          46     1.28075     1.44175   0.0490792
          47     1.35799     1.43997   0.0480673
          48      1.4944      1.4411   0.0470793
          49     1.23258     1.43685   0.0463104
          50     1.31664     1.43444   0.0454465
          51     2.04824     1.44648   0.0461215
          52     1.84844     1.45421   0.0458778
          53     1.49689     1.45501   0.0450192
          54     1.67626     1.45911   0.0443716
          55     1.87506     1.46667   0.0442046
          56     1.94676     1.47525   0.0442388
          57     1.27717     1.47177   0.0435989
          58     1.56197     1.47333   0.0428749
          59     1.48679     1.47356   0.0421489
          60      1.3492     1.47148   0.0414973
          61     1.46063      1.4713   0.0408174
          62     1.53277      1.4723   0.0401711
          63     1.50815     1.47287   0.0395375
          64       1.416     1.47198   0.0389297
          65     1.30704     1.46944   0.0384134
          66     1.79844     1.47442   0.0381534
          67     1.13943     1.46942   0.0379102
          68     1.52642     1.47026   0.0373619
          69     1.75136     1.47434   0.0370419
          70     1.66821     1.47711   0.0366161
          71     1.43907     1.47657   0.0361043
          72       1.501     1.47691   0.0356045
          73     1.34579     1.47511    0.035162
          74     1.17786      1.4711   0.0349155
          75     1.15996     1.46695   0.0346956
          76     1.53531     1.46785   0.0342507
          77     1.38688      1.4668    0.033822
          78     1.51134     1.46737   0.0333932
          79      1.4576     1.46724   0.0329708
          80     1.14956     1.46327   0.0327969
          81     1.31784     1.46148   0.0324411
          82     1.61945      1.4634   0.0321026
          83     1.46159     1.46338   0.0317159
          84     1.52678     1.46414   0.0313473
          85     1.59718      1.4657   0.0310175
          86      1.6475     1.46782   0.0307288
          87     1.27937     1.46565   0.0304518
          88     1.39918     1.46489   0.0301152
          89     1.91485     1.46995   0.0301982
          90     1.61345     1.47154   0.0299047
          91     1.15305     1.46804   0.0297802
          92     1.48475     1.46823   0.0294571
          93     1.67659     1.47047   0.0292254
          94      1.5213     1.47101   0.0289195
          95     1.44443     1.47073   0.0286164
          96     1.40778     1.47007   0.0283259
          97     1.38845     1.46923   0.0280463
          98     1.71925     1.47178   0.0278759
          99     1.45037     1.47157   0.0275952
         100     1.49771     1.47183   0.0273205
         101     1.40773     1.47119   0.0270574
         102     1.80564     1.47447     0.02699
         103     1.22911     1.47209   0.0268329
         104     1.05153     1.46804   0.0268779
         105     1.75199     1.47075   0.0267576
         106     1.54517     1.47145   0.0265144
         107     1.57119     1.47238    0.026283
         108     1.37929     1.47152   0.0260537
         109     1.42157     1.47106   0.0258187
         110     1.61256     1.47235    0.025616
         111     1.54217     1.47298    0.025393
         112     1.36459     1.47201   0.0251847
         113     1.39407     1.47132   0.0249713
         114     1.57202      1.4722   0.0247678
         115     1.61414     1.47344   0.0245832
         116     1.42699     1.47304   0.0243745
         117     1.62953     1.47438   0.0242029
         118     1.25042     1.47248   0.0240721
         119     1.56649     1.47327   0.0238827
         120     1.42644     1.47288   0.0236869
         121     1.88131     1.47625   0.0237304
         122     1.57824     1.47709   0.0235506
         123     1.52494     1.47748   0.0233624
         124      1.2797     1.47588   0.0232284
         125     1.66441     1.47739   0.0230914
         126     1.59087     1.47829   0.0229257
         127     1.92732     1.48183   0.0230162
         128     1.56388     1.48247   0.0228454
         129     1.11674     1.47963   0.0228435
         130     1.09451     1.47667   0.0228591
         131     1.65689     1.47805   0.0227259
         132     1.56411      1.4787   0.0225631
         133     1.41179      1.4782   0.0223991
         134     1.38215     1.47748   0.0222434
         135      1.2466     1.47577   0.0221443
         136     1.57483      1.4765   0.0219934
         137     1.11901     1.47389   0.0219871
         138     1.65079     1.47517   0.0218652
         139     1.30559     1.47395   0.0217419
         140      1.3752     1.47324    0.021598
         141     1.38483     1.47262   0.0214539
         142     1.54948     1.47316   0.0213097
         143     1.36232     1.47238   0.0211747
         144     1.16031     1.47022   0.0211383
         145     1.52799     1.47061   0.0209963
         146     1.92197     1.47371   0.0210788
         147     1.47084     1.47369   0.0209354
         148     1.21883     1.47196   0.0208647
         149     1.33708     1.47106   0.0207443
         150     1.23323     1.46947   0.0206665
         151     1.51859      1.4698   0.0205322
         152     1.54026     1.47026   0.0204023
         153     1.66495     1.47153   0.0203086
         154     1.69444     1.47298   0.0202283
         155     1.43331     1.47273   0.0200994
         156     1.39554     1.47223   0.0199766
         157     1.45506     1.47212   0.0198497
         158     1.64408     1.47321   0.0197539
         159      1.7345     1.47485   0.0196979
         160     1.72928     1.47644   0.0196389
         161     1.61639     1.47731   0.0195361
         162     1.69401     1.47865   0.0194612
         163     1.60219     1.47941   0.0193566
         164     1.64641     1.48043   0.0192653
         165     1.62027     1.48127   0.0191672
         166      1.3282     1.48035   0.0190739
         167     1.73224     1.48186   0.0190192
         168     1.89618     1.48433   0.0190653
         169     1.43615     1.48404   0.0189546
         170       1.409      1.4836   0.0188482
         171     1.37407     1.48296   0.0187489
         172      1.5584      1.4834    0.018645
         173     1.73277     1.48484   0.0185929
         174     1.62721     1.48566    0.018504
         175       1.428     1.48533   0.0184012
         176     1.59991     1.48598   0.0183082
         177     1.84989     1.48804   0.0183198
         178     1.44408     1.48779   0.0182185
         179     1.48307     1.48776   0.0181168
         180     1.57019     1.48822   0.0180219
         181     1.09878     1.48607   0.0180503
         182     1.58576     1.48662   0.0179595
         183     1.57492      1.4871   0.0178678
         184     1.36071     1.48641   0.0177839
         185     1.63269      1.4872   0.0177053
         186     1.58614     1.48773   0.0176181
         187     1.59678     1.48832   0.0175336
         188     1.71883     1.48954   0.0174831
         189      1.6689     1.49049   0.0174164
         190     1.42444     1.49015   0.0173282
         191      1.6634     1.49105   0.0172612
         192     1.25738     1.48984   0.0172141
         193     1.46669     1.48972   0.0171253
         194     1.65662     1.49058   0.0170587
         195     1.64446     1.49137   0.0169894
         196     1.79102     1.49289   0.0169714
         197      1.5875     1.49337    0.016892
         198     1.30086      1.4924   0.0168347
         199     1.34819     1.49168   0.0167657
         200     1.70812     1.49276   0.0167167
