#     BLOCK:   ACTUAL_T:     T_AVE:       ERROR:
           1     1.34639     1.34639           0
           2     1.12418     1.23528   0.0785617
           3     1.05631     1.17563   0.0715243
           4     1.16363     1.17263   0.0537061
           5     1.11812     1.16172   0.0440575
           6     1.11541       1.154   0.0373848
           7     1.13133     1.15076   0.0321842
           8     1.12056     1.14699   0.0283818
           9     1.13356      1.1455   0.0252674
          10     1.03323     1.13427   0.0251113
          11      1.0821     1.12953    0.023272
          12     1.08796     1.12606   0.0215889
          13     1.09458     1.12364   0.0200636
          14     1.09474     1.12158   0.0187364
          15     1.09172     1.11959   0.0175927
          16     1.06077     1.11591   0.0168728
          17     1.09224     1.11452   0.0159376
          18     1.15961     1.11702   0.0152478
          19     1.07545     1.11484   0.0146015
          20     1.07301     1.11274   0.0140204
          21       1.089     1.11161   0.0133983
          22     1.10558     1.11134   0.0127921
          23     1.08094     1.11002    0.012304
          24     1.03822     1.10703   0.0121496
          25     1.07641      1.1058   0.0117252
          26     1.07854     1.10475    0.011321
          27     1.11831     1.10526   0.0109128
          28     1.10764     1.10534   0.0105234
          29       1.136      1.1064   0.0102135
          30     1.10622     1.10639  0.00987303
          31     1.10004     1.10619  0.00955667
          32     1.07078     1.10508  0.00932185
          33     1.04162     1.10316  0.00923558
          34     1.10625     1.10325  0.00896439
          35      1.1453     1.10445  0.00878843
          36     1.10093     1.10435  0.00854485
          37      1.1432      1.1054  0.00837818
          38     1.06137     1.10424  0.00823743
          39     1.12767     1.10484  0.00804809
          40     1.08768     1.10441  0.00785832
          41     1.15099     1.10555  0.00774833
          42     1.08851     1.10514  0.00757447
          43     1.11312     1.10533  0.00740059
          44     1.08103     1.10478  0.00725298
          45     1.11686     1.10505  0.00709677
          46     1.10667     1.10508  0.00694258
          47     1.10187     1.10501   0.0067952
          48     1.09392     1.10478  0.00665757
          49     1.13281     1.10535  0.00654623
          50     1.14104     1.10607  0.00645409
          51     1.05545     1.10508  0.00640341
          52     1.04666     1.10395  0.00637806
          53      1.1138     1.10414  0.00626043
          54     1.10177     1.10409  0.00614465
          55     1.10397     1.10409  0.00603293
          56     1.07393     1.10355  0.00594919
          57     1.15917     1.10453  0.00592429
          58     1.10445     1.10453  0.00582215
          59     1.08308     1.10416  0.00573481
          60     1.10655      1.1042  0.00563937
          61     1.11788     1.10443  0.00555137
          62     1.09901     1.10434  0.00546252
          63     1.08598     1.10405  0.00538359
          64     1.09666     1.10393  0.00530071
          65     1.12909     1.10432  0.00523327
          66     1.06388     1.10371  0.00518973
          67     1.10965      1.1038  0.00511303
          68     1.08082     1.10346  0.00504899
          69     1.06542     1.10291  0.00500583
          70     1.06462     1.10236  0.00496411
          71     1.12175     1.10263   0.0049017
          72     1.09147     1.10248  0.00483607
          73     1.11138      1.1026  0.00477136
          74     1.13772     1.10307  0.00473042
          75     1.13026     1.10344  0.00468121
          76     1.07232     1.10303  0.00463749
          77      1.1127     1.10315  0.00457896
          78     1.12247      1.1034  0.00452695
          79        1.11     1.10348  0.00447041
          80     1.13717     1.10391  0.00443432
          81     1.14346     1.10439  0.00440639
          82     1.10571     1.10441  0.00435268
          83     1.09951     1.10435  0.00430064
          84     1.09649     1.10426  0.00425046
          85     1.08061     1.10398  0.00420955
          86     1.08433     1.10375  0.00416679
          87     1.13303     1.10409  0.00413247
          88     1.08954     1.10392  0.00408881
          89     1.04818      1.1033  0.00409055
          90     1.08732     1.10312  0.00404895
          91     1.13025     1.10342  0.00401542
          92     1.09227      1.1033   0.0039736
          93     1.08161     1.10306   0.0039377
          94     1.09953     1.10302  0.00389599
          95     1.08497     1.10283  0.00385961
          96     1.11828       1.103  0.00382276
          97     1.12176     1.10319  0.00378824
          98     1.07338     1.10288  0.00376178
          99      1.1188     1.10305  0.00372722
         100     1.09825       1.103  0.00369025
         101     1.13503     1.10331  0.00366732
         102     1.07464     1.10303  0.00364212
         103     1.15571     1.10354  0.00364249
         104     1.16448     1.10413  0.00365428
         105     1.07538     1.10386  0.00362972
         106     1.08751      1.1037  0.00359876
         107     1.10576     1.10372  0.00356518
         108     1.12737     1.10394  0.00353888
         109     1.10506     1.10395  0.00350643
         110     1.07702     1.10371  0.00348309
         111     1.08589     1.10355  0.00345541
         112     1.10201     1.10353  0.00342458
         113     1.10203     1.10352   0.0033943
         114     1.07737     1.10329  0.00337227
         115     1.08066     1.10309  0.00334868
         116     1.12827     1.10331  0.00332684
         117     1.09188     1.10321  0.00329984
         118     1.12644     1.10341  0.00327774
         119     1.09882     1.10337  0.00325042
         120     1.11704     1.10348  0.00322533
         121     1.05866     1.10311  0.00321988
         122     1.07603     1.10289  0.00320113
         123     1.09443     1.10282  0.00317584
         124     1.14417     1.10316  0.00316768
         125     1.08678     1.10303  0.00314505
         126     1.09648     1.10297  0.00312052
         127     1.05488     1.10259  0.00311884
         128     1.11598      1.1027  0.00309622
         129     1.14178       1.103  0.00308701
         130     1.13469     1.10325  0.00307287
         131     1.07091       1.103  0.00305931
         132     1.07324     1.10277  0.00304443
         133     1.11276     1.10285  0.00302247
         134     1.09298     1.10278  0.00300081
         135     1.11243     1.10285  0.00297944
         136     1.11277     1.10292  0.00295842
         137     1.14408     1.10322  0.00295205
         138     1.06782     1.10296  0.00294178
         139     1.12501     1.10312  0.00292489
         140     1.12093     1.10325  0.00290676
         141     1.10235     1.10324  0.00288615
         142      1.0694       1.103  0.00287565
         143      1.1172      1.1031  0.00285725
         144     1.14804     1.10342   0.0028544
         145      1.1011      1.1034  0.00283476
         146     1.06184     1.10312   0.0028296
         147     1.09854     1.10308  0.00281052
         148     1.13252     1.10328  0.00279856
         149     1.11672     1.10337  0.00278123
         150     1.14133     1.10363  0.00277418
         151     1.07904     1.10346  0.00276058
         152     1.08169     1.10332  0.00274613
         153     1.08783     1.10322  0.00273005
         154     1.09823     1.10319  0.00271251
         155     1.13538     1.10339  0.00270295
         156     1.11646     1.10348  0.00268692
         157     1.11585     1.10356  0.00267096
         158     1.08742     1.10345  0.00265601
         159     1.07599     1.10328  0.00264492
         160     1.06881     1.10307  0.00263715
         161     1.06082      1.1028  0.00263379
         162     1.06224     1.10255  0.00262941
         163     1.11638     1.10264  0.00261465
         164     1.10867     1.10268  0.00259896
         165     1.09801     1.10265  0.00258336
         166     1.13989     1.10287  0.00257753
         167     1.09343     1.10282  0.00256271
         168     1.06407     1.10258  0.00255781
         169     1.10911     1.10262  0.00254297
         170     1.10308     1.10263  0.00252801
         171     1.12984     1.10278  0.00251824
         172     1.12145     1.10289  0.00250593
         173     1.09152     1.10283  0.00249231
         174      1.0984      1.1028  0.00247812
         175     1.10235      1.1028  0.00246396
         176     1.11083     1.10285  0.00245038
         177     1.05182     1.10256  0.00245343
         178     1.10411     1.10257  0.00243967
         179     1.09707     1.10254  0.00242623
         180     1.10276     1.10254  0.00241275
         181       1.158     1.10284   0.0024188
         182     1.08345     1.10274  0.00240786
         183       1.074     1.10258  0.00239981
         184     1.12135     1.10268  0.00238894
         185     1.10556      1.1027  0.00237607
         186     1.10505     1.10271  0.00236333
         187     1.09016     1.10264  0.00235165
         188     1.06896     1.10246  0.00234596
         189     1.09897     1.10244  0.00233362
         190     1.14219     1.10265  0.00233069
         191     1.07363      1.1025  0.00232344
         192     1.11776     1.10258  0.00231269
         193     1.12724     1.10271  0.00230424
         194     1.08506     1.10262  0.00229416
         195     1.08838     1.10255  0.00228355
         196     1.08815     1.10247  0.00227308
         197     1.08817      1.1024   0.0022627
         198     1.10958     1.10244  0.00225157
         199     1.11088     1.10248  0.00224065
         200     1.08998     1.10242  0.00223032
