1   15.1837    18.4135
2   15.1837    17.201
3   15.132    16.7101
4   13.6653    15.9123
5   11.7985    15.2438
6   11.697    14.0514
7   11.697    13.3045
8   11.6783    12.6467
9   11.6783    12.0399
10   11.5315    12.1408
11   11.5061    12.1025
12   11.214    11.9493
13   10.9478    11.9982
14   10.9391    11.5931
15   10.6422    11.5485
16   10.5161    11.1816
17   10.5161    11.033
18   10.3979    10.982
19   10.179    10.9489
20   9.90903    10.9237
21   9.90903    10.6185
22   9.90903    10.5934
23   9.82844    10.3358
24   9.31168    10.2697
25   9.31168    10.3468
26   9.31168    10.1516
27   9.03784    10.1775
28   8.6749    10.0225
29   8.6749    9.6714
30   8.40451    9.20231
31   8.40451    8.98224
32   8.35957    9.16442
33   8.35957    9.08524
34   8.35169    9.11214
35   8.322    8.96007
36   8.322    8.57907
37   8.21187    8.5187
38   8.1476    8.51603
39   7.92857    8.46193
40   7.75834    8.36314
41   7.75834    8.43389
42   7.75834    8.3327
43   7.75834    8.54808
44   7.60286    8.48773
45   7.53581    8.18979
46   7.34973    7.98215
47   7.34365    7.98364
48   7.34142    8.06368
49   7.34142    8.09906
50   7.14927    8.10732
51   7.14927    7.84164
52   7.14927    8.0089
53   7.14927    7.90009
54   7.14927    8.04311
55   6.96996    7.85413
56   6.77846    7.545
57   6.56201    7.37517
58   6.56201    7.32935
59   6.56201    7.2148
60   6.56201    7.4547
61   6.56201    7.34788
62   6.56201    7.06859
63   6.56201    7.0471
64   6.56201    6.97092
65   6.56201    7.00901
66   6.56201    7.1969
67   6.56201    7.22368
68   6.56201    7.2057
69   6.52577    7.10984
70   6.52577    6.96328
71   6.52577    7.02805
72   6.52577    7.186
73   6.52577    7.23998
74   6.52577    7.12195
75   6.52577    7.05504
76   6.51204    7.15697
77   6.51204    6.86874
78   6.51204    6.98983
79   6.51204    7.02465
80   6.38471    6.64063
81   6.38471    6.64751
82   6.38471    6.84303
83   6.33775    6.90086
84   6.33775    6.68643
85   6.15951    6.63926
86   6.15951    6.75358
87   6.15951    6.70871
88   6.15951    6.66272
89   6.15724    6.38106
90   6.15724    6.45623
91   6.11254    6.42942
92   6.11254    6.61429
93   6.11254    6.36711
94   6.11254    6.36299
95   6.11254    6.28892
96   6.11254    6.446
97   6.11028    6.39375
98   6.11028    6.54016
99   6.11028    6.53683
100   5.86797    6.35221
101   5.81942    6.41602
102   5.81942    6.48358
103   5.81942    6.55869
104   5.81942    6.21944
105   5.81942    6.35573
106   5.81942    6.38763
107   5.81942    6.22862
108   5.81942    6.28474
109   5.71558    6.20294
110   5.71558    6.23488
111   5.71558    6.30339
112   5.71558    6.46988
113   5.71558    6.11121
114   5.71558    6.07165
115   5.71558    6.12442
116   5.71558    5.99344
117   5.71558    5.8979
118   5.71558    6.01276
119   5.51959    5.98279
120   5.51959    5.95268
121   5.51959    6.06383
122   5.51959    5.98641
123   5.51959    6.02598
124   5.51959    5.87656
125   5.51959    5.80641
126   5.51959    5.92502
127   5.51959    5.87337
128   5.504    5.70942
129   5.504    5.64135
130   5.504    5.65469
131   5.504    5.70855
132   5.504    5.69179
133   5.504    5.59331
134   5.504    5.80898
135   5.504    5.80201
136   5.504    5.87663
137   5.504    6.22163
138   5.504    6.31834
139   5.504    6.13744
140   5.504    6.06422
141   5.504    5.77806
142   5.504    5.95704
143   5.504    5.89299
144   5.504    6.19379
145   5.504    5.88217
146   5.40504    5.62787
147   5.40504    5.58237
148   5.40504    5.62572
149   5.33298    5.76585
150   5.33298    5.63532
151   5.33298    5.84229
152   5.33298    5.667
153   5.33298    5.44765
154   5.33298    5.58528
155   5.33298    5.41134
156   5.33298    5.44236
157   5.33298    5.6263
158   5.33298    5.54519
159   5.33298    5.53976
160   5.33298    5.97127
161   5.28014    5.63388
162   5.28014    5.72767
163   5.28014    5.77168
164   5.28014    5.98542
165   5.28014    5.87838
166   5.28014    5.78085
167   5.28014    5.84624
168   5.28014    6.017
169   5.28014    6.01734
170   5.28014    5.62091
171   5.28014    5.77832
172   5.28014    5.67525
173   5.28014    5.57362
174   5.28014    5.67998
175   5.28014    5.97143
176   5.28014    5.95186
177   5.28014    5.84671
178   5.28014    5.92083
179   5.28014    5.74659
180   5.28014    5.74533
181   5.28014    5.83231
182   5.28014    6.34894
183   5.28014    6.01557
184   5.28014    5.84432
185   5.28014    5.8023
186   5.28014    5.54993
187   5.28014    5.47671
188   5.28014    5.54029
189   5.28014    5.77671
190   5.28014    6.04111
191   5.28014    5.91707
192   5.28014    5.77064
193   5.28014    5.89305
194   5.28014    5.79829
195   5.28014    5.5469
196   5.25118    5.51476
197   5.25118    5.46688
198   5.25118    5.56966
199   5.25118    5.68347
200   5.25118    5.86156
201   5.25118    6.03953
202   5.25118    5.90376
203   5.25118    6.28489
204   5.25118    6.13415
205   5.25118    6.25835
206   5.25118    6.11373
207   5.25118    6.34824
208   5.25118    6.17394
209   5.25118    6.12308
210   5.25118    6.02846
211   5.25118    5.74169
212   5.25118    5.72073
213   5.25118    5.40325
214   5.25118    5.60126
215   5.25118    5.76331
216   5.25118    5.74131
217   5.25118    5.69161
218   5.25118    5.68017
219   5.25118    5.5657
220   5.25118    5.44165
221   5.25118    5.54437
222   5.25118    5.54883
223   5.25118    5.57407
224   5.25118    5.63865
225   5.25118    5.57679
226   5.25118    5.90549
227   5.25118    5.84679
228   5.25118    5.58774
229   5.25118    5.63767
230   5.25118    5.4586
231   5.25118    5.59075
232   5.25118    5.56277
233   5.25118    5.2647
234   5.25118    5.3419
235   5.25118    5.35445
236   5.25118    5.53254
237   5.25118    5.6538
238   5.25118    5.59764
239   5.25118    5.47698
240   5.25118    5.50355
241   5.25118    5.32341
242   5.25118    5.5347
243   5.25118    5.52943
244   5.25118    5.46523
245   5.25118    5.45659
246   5.25118    5.60658
247   5.25118    5.64218
248   5.25118    5.66651
249   5.25118    5.73295
250   5.25118    5.75603
251   5.23086    5.52465
252   5.23086    5.47158
253   5.23086    5.4462
254   5.23086    5.53614
255   5.11334    5.6491
256   5.11334    5.64112
257   5.11334    5.98602
258   5.11334    5.80812
259   5.11334    5.68875
260   5.11334    5.54101
261   5.11334    5.40013
262   5.11334    5.46802
263   5.11334    5.39843
264   5.11334    5.30656
265   5.11334    5.5403
266   5.11334    5.61073
267   5.11334    5.57752
268   5.11334    5.49629
269   5.11334    5.33143
270   5.11334    5.45654
271   5.11334    5.41951
272   5.11334    5.45367
273   5.11334    5.58165
274   5.11334    5.67037
275   5.11334    5.38441
276   5.11334    5.4646
277   5.11334    5.20287
278   5.11206    5.2024
279   5.11206    5.36568
280   5.11206    5.27409
281   5.11206    5.15619
282   5.11206    5.14601
283   5.11206    5.53421
284   5.11206    5.27168
285   5.11206    5.42604
286   5.11206    5.38541
287   5.11206    5.18723
288   5.11206    5.34911
289   5.11206    5.35518
290   5.11206    5.59163
291   5.11206    5.69729
292   5.11206    5.46917
293   5.11206    5.67872
294   5.11206    5.52001
295   5.11206    5.60637
296   5.11206    5.29919
297   5.11206    5.2759
298   5.11206    5.12479
299   5.11206    5.18922
300   5.11206    5.2515
301   5.11206    5.57323
302   5.11206    5.52121
303   5.11206    5.49785
304   5.11206    5.31031
305   5.11206    5.48249
306   5.11206    5.64493
307   5.11206    5.74482
308   5.11206    5.73113
309   5.11206    5.60475
310   5.11206    5.29634
311   5.11206    5.26068
312   5.11206    5.57918
313   5.11206    5.38755
314   5.11206    5.26866
315   5.11206    5.38872
316   5.05185    5.43519
317   5.05185    5.31956
318   5.05185    5.4519
319   5.05185    5.82595
320   5.05185    5.53031
321   5.05185    5.53853
322   5.00033    5.56832
323   5.00033    5.27498
324   5.00033    5.24194
325   5.00033    5.13057
326   5.00033    5.39996
327   5.00033    5.38301
328   5.00033    5.37142
329   5.00033    5.25206
330   5.00033    5.25149
331   5.00033    5.19492
332   5.00033    5.3074
333   5.00033    5.11452
334   5.00033    5.1621
335   5.00033    5.13363
336   5.00033    5.17631
337   5.00033    5.5722
338   5.00033    5.49092
339   5.00033    5.21647
340   5.00033    5.35051
341   5.00033    5.41596
342   5.00033    5.19846
343   5.00033    5.13977
344   5.00033    5.04087
345   5.00033    5.05827
346   5.00033    5.39197
347   5.00033    5.2472
348   5.00033    5.48506
349   5.00033    5.2667
350   5.00033    5.48156
351   5.00033    5.54464
352   5.00033    5.55072
353   5.00033    5.40134
354   5.00033    5.39348
355   5.00033    5.21475
356   5.00033    5.03789
357   5.00033    5.00033
358   5.00033    5.02647
359   5.00033    5.00033
360   5.00033    5.05276
361   5.00033    5.08517
362   5.00033    5.29009
363   5.00033    5.07344
364   5.00033    5.08131
365   5.00033    5.03013
366   5.00033    5.00033
367   5.00033    5.13088
368   5.00033    5.07465
369   5.00033    5.16725
370   5.00033    5.34046
371   5.00033    5.3374
372   5.00033    5.27613
373   5.00033    5.26754
374   5.00033    5.49854
375   5.00033    5.46132
376   5.00033    5.278
377   5.00033    5.14532
378   5.00033    5.40048
379   5.00033    5.42238
380   5.00033    5.13273
381   5.00033    5.32655
382   5.00033    5.26592
383   5.00033    5.10139
384   5.00033    5.14647
385   5.00033    5.2707
386   5.00033    5.45175
387   5.00033    5.48465
388   5.00033    5.34827
389   5.00033    5.59476
390   5.00033    5.39951
391   5.00033    5.14805
392   5.00033    5.28535
393   5.00033    5.24285
394   5.00033    5.29016
395   5.00033    5.38646
396   5.00033    5.41137
397   5.00033    5.08197
398   5.00033    5.2111
399   5.00033    5.15774
400   5.00033    5.12778
401   5.00033    5.16929
402   5.00033    5.15821
403   5.00033    5.08078
404   5.00033    5.10543
405   5.00033    5.11517
406   5.00033    5.0912
407   5.00033    5.08573
408   5.00033    5.23877
409   5.00033    5.14912
410   5.00033    5.20587
411   5.00033    5.24641
412   5.00033    5.22409
413   5.00033    5.16602
414   5.00033    5.23506
415   5.00033    5.38145
416   5.00033    5.50164
417   5.00033    5.38092
418   5.00033    5.3695
419   5.00033    5.35623
420   5.00033    5.28417
421   5.00033    5.32505
422   5.00033    5.37592
423   5.00033    5.54999
424   5.00033    5.43049
425   5.00033    5.4798
426   5.00033    5.13046
427   5.00033    5.09487
428   5.00033    5.0188
429   5.00033    5.13027
430   5.00033    5.19625
431   5.00033    5.18125
432   5.00033    5.47366
433   5.00033    5.31893
434   5.00033    5.26226
435   5.00033    5.35815
436   5.00033    5.24827
437   5.00033    5.22734
438   5.00033    5.08505
439   5.00033    5.0265
440   5.00033    5.01786
441   5.00033    5.11201
442   5.00033    5.36054
443   5.00033    5.30656
444   5.00033    5.42716
445   5.00033    5.64655
446   5.00033    5.24639
447   5.00033    5.39719
448   5.00033    5.25329
449   5.00033    5.41469
450   5.00033    5.30109
451   5.00033    5.18226
452   5.00033    5.39985
453   5.00033    5.41237
454   5.00033    5.64051
455   5.00033    5.46265
456   5.00033    5.65369
457   5.00033    5.45941
458   5.00033    5.40283
459   5.00033    5.31176
460   5.00033    5.15239
461   5.00033    5.34503
462   5.00033    5.34889
463   5.00033    5.64712
464   5.00033    5.45777
465   5.00033    5.21735
466   5.00033    5.32416
467   5.00033    5.18154
468   5.00033    5.19132
469   5.00033    5.19667
470   5.00033    5.17476
471   5.00033    5.17486
472   5.00033    5.11744
473   5.00033    5.07637
474   5.00033    5.14362
475   5.00033    5.1808
476   5.00033    5.39477
477   5.00033    5.25738
478   5.00033    5.51326
479   5.00033    5.52575
480   5.00033    5.55311
481   5.00033    5.45257
482   5.00033    5.58505
483   5.00033    5.4866
484   5.00033    5.35503
485   5.00033    5.3945
486   5.00033    5.33125
487   5.00033    5.30187
488   5.00033    5.31972
489   5.00033    5.46514
490   5.00033    5.4644
491   5.00033    5.38828
492   5.00033    5.27901
493   5.00033    5.24576
494   5.00033    5.28629
495   5.00033    5.34392
496   5.00033    5.37169
497   5.00033    5.50118
498   5.00033    5.24866
499   5.00033    5.35416
500   5.00033    5.36328
