1   32.629    40.3243
2   31.0975    37.5807
3   30.877    36.023
4   30.877    34.5159
5   29.1181    32.9292
6   29.1181    31.6795
7   28.0125    31.0397
8   28.0125    29.9866
9   26.4903    28.9648
10   25.168    28.6689
11   25.168    27.8204
12   24.1952    26.9219
13   24.1952    26.3253
14   22.8302    24.9608
15   22.8157    24.699
16   22.1914    24.2033
17   19.7355    23.2534
18   19.7355    22.7487
19   19.7355    22.7841
20   19.7355    22.6851
21   19.7355    21.6471
22   19.4153    21.0371
23   19.0341    20.7094
24   19.0341    20.4673
25   18.2779    20.5841
26   18.2779    20.2151
27   18.0363    20.1991
28   17.6391    19.509
29   17.6391    19.1847
30   17.617    18.591
31   17.617    18.3309
32   17.617    18.8479
33   17.5025    19.0695
34   17.356    19.3444
35   17.0564    18.9898
36   17.0564    18.2325
37   17.0564    18.4397
38   16.9135    18.1979
39   16.6413    18.0244
40   13.7845    17.4041
41   13.7845    16.8279
42   13.7845    16.1006
43   13.7642    15.8519
44   13.7642    15.3938
45   13.7642    14.7463
46   13.7642    15.0983
47   13.7642    14.5175
48   13.7642    14.6098
49   12.9339    14.9168
50   12.9339    15.2768
51   12.9339    14.6221
52   12.9339    14.7806
53   12.9245    14.249
54   12.9245    14.8326
55   12.9245    14.6443
56   12.9245    14.5608
57   12.9245    14.5445
58   12.9245    14.6366
59   12.9245    13.5752
60   12.7842    14.0004
61   12.7842    14.2136
62   11.9717    14.1548
63   11.9717    13.2928
64   11.1815    13.8195
65   11.1618    13.2229
66   10.9805    12.3828
67   10.9805    12.3324
68   10.5446    12.2157
69   10.0613    11.9859
70   10.0378    11.6215
71   10.024    11.8545
72   10.024    12.1823
73   10.024    13.2877
74   9.99466    12.6496
75   9.99466    12.5616
76   9.99466    12.6673
77   9.99466    11.892
78   9.99466    12.2779
79   9.76294    12.0099
80   9.76294    10.9584
81   9.76294    11.0586
82   9.76294    11.7183
83   9.76294    11.7752
84   9.58778    11.0258
85   9.58778    10.3319
86   9.58778    10.3234
87   9.58778    10.2464
88   9.58102    10.5581
89   9.58102    10.0006
90   9.58102    10.0316
91   9.58102    10.0185
92   9.58102    11.2778
93   9.58102    10.7561
94   9.58102    10.1916
95   9.58035    10.3335
96   9.58035    10.486
97   9.58035    10.2555
98   9.58035    10.9624
99   9.58035    10.4697
100   9.50399    10.6144
101   9.50399    10.7758
102   9.50399    10.5805
103   9.48604    10.8684
104   9.12001    9.66221
105   9.12001    10.0481
106   9.12001    10.5646
107   9.07459    10.5611
108   9.07039    10.7211
109   9.07039    10.681
110   9.07039    10.4447
111   9.07039    10.3713
112   9.07039    11.1053
113   9.07039    10.0802
114   9.07039    9.67242
115   9.07039    9.57749
116   8.78874    9.49949
117   8.78454    9.43133
118   8.78454    9.7672
119   8.78454    9.46624
120   8.64552    9.04576
121   8.64552    9.05924
122   8.64552    9.0057
123   8.64552    9.00829
124   8.64552    9.40144
125   8.57953    9.52503
126   8.57953    9.605
127   7.87098    9.50956
128   7.87098    8.92659
129   7.50672    9.3399
130   7.50672    9.46991
131   7.50672    9.60111
132   7.50672    9.58608
133   6.79817    8.6298
134   6.79817    9.14625
135   6.79817    9.42147
136   6.79817    9.21399
137   6.79817    8.58813
138   6.79817    8.5266
139   6.79817    7.65375
140   6.79817    7.51636
141   6.79817    7.19131
142   6.79817    7.3629
143   6.79817    7.46963
144   6.79817    7.81027
145   6.79817    7.24792
146   6.79817    6.83965
147   6.79817    6.87366
148   6.79817    6.99441
149   6.79817    7.02613
150   6.79817    7.07185
151   6.79817    7.29953
152   6.79817    7.13208
153   6.79817    7.34424
154   6.79817    7.48034
155   6.79817    6.97477
156   6.79817    7.00839
157   6.79817    7.16783
158   6.79817    7.08553
159   6.79817    7.18379
160   6.79817    7.75248
161   6.79817    7.7369
162   6.79817    8.22007
163   6.79817    8.55508
164   6.79817    9.11587
165   6.79817    8.53172
166   6.55029    7.76051
167   6.55029    8.13994
168   6.55029    8.19547
169   6.55029    8.27344
170   6.55029    7.69924
171   6.47394    8.11338
172   6.47394    7.95092
173   6.47394    7.37776
174   6.47393    6.87232
175   6.47393    7.53446
176   6.47393    7.3752
177   6.47393    7.5191
178   6.47393    7.38307
179   6.47393    7.70019
180   6.47393    8.00987
181   6.47393    8.47521
182   6.47393    10.0158
183   6.47393    9.35337
184   6.47393    9.44797
185   6.47393    9.04576
186   6.47393    7.67569
187   6.47393    7.49394
188   6.47393    7.2913
189   6.47393    7.82971
190   6.47393    8.23415
191   6.47393    7.87937
192   6.47393    7.47798
193   6.47393    8.2223
194   6.47393    7.54585
195   6.47393    7.40675
196   6.47393    7.04361
197   6.47393    6.83646
198   6.47393    7.02829
199   6.47393    7.22369
200   6.47393    7.4662
201   6.47393    8.08761
202   6.47393    7.73133
203   6.47393    8.73429
204   6.47393    8.12107
205   6.47393    8.43165
206   6.47393    8.31665
207   6.47393    8.89729
208   6.47393    8.39781
209   6.47393    8.24456
210   6.47393    7.94167
211   6.47393    7.5921
212   6.47393    7.55282
213   6.47393    6.71675
214   6.47393    7.24484
215   6.47393    7.52547
216   6.47393    7.52333
217   6.47393    7.91478
218   6.47393    7.57003
219   6.47393    7.03878
220   6.47393    6.81514
221   6.47393    6.9388
222   6.47393    7.20561
223   6.45646    6.86491
224   6.45646    7.03647
225   6.45646    7.4352
226   6.45646    8.57671
227   6.45646    8.23884
228   6.45646    7.33932
229   6.45646    7.51243
230   6.45646    7.3459
231   6.45646    7.42836
232   6.45646    6.98735
233   6.45646    6.49397
234   6.45646    6.69686
235   6.45646    6.49453
236   6.45646    7.08752
237   6.45646    7.71888
238   6.45646    7.6199
239   6.45646    8.03062
240   6.45646    8.63997
241   6.45646    8.20991
242   6.45646    8.38167
243   6.45646    8.56999
244   6.45646    8.43358
245   6.45646    8.02713
246   6.45646    8.28605
247   6.45646    8.11831
248   6.45646    8.13609
249   6.45646    8.30303
250   6.45646    8.25992
251   6.45646    7.72221
252   6.45646    7.04502
253   6.45646    7.0383
254   6.45646    7.45346
255   6.45646    7.36983
256   6.45646    7.2869
257   6.45646    7.98787
258   6.45646    7.27991
259   6.45646    7.31019
260   6.45646    7.42297
261   6.45646    7.6911
262   6.45646    7.7928
263   6.45646    7.17941
264   6.45646    6.81483
265   6.45646    7.41327
266   6.45646    7.69986
267   6.45646    7.34487
268   6.45646    7.09772
269   6.45646    7.20187
270   6.45646    7.43601
271   6.45646    7.4647
272   6.45646    7.30457
273   6.45646    7.49306
274   6.45646    7.65715
275   6.45646    7.59975
276   6.45646    7.8725
277   6.45646    7.82313
278   6.45646    7.31146
279   6.45646    6.65044
280   6.45646    7.43593
281   6.45646    6.93326
282   6.45646    6.84722
283   6.45646    7.92439
284   6.45646    7.54204
285   6.45646    7.52596
286   6.45646    7.41317
287   6.45646    6.74558
288   6.45646    7.2172
289   6.45646    7.14577
290   6.45646    7.92171
291   6.45646    7.62706
292   6.45646    7.37892
293   6.45646    7.62258
294   6.45646    7.30934
295   6.45646    7.67534
296   6.45646    7.10508
297   6.45646    7.07082
298   6.45646    6.50912
299   6.45646    6.66052
300   6.45646    7.22725
301   6.45646    7.1819
302   6.45646    7.37167
303   6.45646    7.18763
304   6.45646    6.88599
305   6.45646    6.99572
306   6.45646    7.72768
307   6.45646    7.8653
308   6.45646    8.1995
309   6.45646    7.7786
310   6.45646    7.08289
311   6.45646    6.84791
312   6.45646    7.47888
313   6.45646    7.00135
314   6.45646    6.89248
315   6.45646    7.02078
316   6.45646    7.31479
317   6.45646    7.21065
318   6.45646    7.54161
319   6.45646    7.62561
320   6.45646    7.85152
321   6.45646    7.89284
322   6.45646    8.172
323   6.45646    7.50893
324   6.45646    7.20484
325   6.45646    7.6583
326   6.45646    7.518
327   6.45646    7.63175
328   6.45646    7.28199
329   6.45646    7.49428
330   6.45646    7.05873
331   6.45646    7.02519
332   6.45646    7.39696
333   6.45646    6.80656
334   6.45646    7.26938
335   6.45646    6.6547
336   6.45646    6.70543
337   6.45646    7.31242
338   6.45646    7.47352
339   6.45646    6.85633
340   6.45646    6.69938
341   6.45646    7.47145
342   6.45646    7.01112
343   6.45646    6.97651
344   6.45646    6.76282
345   6.45646    6.63072
346   6.45646    7.00693
347   6.45646    6.73675
348   6.45646    7.09738
349   6.45646    6.58643
350   6.45646    7.03399
351   6.45646    7.2933
352   6.45646    7.43427
353   6.45646    7.20998
354   6.45646    6.64719
355   6.45646    6.77377
356   6.45646    6.47372
357   6.45646    6.47867
358   6.45646    6.51413
359   6.45646    6.45945
360   6.45646    6.55463
361   6.45646    6.72352
362   6.45646    6.98972
363   6.45646    6.7355
364   6.45646    6.8827
365   6.45646    6.73676
366   6.45646    6.54923
367   6.45646    7.00743
368   6.45646    6.92316
369   6.45646    7.35713
370   6.45646    7.73668
371   6.45646    7.65701
372   6.45646    7.37249
373   6.45646    7.17445
374   6.45646    6.88379
375   6.45646    7.20466
376   6.45646    7.04205
377   6.45646    6.6465
378   6.45646    7.11707
379   6.45646    7.23873
380   6.45646    6.56742
381   6.45646    7.37805
382   6.45646    7.10355
383   6.45646    6.62965
384   6.45646    6.83356
385   6.45646    7.46381
386   6.45646    7.83449
387   6.45646    8.05076
388   6.45646    7.28894
389   6.45646    7.4571
390   6.45646    7.34158
391   6.45646    6.86079
392   6.45646    7.19116
393   6.45646    7.48283
394   6.45646    7.35451
395   6.45646    8.06396
396   6.45646    7.75307
397   6.45646    7.09112
398   6.45646    6.67255
399   6.45646    6.96
400   6.45646    7.12173
401   6.45646    6.89413
402   6.45646    6.77152
403   6.45646    6.83831
404   6.45646    6.97477
405   6.45646    6.96326
406   6.45646    7.13502
407   6.45646    6.86081
408   6.45646    7.08483
409   6.45646    6.66461
410   6.45646    6.95556
411   6.45646    6.90564
412   6.45646    6.82374
413   6.45646    6.70087
414   6.45646    7.08624
415   6.45646    7.37424
416   6.45646    7.50845
417   6.45646    6.91102
418   6.45646    7.00573
419   6.42002    7.14013
420   6.42002    6.99483
421   6.42002    7.06519
422   6.42002    7.28171
423   6.42002    7.92267
424   6.42002    7.86625
425   6.42002    7.83073
426   6.42002    7.4556
427   6.42002    7.27803
428   6.42002    7.49819
429   6.42002    7.83113
430   6.42002    8.1553
431   6.42002    7.93886
432   6.42002    8.37887
433   6.42002    7.69703
434   6.42002    7.2207
435   6.42002    8.14515
436   6.42002    7.96554
437   6.42002    6.81832
438   6.42002    6.55899
439   6.42002    6.48353
440   6.42002    6.42002
441   6.42002    6.77333
442   6.42002    7.63184
443   6.42002    7.3325
444   6.42002    7.41494
445   6.42002    7.69739
446   6.42002    7.29723
447   6.42002    7.37315
448   6.42002    6.87152
449   6.42002    7.06329
450   6.42002    7.25934
451   6.42002    7.02376
452   6.42002    6.76603
453   6.42002    7.0853
454   6.42002    6.87853
455   6.42002    7.36927
456   6.42002    7.93065
457   6.42002    7.28449
458   6.42002    7.23201
459   6.42002    7.07893
460   6.42002    6.47317
461   6.42002    6.7491
462   6.42002    7.42456
463   6.42002    7.62879
464   6.42002    7.45234
465   6.42002    7.45566
466   6.42002    7.38192
467   6.42002    7.07278
468   6.42002    7.25082
469   6.42002    6.96511
470   6.42002    6.67432
471   6.42002    6.72358
472   6.42002    6.50254
473   6.42002    6.4987
474   6.42002    6.58355
475   6.42002    6.63053
476   6.42002    7.11212
477   6.42002    7.32666
478   6.42002    6.91052
479   6.42002    6.96565
480   6.42002    7.02868
481   6.42002    6.96166
482   6.42002    7.16886
483   6.42002    6.95897
484   6.42002    7.10175
485   6.42002    7.00735
486   6.42002    7.56944
487   6.42002    7.2415
488   6.42002    7.50151
489   6.42002    7.87163
490   6.42002    7.53434
491   6.42002    7.4489
492   6.42002    6.93235
493   6.42002    6.76654
494   6.42002    6.61595
495   6.42002    6.42002
496   6.42002    6.49831
497   6.42002    7.43036
498   6.42002    7.4556
499   6.42002    7.5403
500   6.42002    7.52744
