1   428.263    490.609
2   427.231    469.855
3   424.124    460.243
4   402.154    439.785
5   396.89    431.42
6   385.86    419.157
7   385.433    408.92
8   376.153    399.497
9   369.097    391.004
10   367.47    384.124
11   365.761    379.156
12   350.932    374.595
13   345.181    368.019
14   340.032    362.039
15   334.155    354.642
16   322.88    348.502
17   319.515    340.108
18   317.523    334.734
19   316.036    327.102
20   306.451    324.448
21   300.896    320.832
22   300.197    315.519
23   293.817    311.934
24   293.146    307.556
25   293.146    302.777
26   291.115    299.636
27   287.131    297.659
28   287.131    296.397
29   285.6    294.242
30   280.1    292.988
31   277.822    289.764
32   271.634    288.317
33   266.368    283.561
34   266.368    280.746
35   264.76    279.061
36   263.923    275.366
37   262.532    272.74
38   260.057    270.545
39   251.58    267.847
40   250.746    264.365
41   250.746    262.701
42   244.468    260.584
43   244.468    258.226
44   244.458    254.241
45   240.611    253.257
46   240.601    250.708
47   238.44    249.868
48   238.44    247.576
49   235.567    245.117
50   235.262    242.004
51   233.818    240.591
52   232.154    239.043
53   230.893    237.698
54   229.331    237.502
55   228.265    237.305
56   227.266    235.973
57   227.266    234.393
58   222.019    234.502
59   222.019    231.006
60   220.851    229.914
61   220.851    228.563
62   212.479    227.157
63   212.479    224.616
64   210.744    220.963
65   210.744    219.245
66   209.827    217.392
67   209.699    215.77
68   209.699    216.243
69   208.848    215.765
70   208.848    215.408
71   207.616    212.656
72   202.052    212.212
73   201.072    210.821
74   201.072    210.863
75   199.719    207.288
76   199.719    206.493
77   198.833    205.367
78   198.68    204.274
79   197.063    202.387
80   197.035    203.445
81   196.767    202.199
82   194.733    201.75
83   194.733    203.343
84   193.034    202.927
85   191.355    203.583
86   189.716    203.493
87   188.722    203.248
88   187.773    203.162
89   187.773    203.193
90   184.387    202.682
91   184.387    199.436
92   183.121    196.411
93   183.121    191.665
94   181.848    190.54
95   180.582    190.21
96   179.496    186.858
97   178.038    185.726
98   178.038    184.438
99   178.038    183.859
100   176.734    184.717
101   176.734    180.525
102   176.734    180.938
103   176.734    179.424
104   175.194    178.545
105   175.029    178.942
106   175.029    178.146
107   175.029    178.248
108   174.502    179.642
109   173.425    178.029
110   173.425    178.152
111   171.01    178.262
112   170.369    177.058
113   170.345    175.506
114   169.115    176.317
115   167.204    177.355
116   165.629    174.743
117   165.078    173.298
118   163.824    172.402
119   163.824    171.104
120   163.824    170.532
121   163.824    169.642
122   163.56    168.276
123   162.808    166.634
124   162.129    167.162
125   160.055    165.23
126   157.03    164.107
127   154.956    162.974
128   154.956    162.284
129   154.956    160.875
130   154.956    159.652
131   152.52    159.758
132   152.52    159.886
133   151.519    158.526
134   151.519    156.66
135   151.519    155.418
136   150.277    154.188
137   147.984    154.452
138   147.984    153.964
139   147.984    153.814
140   147.984    155.232
141   147.79    152.729
142   146.924    151.592
143   145.483    151.502
144   145.483    149.858
145   145.483    149.726
146   145.287    149.917
147   144.584    150.551
148   143.801    149.316
149   143.801    147.462
150   142.27    147.738
151   142.27    147.323
152   140.588    146.395
153   140.588    145.176
154   140.346    144.478
155   138.954    145.033
156   138.954    142.478
157   138.812    142.683
158   136.823    142.329
159   136.823    141.567
160   136.627    141.598
161   136.627    140.659
162   136.266    140.783
163   136.266    139.728
164   136.266    138.254
165   136.128    138.362
166   135.551    137.886
167   135.407    137.747
168   135.407    138.404
169   134.734    137.65
170   134.331    138.005
171   134.019    138.079
172   133.941    137.515
173   133.904    136.38
174   132.716    136.288
175   132.716    136.252
176   132.716    136.995
177   130.911    136.203
178   130.192    135.09
179   130.192    135.009
180   130.161    134.187
181   129.637    134.229
182   129.175    132.864
183   129.175    133.36
184   128.919    133.862
185   128.124    132.967
186   128.124    132.866
187   126.934    131.752
188   126.934    131.422
189   126.797    131.335
190   126.797    130.608
191   126.458    130.146
192   125.884    130.329
193   125.884    130.291
194   125.512    130.309
195   124.937    129.92
196   124.197    129.175
197   124.197    127.638
198   124.197    127.642
199   123.998    127.596
200   123.622    126.252
201   122.372    126.246
202   122.372    125.739
203   121.863    125.054
204   121.863    126.166
205   121.666    124.874
206   121.516    122.761
207   121.293    122.95
208   121.017    124.992
209   121.017    125.212
210   121.017    125.608
211   121.017    124.831
212   121.017    123.719
213   121.017    124.169
214   121.017    124.279
215   121.017    125.033
216   121.017    124.701
217   120.272    124.095
218   120.272    124.766
219   120.269    124.899
220   120.269    126.006
221   119.845    127.035
222   119.841    126.259
223   119.841    125.272
224   119.77    124.662
225   119.77    124.146
226   119.211    124.276
227   119.013    124.986
228   118.549    124.224
229   118.506    124.415
230   118.506    124.388
231   118.506    124.802
232   118.506    124.394
233   118.434    121.942
234   118.434    121.958
235   117.981    122.965
236   117.981    122.578
237   117.361    122.054
238   117.286    122.09
239   117.286    122.403
240   114.898    121.644
241   114.898    122.604
242   114.898    122.126
243   114.898    121.287
244   114.898    121.336
245   114.898    120.578
246   114.898    120.67
247   114.606    120.56
248   114.606    119.807
249   114.068    118.067
250   113.59    118.851
251   113.472    118.003
252   113.298    118.806
253   113.298    120.317
254   113.298    119.476
255   113.298    119.495
256   113.298    118.605
257   112.978    119.527
258   112.686    117.545
259   112.686    116.985
260   112.686    117.517
261   112.686    116.896
262   112.686    114.63
263   111.527    114.494
264   111.527    116.097
265   111.527    115.013
266   111.359    115.604
267   111.359    115.493
268   111.359    115.45
269   110.551    116.277
270   110.551    116.493
271   110.551    115.425
272   110.551    114.994
273   110.551    114.652
274   110.551    115.307
275   110.519    114.3
276   110.519    115.707
277   110.519    113.953
278   110.519    114.134
279   109.932    112.817
280   109.9    113.474
281   109.781    115.691
282   109.781    114.938
283   109.413    116.843
284   109.413    115.054
285   109.202    115.912
286   108.019    114.287
287   107.551    115.598
288   105.7    113.567
289   105.7    112.946
290   105.7    112.987
291   105.7    112.036
292   105.7    111.07
293   105.7    111.519
294   105.529    111.17
295   105.529    109.687
296   105.529    110.023
297   105.529    108.921
298   105.529    107.125
299   105.529    108.81
300   105.402    108.682
301   100.776    108.018
302   100.776    107.844
303   100.776    109.384
304   100.776    111.155
305   100.776    111.902
306   100.776    110.761
307   100.776    113.136
308   100.776    111.875
309   100.776    111.924
310   100.776    110.95
311   100.776    107.932
312   100.662    105.971
313   100.662    104.976
314   100.604    103.051
315   100.604    103.854
316   100.309    102.325
317   99.9181    102.59
318   99.8608    101.913
319   99.8608    101.107
320   99.8608    102.751
321   99.8608    101.238
322   99.8608    100.944
323   99.8608    101.852
324   99.8608    102.299
325   99.6342    102.296
326   99.6342    101.893
327   99.6342    102.105
328   99.6342    102.293
329   99.6342    101.996
330   99.6342    102.554
331   99.3598    104.354
332   99.1332    105.531
333   99.0322    104.843
334   99.0322    103.867
335   99.0322    103.126
336   98.7214    102.641
337   98.5179    104.189
338   98.2901    103.653
339   98.2901    104.778
340   98.2901    106.097
341   98.2901    102.84
342   98.2901    103.224
343   98.2901    102.611
344   98.2901    102.528
345   98.2901    102.351
346   98.182    100.499
347   98.182    101.021
348   98.0963    100.571
349   97.6567    100.21
350   97.6567    101.069
351   97.6567    101.539
352   97.6567    100.479
353   97.6567    100.25
354   97.6567    100.923
355   97.2869    100.289
356   97.1086    99.9334
357   97.1086    99.8368
358   97.1086    101.184
359   97.1086    99.7889
360   96.9815    100.127
361   96.7389    100.33
362   96.7389    100.199
363   96.7389    99.7958
364   96.3721    100.397
365   96.0615    102.716
366   95.6948    103.418
367   95.6948    100.975
368   95.6948    101.92
369   95.6948    101.062
370   95.6948    100.049
371   95.6948    100.737
372   95.6948    98.7893
373   95.6948    97.8921
374   95.6948    99.6465
375   95.6948    98.9665
376   95.6948    98.3107
377   95.3562    99.4465
378   95.3562    97.5047
379   95.3562    99.893
380   94.5369    98.0857
381   94.5369    98.0372
382   94.5369    98.6272
383   94.5369    97.8781
384   94.5369    98.4594
385   94.5369    97.7195
386   94.5369    96.8552
387   94.5369    98.0844
388   94.5369    97.6723
389   94.4049    96.4806
390   94.4049    97.5566
391   94.4049    98.0977
392   94.4049    97.35
393   94.4049    97.9388
394   94.4049    98.8475
395   94.2524    100.03
396   94.2524    100.962
397   94.2524    100.896
398   93.9885    100.419
399   93.9885    97.3786
400   93.9885    97.4366
401   93.9885    97.1231
402   93.9885    97.3404
403   93.9885    98.0197
404   93.2632    96.1987
405   93.2632    98.4801
406   93.2632    98.0271
407   93.2632    97.2035
408   93.2632    96.1469
409   93.2632    97.7388
410   93.2632    96.4786
411   93.0047    97.2265
412   93.0047    95.642
413   93.0047    95.2192
414   93.0047    95.6698
415   93.0047    95.8096
416   91.8746    95.1873
417   91.8746    96.0663
418   91.8746    95.4839
419   91.5732    94.2928
420   91.5732    94.7821
421   91.3659    94.7448
422   91.3659    93.5741
423   90.9818    93.9667
424   90.6804    92.8875
425   90.384    93.315
426   90.0826    92.2902
427   90.0826    93.2223
428   90.0826    92.7339
429   89.7315    92.862
430   89.7315    93.0506
431   89.7315    93.2709
432   89.7315    92.5666
433   89.3902    92.3269
434   89.0391    93.309
435   89.0391    92.6568
436   89.0391    92.2949
437   89.0391    91.3514
438   89.0391    90.9943
439   88.7088    89.9646
440   88.7088    90.6294
441   88.7088    90.4459
442   88.7088    90.0003
443   88.7088    90.9212
444   88.6979    90.7099
445   88.6979    91.1241
446   88.6979    91.109
447   88.6979    90.1898
448   88.6303    89.9968
449   88.6303    91.8854
450   88.6303    92.1812
451   88.6303    92.3051
452   88.6303    91.0608
453   88.6303    92.4154
454   88.6303    92.8597
455   87.9198    91.8923
456   87.9198    91.3016
457   87.9198    90.7038
458   87.9198    91.7857
459   87.9198    90.7565
460   87.9198    89.777
461   87.9198    90.9111
462   87.9198    90.2665
463   87.9198    90.072
464   87.3731    89.6013
465   87.3731    92.0198
466   87.3731    91.6923
467   87.3731    90.7235
468   87.3731    90.1294
469   87.3731    90.8475
470   87.3731    90.5993
471   87.3731    91.5777
472   87.3086    89.6991
473   87.3086    90.1118
474   87.047    91.4011
475   87.047    92.4784
476   87.047    94.0434
477   87.047    93.2327
478   86.9824    92.5485
479   86.9824    90.5844
480   86.9824    90.6432
481   86.9824    90.8382
482   86.9824    90.6435
483   86.9824    89.8022
484   86.9824    89.7766
485   86.9824    91.0983
486   86.1694    92.1648
487   86.1694    91.3989
488   86.1694    92.553
489   86.1694    90.378
490   86.1694    88.6619
491   86.1694    90.3022
492   86.1694    89.3262
493   86.1694    89.1887
494   86.1694    89.5386
495   86.1694    88.0937
496   85.8659    87.5447
497   85.8659    86.8824
498   85.8659    88.3758
499   85.8659    88.0961
500   85.8659    89.6181
501   81.6002    89.6633
502   81.6002    87.3494
503   81.5428    87.1427
504   81.5428    88.5031
505   81.5428    87.4912
506   81.5428    86.8841
507   81.5428    87.8394
508   81.5428    88.4718
509   81.5428    89.7974
510   81.5428    88.6015
511   81.5428    88.3358
512   81.5428    86.8565
513   81.5428    85.9786
514   81.5428    84.2226
515   81.5428    84.1517
516   81.5428    84.0989
517   81.5428    84.57
518   81.5428    84.9326
519   81.5428    84.823
520   81.5428    84.4657
521   81.4258    83.4713
522   81.4258    84.5755
523   81.4258    87.1589
524   81.4258    84.8134
525   81.4258    83.6267
526   81.4258    84.0059
527   81.4258    84.0972
528   81.4258    85.3071
529   81.4258    86.6348
530   81.4258    86.0158
531   81.4258    85.6108
532   81.4258    85.6406
533   81.4258    84.9249
534   81.4258    83.2442
535   81.4258    82.5493
536   81.341    83.5406
537   81.341    83.7999
538   81.341    84.1044
539   81.341    84.7548
540   81.0825    86.2727
541   81.0825    86.359
542   81.0825    86.3616
543   81.0825    85.4071
544   81.0825    86.4573
545   81.0825    85.0516
546   81.0825    83.2741
547   81.0825    83.4091
548   81.0825    84.2193
549   80.9397    84.3896
550   80.9397    84.303
551   80.9397    85.0165
552   80.9397    84.7984
553   80.9397    82.0205
554   80.9397    81.9901
555   80.9397    82.5968
556   80.9397    84.128
557   80.7408    83.5175
558   80.7408    82.5716
559   80.7408    82.9087
560   80.7408    82.4273
561   80.7408    82.8059
562   80.7408    81.878
563   80.7408    82.4988
564   80.7408    83.0855
565   80.7408    84.6615
566   80.7408    82.6666
567   80.7408    82.1562
568   80.7408    83.0116
569   80.7408    82.8923
570   80.7408    82.891
571   80.7408    83.8464
572   80.7408    83.8938
573   80.7408    82.4295
574   80.5063    82.9122
575   80.5063    85.1924
576   80.5063    85.1555
577   80.5063    84.7759
578   80.5063    81.8917
579   80.1645    81.9835
580   80.1645    81.8676
581   80.1645    81.8185
582   80.1645    82.7055
583   80.1645    81.0321
584   79.4676    81.2103
585   79.4676    81.4566
586   79.4676    81.9792
587   79.4676    80.706
588   79.4676    81.0156
589   79.4676    82.9863
590   79.4676    84.692
591   79.4676    85.6927
592   79.4676    86.3042
593   79.4676    88.1015
594   79.4676    87.5311
595   79.1283    83.8452
596   79.1283    82.7729
597   79.1283    84.0214
598   79.1283    82.7451
599   79.1283    83.2127
600   79.0852    82.6509
601   74.0235    83.2688
602   74.0235    83.1669
603   74.0235    83.579
604   74.0235    85.1139
605   74.0235    88.4691
606   74.0235    87.1272
607   74.0235    86.5191
608   74.0235    85.1561
609   74.0235    85.7155
610   74.0235    84.0749
611   74.0235    82.7557
612   74.0235    82.1834
613   74.0235    80.4874
614   74.0235    82.0958
615   74.0235    79.4056
616   74.0235    80.1103
617   73.8806    79.3548
618   73.8806    79.1224
619   73.8806    76.8907
620   73.8806    77.3959
621   73.8806    78.8619
622   73.8806    78.6762
623   73.8806    78.0625
624   73.8806    77.4728
625   73.8806    76.8884
626   73.8806    76.9163
627   73.8806    76.3417
628   73.8806    76.3383
629   73.8806    77.6338
630   73.4917    77.7788
631   73.313    77.1574
632   73.313    77.1264
633   73.313    75.8048
634   72.9241    75.5915
635   72.9241    77.05
636   72.9241    78.892
637   72.9241    77.52
638   72.9241    79.3044
639   72.9241    77.8444
640   72.9241    77.3168
641   72.9241    77.3225
642   72.9241    74.9605
643   72.9241    74.5309
644   72.9241    73.9042
645   72.9241    74.433
646   72.9241    73.6637
647   72.9241    74.6129
648   72.9241    74.8181
649   72.9241    76.7745
650   72.7204    73.9725
651   72.7204    75.966
652   72.7204    75.8527
653   72.7204    74.4686
654   72.7204    73.8804
655   72.7204    73.9909
656   72.7204    74.5419
657   72.7204    75.5155
658   72.7204    74.1733
659   72.7204    74.1551
660   72.7204    74.6332
661   72.7204    75.5925
662   72.7204    75.2196
663   72.7204    75.2174
664   72.7204    75.8821
665   72.7204    75.9419
666   72.7204    76.657
667   72.7204    75.202
668   72.7204    75.3502
669   72.7204    76.4077
670   72.7204    75.4748
671   72.7204    76.363
672   72.7204    76.6358
673   72.341    76.2767
674   72.341    76.9065
675   72.341    76.1696
676   72.341    76.6532
677   72.341    75.4317
678   72.341    74.9694
679   72.341    76.2611
680   72.341    77.5809
681   72.341    77.0713
682   72.341    75.4866
683   72.341    75.4626
684   72.341    75.6006
685   72.341    77.2855
686   72.341    74.9093
687   72.341    75.0212
688   72.341    74.3083
689   72.341    74.5826
690   72.341    78.0872
691   72.341    75.7261
692   72.341    76.2894
693   72.341    74.6306
694   72.341    73.3071
695   72.341    75.1157
696   72.341    74.9972
697   72.341    75.3304
698   72.341    75.2216
699   72.341    75.3959
700   72.341    74.2011
701   72.0343    75.09
702   71.8915    74.8189
703   71.6879    74.3471
704   71.6879    73.7858
705   71.6879    74.289
706   71.6879    74.9286
707   71.6879    75.2722
708   71.6879    74.6323
709   71.6879    74.529
710   71.6879    73.9758
711   71.6879    73.1396
712   71.6879    73.9496
713   71.6879    74.2425
714   71.6879    74.7878
715   71.6879    73.8666
716   71.6879    72.4154
717   71.6879    74.0399
718   71.6879    75.3787
719   71.6397    76.5997
720   71.6397    75.2473
721   71.6397    73.5679
722   71.6397    73.5105
723   71.6397    74.8441
724   71.6397    75.3721
725   71.6397    75.6195
726   71.6397    76.7408
727   71.6397    76.4762
728   71.0834    75.7516
729   71.0834    76.2461
730   71.0834    75.3297
731   71.0834    75.2351
732   71.0834    76.4612
733   71.0834    76.4229
734   71.0834    75.6425
735   71.0834    75.9035
736   71.0834    73.9496
737   71.0834    74.9581
738   71.0834    76.1491
739   71.0834    77.1724
740   71.0834    76.0651
741   71.0834    75.1546
742   71.0834    75.6774
743   71.0834    74.1428
744   70.7889    74.6615
745   70.7889    73.7043
746   70.5691    74.6815
747   70.5691    73.6916
748   70.2746    74.2641
749   70.2746    74.3811
750   70.2746    72.8723
751   70.2746    74.9667
752   70.2746    74.1184
753   70.2746    73.1896
754   70.2746    73.3954
755   70.2746    75.359
756   70.2746    73.757
757   70.2746    74.3289
758   70.2746    73.0353
759   70.2746    73.4062
760   70.2746    71.9784
761   70.2746    73.4814
762   70.2746    73.2421
763   70.2746    72.5263
764   70.2746    73.3923
765   70.2746    73.6149
766   70.2746    73.9114
767   70.2746    73.1941
768   70.2746    72.1082
769   70.2746    73.7855
770   70.2746    73.279
771   70.2746    73.0853
772   70.2746    73.4006
773   70.2746    72.0976
774   70.2746    73.5677
775   70.2746    74.3387
776   70.2746    73.6021
777   69.7376    72.1368
778   69.7376    72.8591
779   69.7376    74.2878
780   69.7376    74.161
781   69.7376    73.7238
782   69.7376    73.0879
783   69.7376    74.9148
784   69.7376    73.2135
785   69.7376    73.4232
786   69.7376    72.977
787   69.7376    72.7922
788   69.7376    73.5557
789   69.7376    73.5253
790   69.7376    73.5011
791   69.7376    74.0501
792   69.7376    73.3882
793   69.7376    73.9519
794   69.7376    74.0914
795   69.7376    72.7914
796   69.7376    71.9726
797   69.7376    72.799
798   69.7376    73.6566
799   69.5855    73.1171
800   69.5855    72.0192
801   69.5855    72.6246
802   69.5855    72.7276
803   69.5855    73.3906
804   68.422    73.5374
805   68.3617    72.3821
806   68.3617    73.4115
807   68.3617    73.8295
808   68.3617    73.3208
809   68.3617    71.4712
810   68.3617    71.9648
811   68.1648    71.5529
812   68.1648    70.7159
813   68.1648    71.5866
814   68.1648    72.5055
815   68.1648    72.0195
816   68.1648    73.0273
817   68.1648    72.8608
818   68.1648    73.9
819   68.1648    73.2568
820   68.1648    71.4142
821   68.1648    70.7466
822   68.1648    70.6435
823   68.1648    70.3919
824   68.1648    71.0544
825   68.1648    71.0793
826   68.1648    71.6701
827   68.1648    71.7192
828   68.1648    69.8665
829   68.1648    71.1376
830   68.1648    71.3079
831   68.1648    69.9985
832   68.1648    69.5963
833   68.1648    69.2922
834   68.1648    70.1065
835   68.1648    70.6915
836   68.1648    70.0917
837   68.1648    69.8479
838   68.1648    70.473
839   68.1648    70.0003
840   68.1648    69.4028
841   68.1648    70.1378
842   68.1648    71.1244
843   68.1648    73.2952
844   68.1648    73.2749
845   68.1648    72.5291
846   68.1648    72.3018
847   68.1648    71.1161
848   68.1648    71.3873
849   68.1648    72.0821
850   68.1648    70.7445
851   68.1648    70.2205
852   68.1648    71.0116
853   68.1648    72.1902
854   68.1648    73.3676
855   68.1648    73.2968
856   68.1648    73.8686
857   68.1648    73.2982
858   68.1648    72.0971
859   68.1648    71.4904
860   68.1648    71.9206
861   68.1648    72.0289
862   68.1648    70.8592
863   68.1648    69.8379
864   67.9967    69.9113
865   67.2722    69.5343
866   67.2722    71.4343
867   67.2722    71.7123
868   67.2722    72.9174
869   67.2722    73.1795
870   67.2722    71.807
871   67.2722    72.4642
872   67.2722    71.6262
873   67.2722    72.4798
874   67.2722    72.2887
875   67.2722    71.9952
876   67.2722    70.6428
877   67.2722    69.5731
878   67.2722    71.2529
879   67.2722    71.0619
880   67.2722    71.042
881   67.2722    72.45
882   67.2722    73.0131
883   67.2722    71.9233
884   67.2722    72.4614
885   67.2722    71.1024
886   67.2722    71.5193
887   67.2722    72.7258
888   67.2722    72.5162
889   67.2722    72.1187
890   67.2722    72.5081
891   67.2722    70.7968
892   67.2722    70.9906
893   67.2722    73.5953
894   67.2722    73.3677
895   67.2722    71.403
896   67.2722    71.5199
897   67.2722    71.5547
898   67.2722    69.9855
899   67.2722    70.1518
900   67.2722    70.6456
901   67.2722    71.4541
902   67.2722    69.9054
903   67.2722    69.5126
904   67.2722    71.1705
905   67.2722    71.139
906   67.2722    69.9068
907   67.2722    71.268
908   67.2722    70.645
909   67.2722    70.7903
910   67.2722    69.4693
911   67.2722    68.25
912   67.2722    69.4305
913   67.2722    70.1016
914   67.2722    69.2573
915   67.2722    69.5297
916   67.2722    69.4185
917   67.2722    70.9134
918   67.2722    71.1759
919   67.2722    70.7677
920   67.2722    70.9512
921   67.2722    72.1961
922   67.2722    71.6533
923   67.2722    71.1749
924   67.2722    71.4438
925   67.2722    71.783
926   67.2722    72.1723
927   67.2722    72.0344
928   67.2722    72.0635
929   67.2722    70.9792
930   67.2722    71.4814
931   67.2722    70.5658
932   67.2722    69.8782
933   67.2722    71.0669
934   67.2722    72.5059
935   67.2722    71.5775
936   67.2722    70.1781
937   67.2722    69.99
938   67.2722    71.475
939   67.2722    70.6015
940   67.2722    69.3926
941   67.2722    71.0806
942   67.2722    71.4749
943   67.2722    71.5623
944   67.2722    69.6394
945   67.2722    70.3318
946   67.2722    71.7614
947   67.2722    71.7399
948   67.2722    72.4026
949   67.2722    70.5341
950   67.2722    72.6298
951   67.2722    71.0745
952   67.2722    71.1546
953   67.2722    71.4231
954   67.2722    69.4125
955   67.2722    70.1035
956   67.2722    71.8166
957   67.2722    71.9815
958   67.2722    71.2022
959   67.2722    70.927
960   67.2722    70.1034
961   67.2722    71.3635
962   67.2722    70.2019
963   67.2722    70.5014
964   67.2722    71.9549
965   67.2722    71.1469
966   67.2722    69.9228
967   67.2722    69.6001
968   67.2722    69.289
969   67.2722    69.3359
970   67.2722    69.4404
971   67.2722    68.9002
972   67.2722    70.1306
973   67.2722    69.6044
974   67.2722    70.1046
975   67.2722    70.9719
976   67.2722    69.203
977   67.2722    69.6911
978   67.2722    70.5181
979   67.2722    70.6006
980   67.2722    71.203
981   67.2722    72.6654
982   67.2722    71.7013
983   67.2722    71.4497
984   67.2722    71.8125
985   67.2722    71.5826
986   67.2722    71.482
987   67.2722    69.5357
988   67.2722    70.8508
989   67.2722    70.8194
990   67.2722    71.461
991   67.2722    71.7373
992   67.2722    71.7778
993   67.2722    71.3343
994   67.2722    72.7602
995   67.2722    69.5522
996   67.2722    71.4926
997   67.2722    72.1493
998   67.2722    70.7047
999   67.2722    70.5128
1000   67.2722    70.0947
1001   67.2722    69.9837
1002   67.2722    70.6919
1003   67.2722    69.3742
1004   67.2722    71.2333
1005   67.2722    70.781
1006   67.2722    69.9169
1007   67.2722    71.8681
1008   67.2722    71.0987
1009   67.2722    71.0532
1010   67.2722    69.929
1011   67.2722    70.6409
1012   67.2722    71.3682
1013   67.2722    72.5472
1014   67.2722    71.846
1015   67.2722    72.2863
1016   67.2722    71.0857
1017   67.2722    70.5767
1018   67.2722    70.2
1019   67.2722    70.1539
1020   67.2722    70.1946
1021   67.2722    70.6844
1022   67.2722    69.7315
1023   67.2722    70.3397
1024   67.2722    70.421
1025   67.2722    72.0841
1026   67.2722    70.8545
1027   67.2722    70.6255
1028   67.2722    73.675
1029   67.2722    74.152
1030   67.2722    75.2565
1031   67.254    72.483
1032   67.254    70.4939
1033   67.254    70.3297
1034   67.254    68.4282
1035   67.254    67.9267
1036   67.254    67.4443
1037   67.254    67.9944
1038   67.254    67.491
1039   67.254    68.4688
1040   67.254    68.7815
1041   67.254    68.9829
1042   67.254    69.2728
1043   67.254    69.945
1044   67.254    70.3999
1045   67.254    70.9686
1046   67.254    70.0689
1047   67.254    69.6817
1048   67.254    69.6187
1049   67.254    69.9065
1050   67.254    70.1024
1051   67.254    69.1954
1052   67.254    69.7559
1053   67.254    71.0789
1054   67.254    70.7318
1055   67.254    68.3183
1056   67.254    68.2309
1057   67.254    69.3481
1058   67.254    69.7471
1059   67.254    68.9857
1060   67.254    68.616
1061   67.254    69.1997
1062   67.254    71.4792
1063   67.254    71.2566
1064   67.254    71.5748
1065   67.254    72.0332
1066   67.254    71.134
1067   67.254    70.477
1068   67.254    70.8659
1069   67.254    69.3524
1070   67.254    70.0474
1071   67.254    69.6713
1072   67.254    69.3106
1073   67.254    71.3345
1074   67.254    70.5968
1075   67.254    70.5936
1076   67.254    69.9807
1077   67.254    69.0501
1078   67.254    72.0517
1079   67.254    71.8373
1080   67.254    69.7169
1081   67.254    70.5212
1082   67.254    68.657
1083   67.254    68.8457
1084   67.254    69.0564
1085   67.254    69.0196
1086   67.254    69.5871
1087   67.254    71.379
1088   67.254    70.6821
1089   67.254    71.1132
1090   67.254    72.4379
1091   67.254    71.165
1092   67.254    70.7022
1093   67.254    71.0634
1094   67.254    71.8385
1095   67.254    68.7547
1096   67.254    69.9713
1097   67.254    69.1985
1098   67.254    71.1234
1099   67.254    71.6232
1100   67.254    70.9882
1101   67.1509    70.3592
1102   67.0957    69.3924
1103   67.0957    70.179
1104   67.0957    71.0198
1105   67.0957    70.3168
1106   67.0957    69.9746
1107   67.0638    69.3688
1108   66.9054    70.069
1109   66.9054    68.5371
1110   66.9054    69.9223
1111   66.9054    68.8217
1112   66.9054    70.2136
1113   66.9054    70.2701
1114   66.9054    70.1836
1115   66.9054    70.6382
1116   66.9054    69.324
1117   66.9054    69.3553
1118   66.9054    68.5554
1119   66.9054    69.1866
1120   66.9054    70.809
1121   66.9054    71.4231
1122   66.9054    71.5788
1123   66.9054    70.6002
1124   66.9054    70.2974
1125   66.9054    69.9745
1126   66.9054    70.5521
1127   66.9054    72.2272
1128   66.9054    70.9913
1129   66.9054    71.4592
1130   66.9054    71.348
1131   66.9054    71.8694
1132   66.9054    72.7085
1133   66.9054    71.2968
1134   66.9054    70.0176
1135   66.9054    69.3759
1136   66.9054    70.0467
1137   66.9054    70.7373
1138   66.9054    69.9983
1139   66.9054    68.9943
1140   66.9054    69.485
1141   66.9054    70.1359
1142   66.9054    69.1656
1143   66.9054    68.8676
1144   66.9054    70.9412
1145   66.9054    70.0211
1146   66.9054    71.1512
1147   66.9054    71.0079
1148   66.9054    70.5061
1149   66.9054    72.4378
1150   66.9054    69.2572
1151   66.9054    70.2334
1152   66.9054    72.2188
1153   66.9054    72.3326
1154   66.9054    74.4538
1155   66.9054    73.3466
1156   66.9054    72.3796
1157   66.9054    70.5204
1158   66.9054    71.0715
1159   66.9054    70.3204
1160   66.9054    69.7655
1161   66.9054    68.9802
1162   66.9054    68.1414
1163   66.9054    68.7079
1164   66.9054    68.5007
1165   66.9054    70.2652
1166   66.9054    70.1094
1167   66.9054    70.366
1168   66.9054    70.3614
1169   66.9054    69.2484
1170   66.9054    69.0885
1171   66.9054    69.7909
1172   66.9054    70.1094
1173   66.9054    69.8223
1174   66.9054    70.3223
1175   66.9054    71.2922
1176   66.9054    70.3141
1177   66.9054    69.075
1178   66.9054    69.221
1179   66.9054    69.0379
1180   66.9054    69.1741
1181   66.9054    68.4686
1182   66.9054    70.1509
1183   66.9054    69.721
1184   66.9054    69.081
1185   66.9054    69.4043
1186   66.9054    70.3834
1187   66.9054    71.0742
1188   66.9054    69.883
1189   66.7418    67.9422
1190   66.7418    67.7524
1191   66.7418    68.237
1192   66.7418    69.0049
1193   66.7418    70.8462
1194   66.7418    70.7505
1195   66.7418    68.6871
1196   66.7418    68.8127
1197   66.7418    69.6366
1198   66.7418    69.925
1199   66.7418    71.2784
1200   66.7418    68.9902
1201   66.7418    70.4606
1202   66.7418    69.2694
1203   66.7418    69.4696
1204   66.7418    69.8714
1205   66.7418    69.4575
1206   66.7418    69.4001
1207   66.7418    69.7983
1208   66.7418    69.296
1209   66.7418    69.4841
1210   66.7418    70.0671
1211   66.7418    70.2856
1212   66.7418    71.4548
1213   66.7418    72.8197
1214   66.7418    71.4134
1215   66.7418    70.9869
1216   66.7418    70.2064
1217   66.7418    69.4683
1218   66.7418    69.7112
1219   66.7418    68.613
1220   66.7418    68.7372
1221   66.7418    70.0171
1222   66.7418    68.5598
1223   66.7418    69.2475
1224   66.7418    69.9691
1225   66.7418    68.9461
1226   66.7418    68.4887
1227   66.7418    68.9158
1228   66.7418    69.2231
1229   66.7418    70.8971
1230   66.7418    70.7512
1231   66.7418    69.9911
1232   66.7418    71.0273
1233   66.7418    69.9654
1234   66.7418    71.2371
1235   66.7418    71.3219
1236   66.7418    71.1176
1237   66.7418    71.8538
1238   66.7418    70.5073
1239   66.7418    69.6737
1240   66.7418    69.7644
1241   66.7418    69.0802
1242   66.7418    69.8889
1243   66.7418    70.1892
1244   66.7418    69.8891
1245   66.7418    70.5603
1246   66.7418    70.3957
1247   66.7418    71.2954
1248   66.7418    71.7179
1249   66.7418    70.1713
1250   66.7418    70.7835
1251   66.7418    70.661
1252   66.7418    69.0207
1253   66.7418    69.5237
1254   66.7418    69.0246
1255   66.7418    69.8316
1256   66.7418    69.0581
1257   66.7418    70.1561
1258   66.7418    70.3789
1259   66.7418    68.9291
1260   66.7418    70.2953
1261   66.7418    69.92
1262   66.7418    71.4343
1263   66.7418    71.0237
1264   66.7418    70.4593
1265   66.7418    70.4514
1266   66.7418    69.517
1267   66.7418    69.0246
1268   66.7418    69.9431
1269   66.7418    70.9273
1270   66.7418    69.4928
1271   66.7418    68.6392
1272   66.7418    69.0319
1273   66.7418    68.549
1274   66.7418    67.8533
1275   66.7418    69.1001
1276   66.7418    69.0769
1277   66.7418    68.9279
1278   66.7418    68.6243
1279   66.7418    70.8369
1280   66.7418    71.9826
1281   66.7418    71.0709
1282   66.7418    73.7787
1283   66.7418    71.5383
1284   66.7418    70.488
1285   66.7418    69.262
1286   66.7418    69.3331
1287   66.7418    70.5842
1288   66.7418    69.5057
1289   66.7418    68.7071
1290   66.7418    68.6509
1291   66.7418    68.961
1292   66.7418    68.9792
1293   66.7418    69.9324
1294   66.7418    69.3258
1295   66.7418    69.752
1296   66.7418    70.3443
1297   66.7418    70.6081
1298   66.7418    71.0439
1299   66.7418    69.923
1300   66.7418    68.7096
1301   66.4203    68.8433
1302   66.4203    68.6797
1303   66.4203    70.0774
1304   66.4203    71.1326
1305   66.357    69.637
1306   66.357    70.8831
1307   66.357    73.1177
1308   66.357    72.3588
1309   66.357    71.9276
1310   66.357    70.6477
1311   66.357    69.4313
1312   66.357    68.9547
1313   66.357    70.1342
1314   66.357    69.8338
1315   66.357    68.2033
1316   66.357    70.5809
1317   66.357    68.7588
1318   66.357    69.2246
1319   66.357    69.5709
1320   66.357    70.9922
1321   66.357    72.7674
1322   66.357    71.5819
1323   66.357    72.2052
1324   66.357    72.1031
1325   66.357    73.6777
1326   66.357    69.4026
1327   66.357    70.7814
1328   66.357    69.4251
1329   66.357    69.1342
1330   66.357    69.1396
1331   66.357    69.7169
1332   66.357    69.6442
1333   66.357    70.3536
1334   66.357    70.3378
1335   66.357    68.6449
1336   66.357    68.4688
1337   66.357    67.8991
1338   66.357    68.8504
1339   66.357    67.9685
1340   66.357    68.402
1341   66.357    68.3379
1342   66.357    69.4447
1343   66.357    68.5777
1344   66.357    70.5838
1345   66.357    70.6784
1346   66.357    70.7308
1347   66.357    70.4614
1348   66.357    70.4141
1349   66.357    70.9029
1350   66.357    68.6506
1351   66.357    69.9161
1352   66.357    69.4543
1353   66.357    70.5123
1354   66.357    70.3758
1355   66.357    68.9424
1356   66.357    69.4749
1357   66.357    69.3148
1358   66.357    69.907
1359   66.357    68.2377
1360   66.357    68.2796
1361   66.357    68.4868
1362   66.357    69.7625
1363   66.357    69.2978
1364   66.357    69.7288
1365   66.357    69.1359
1366   66.357    70.1453
1367   66.357    68.0913
1368   66.357    69.9489
1369   66.357    68.6818
1370   66.357    69.6231
1371   66.357    70.4139
1372   66.357    70.4644
1373   66.357    70.4279
1374   66.357    68.428
1375   66.357    68.4345
1376   66.357    68.3414
1377   66.357    68.0299
1378   66.357    68.7569
1379   66.357    68.4371
1380   66.357    68.1873
1381   66.357    69.9972
1382   66.357    69.4996
1383   66.357    70.0526
1384   66.357    71.708
1385   66.357    69.1229
1386   66.357    67.8068
1387   66.357    67.4795
1388   66.357    66.7855
1389   66.357    67.2982
1390   66.357    68.8631
1391   66.357    68.4125
1392   66.357    68.8607
1393   66.357    69.3179
1394   66.357    67.913
1395   66.357    69.5143
1396   66.357    69.1969
1397   66.357    69.0063
1398   66.357    70.2398
1399   66.357    69.6034
1400   66.357    69.7839
1401   66.357    70.2233
1402   66.357    68.3517
1403   66.357    68.2288
1404   66.357    68.5302
1405   66.357    69.5507
1406   66.357    71.2587
1407   66.357    70.8473
1408   66.357    69.763
1409   66.357    69.0856
1410   66.357    70.0661
1411   66.357    68.0183
1412   66.357    69.0368
1413   66.357    68.3446
1414   66.357    69.2474
1415   66.357    69.6862
1416   66.357    69.4387
1417   66.357    70.0125
1418   66.357    69.5119
1419   66.357    68.5075
1420   66.357    68.9132
1421   66.357    70.85
1422   66.357    70.8702
1423   66.357    70.4654
1424   66.357    69.4078
1425   66.357    70.4538
1426   66.357    68.3757
1427   66.357    68.661
1428   66.357    69.5526
1429   66.357    70.414
1430   66.357    70.3605
1431   66.357    69.5828
1432   66.357    70.252
1433   66.357    69.7585
1434   66.357    69.613
1435   66.357    69.4285
1436   66.357    69.7964
1437   66.357    68.8308
1438   66.357    69.5115
1439   66.357    69.1385
1440   66.357    68.8865
1441   66.357    68.8315
1442   66.357    70.0653
1443   66.357    68.1723
1444   66.357    68.96
1445   66.357    67.7494
1446   66.357    68.3019
1447   66.357    68.8121
1448   66.357    68.4082
1449   66.357    68.7094
1450   66.357    67.9741
1451   66.357    67.911
1452   66.357    69.0874
1453   66.357    69.7304
1454   66.357    68.2792
1455   66.357    67.9513
1456   66.357    67.3389
1457   66.357    66.9408
1458   66.357    67.1964
1459   66.357    68.6756
1460   66.357    67.7915
1461   66.357    67.6737
1462   66.357    68.2322
1463   66.357    69.0992
1464   66.357    69.2684
1465   66.357    69.8599
1466   66.357    67.7734
1467   66.357    68.5194
1468   66.357    68.639
1469   66.357    69.3031
1470   66.357    68.9331
1471   66.357    71.0296
1472   66.357    70.6059
1473   66.357    69.5772
1474   66.357    69.4572
1475   66.357    68.761
1476   66.357    68.7119
1477   66.357    69.185
1478   66.357    69.3294
1479   66.357    68.1773
1480   66.357    69.6854
1481   66.357    70.6905
1482   66.357    70.6036
1483   66.357    70.7972
1484   66.357    69.5414
1485   66.357    68.7264
1486   66.357    69.3887
1487   66.357    69.9462
1488   66.357    69.3844
1489   66.357    68.5593
1490   66.357    70.1144
1491   66.357    69.8858
1492   66.357    70.2665
1493   66.357    70.8595
1494   66.357    72.1237
1495   66.357    70.7974
1496   66.357    70.8593
1497   66.357    69.3576
1498   66.357    68.3202
1499   66.357    67.3755
1500   66.357    67.9673
1501   66.1462    69.3497
1502   66.1462    68.8853
1503   66.1462    68.8209
1504   66.1462    68.8029
1505   66.1462    70.6972
1506   66.1462    70.7595
1507   66.1462    69.4983
1508   66.1462    69.2592
1509   66.1462    68.5196
1510   66.1462    68.5467
1511   66.1462    68.305
1512   66.1462    68.6086
1513   66.1462    68.2508
1514   66.1462    67.6655
1515   66.1462    67.8814
1516   66.1462    68.4796
1517   66.1462    68.5085
1518   66.1462    69.034
1519   66.1462    69.1126
1520   66.1462    68.2452
1521   66.1462    69.439
1522   66.1462    68.1369
1523   66.1462    69.46
1524   66.1462    68.778
1525   66.1462    69.1966
1526   66.1462    69.4417
1527   66.1462    69.3534
1528   66.1462    67.397
1529   66.1462    68.9183
1530   66.1462    69.3772
1531   66.1462    69.3617
1532   66.1462    68.3684
1533   66.1462    69.4073
1534   66.1462    70.694
1535   66.1462    70.5729
1536   66.1462    71.2916
1537   66.1462    69.3799
1538   66.1462    68.7133
1539   66.1462    67.6812
1540   66.1462    68.0655
1541   66.1462    70.1097
1542   66.1462    69.2673
1543   66.1462    69.859
1544   66.1462    69.8522
1545   66.1462    67.9335
1546   66.1462    68.7991
1547   66.1462    69.1756
1548   66.1462    69.2395
1549   66.1462    70.1102
1550   66.1462    69.8111
1551   66.1462    70.4865
1552   66.1462    69.5775
1553   66.1462    67.893
1554   66.1462    68.2279
1555   66.1462    68.2653
1556   66.1462    69.0376
1557   66.1462    69.1582
1558   66.1462    70.76
1559   66.1462    69.7359
1560   66.1462    69.4986
1561   66.1462    69.656
1562   66.1462    70.1659
1563   66.1462    70.1543
1564   66.1462    70.0982
1565   66.1462    68.4761
1566   66.1462    67.6163
1567   66.1462    66.7499
1568   66.1462    67.8724
1569   66.1462    68.599
1570   66.1462    70.0064
1571   66.1462    69.6878
1572   66.1462    71.2102
1573   66.1462    70.735
1574   66.1462    70.5511
1575   66.1462    68.9648
1576   66.1462    68.2753
1577   66.1462    68.4239
1578   66.1462    70.6027
1579   66.1462    70.0908
1580   66.1462    70.2788
1581   66.1462    71.3646
1582   66.1462    69.0608
1583   66.1462    69.9796
1584   66.1462    71.0197
1585   66.1462    71.9572
1586   66.1462    69.8216
1587   66.1462    71.2037
1588   66.1462    71.3872
1589   66.1462    71.6192
1590   66.1462    70.4399
1591   66.1462    70.1704
1592   66.1462    68.7617
1593   66.1462    71.802
1594   66.1462    71.3675
1595   66.1462    68.5025
1596   66.1462    70.8408
1597   66.1462    68.8824
1598   66.1462    70.6785
1599   66.1462    70.2728
1600   66.1462    70.0606
1601   66.1462    70.4232
1602   66.1462    69.0069
1603   66.1462    69.2688
1604   66.1462    69.3381
1605   66.1462    70.3976
1606   66.1462    68.9815
1607   66.1462    68.636
1608   66.1462    67.7219
1609   66.1462    68.4011
1610   66.1462    68.7615
1611   66.1462    70.1228
1612   66.1462    69.8836
1613   66.1462    69.2983
1614   66.1462    69.2629
1615   66.1462    69.7481
1616   66.1462    70.2962
1617   66.1462    70.2745
1618   66.1462    70.0979
1619   66.1462    70.1767
1620   66.1462    70.3156
1621   66.1462    68.7486
1622   66.1462    68.8982
1623   66.1462    70.2965
1624   66.1462    68.413
1625   66.1462    67.6644
1626   66.1462    68.0389
1627   66.1462    68.9567
1628   66.1462    68.7145
1629   66.1462    67.9903
1630   66.1462    68.4618
1631   66.1462    69.2518
1632   66.1462    68.7539
1633   66.1462    66.975
1634   66.1462    68.4746
1635   66.1462    67.4611
1636   66.1462    67.1701
1637   66.1462    67.2337
1638   66.1462    67.7417
1639   66.1462    68.3167
1640   66.1462    67.765
1641   66.1462    67.793
1642   66.1462    68.3409
1643   66.1462    69.6489
1644   66.1462    70.7104
1645   66.1462    69.819
1646   66.1462    69.4726
1647   66.1462    69.1605
1648   66.1462    69.9662
1649   66.1462    70.0747
1650   66.1462    69.3655
1651   66.1462    69.3595
1652   66.1462    67.9247
1653   66.1462    67.6767
1654   66.1462    68.3834
1655   66.1462    69.226
1656   66.1462    68.553
1657   66.1462    68.3759
1658   66.1462    67.1916
1659   66.1462    66.4376
1660   66.1462    68.2372
1661   66.1462    70.1525
1662   66.1462    69.2048
1663   66.1462    71.2274
1664   66.1462    70.1364
1665   66.1462    69.4379
1666   66.1462    71.1943
1667   66.1462    68.9167
1668   66.1462    68.3722
1669   66.1462    68.152
1670   66.1462    67.6023
1671   66.1462    68.3701
1672   66.1462    69.1839
1673   66.1462    70.016
1674   66.1462    69.2917
1675   66.1462    69.0198
1676   66.1462    68.1485
1677   66.1462    68.4647
1678   66.1462    68.0008
1679   66.1462    69.1779
1680   66.1462    68.3729
1681   66.1462    67.7223
1682   66.1462    69.1973
1683   66.1462    70.2997
1684   66.1462    71.5141
1685   66.1462    69.1865
1686   66.1462    68.7387
1687   66.1462    69.3224
1688   66.1462    68.649
1689   66.1462    67.9568
1690   66.1462    70.3241
1691   66.1462    72.0273
1692   66.1462    70.9833
1693   66.1462    69.7064
1694   66.1462    70.7609
1695   66.1462    71.2747
1696   66.1462    70.9461
1697   66.1462    69.8041
1698   66.1462    69.4771
1699   66.1462    70.3085
1700   66.1462    68.088
1701   65.9742    68.4117
1702   65.9742    69.065
1703   65.9742    70.7808
1704   65.9742    69.6374
1705   65.9742    70.6192
1706   65.9742    71.737
1707   65.9742    72.4017
1708   65.9742    70.9984
1709   65.9742    69.9749
1710   65.9742    69.5599
1711   65.9742    69.5809
1712   65.9742    68.2267
1713   65.9742    70.1383
1714   65.9742    70.1341
1715   65.9742    68.2194
1716   65.9742    69.1983
1717   65.9742    69.8327
1718   65.9742    68.9309
1719   65.9742    70.4589
1720   65.9742    67.7381
1721   65.9742    67.4993
1722   65.9742    67.8525
1723   65.9742    67.6965
1724   65.9742    68.538
1725   65.9742    68.6532
1726   65.9742    69.3889
1727   65.9742    68.7353
1728   65.9742    70.2524
1729   65.9742    71.9547
1730   65.9742    71.5321
1731   65.9742    70.7258
1732   65.9742    69.7137
1733   65.9742    69.6167
1734   65.9742    70.9983
1735   65.9742    69.9954
1736   65.9742    69.2568
1737   65.9742    68.6514
1738   65.9742    68.4187
1739   65.9742    68.1316
1740   65.9742    68.875
1741   65.9742    70.4393
1742   65.9742    70.0505
1743   65.9742    68.5106
1744   65.9742    68.0922
1745   65.9742    68.7925
1746   65.9742    68.2935
1747   65.9742    68.3388
1748   65.9742    67.6071
1749   65.9742    67.214
1750   65.9742    67.0826
1751   65.9742    66.9777
1752   65.9742    66.6669
1753   65.9742    67.635
1754   65.9742    67.5545
1755   65.9742    67.0909
1756   65.9742    67.5572
1757   65.9742    68.3152
1758   65.9742    68.3609
1759   65.9742    69.0909
1760   65.9742    69.1104
1761   65.9742    68.7532
1762   65.9742    70.7906
1763   65.9742    70.802
1764   65.9742    68.5792
1765   65.9742    69.3877
1766   65.9742    68.971
1767   65.9742    69.4695
1768   65.9742    68.2409
1769   65.9742    68.0489
1770   65.9742    70.4333
1771   65.9742    71.0497
1772   65.9742    72.0301
1773   65.9742    71.4077
1774   65.9742    72.3489
1775   65.9742    69.6147
1776   65.9742    68.402
1777   65.9742    67.9809
1778   65.9742    68.4243
1779   65.9742    67.9491
1780   65.9742    68.1109
1781   65.9742    67.3592
1782   65.9742    67.0945
1783   65.9742    66.9009
1784   65.9742    68.4731
1785   65.9742    69.9367
1786   65.9742    70.4724
1787   65.9742    70.3712
1788   65.9742    68.7305
1789   65.9742    68.7418
1790   65.9742    69.3796
1791   65.9742    69.8011
1792   65.9742    69.715
1793   65.9742    68.7712
1794   65.9742    69.1247
1795   65.9742    69.888
1796   65.9742    69.851
1797   65.9742    67.5971
1798   65.9742    68.0042
1799   65.9742    68.2279
1800   65.9742    68.5534
1801   65.7142    67.8067
1802   65.7142    68.6893
1803   65.7142    68.9844
1804   65.7142    68.3262
1805   65.7142    67.6261
1806   65.7142    69.0202
1807   65.7142    69.7523
1808   65.7142    67.4448
1809   65.7142    68.0115
1810   65.7142    68.2565
1811   65.7142    70.1937
1812   65.7142    70.7343
1813   65.7142    69.1572
1814   65.7142    68.8205
1815   65.7142    67.0746
1816   65.7142    66.4369
1817   65.7142    66.2499
1818   65.7142    68.0464
1819   65.7142    68.9921
1820   65.7142    69.7903
1821   65.7142    70.0812
1822   65.7142    68.5418
1823   65.7142    67.768
1824   65.7142    67.9614
1825   65.7142    69.9419
1826   65.7142    69.2721
1827   65.7142    68.9559
1828   65.7142    67.8226
1829   65.7142    68.7579
1830   65.7142    67.6006
1831   65.7142    68.8404
1832   65.7142    68.8335
1833   65.7142    69.8666
1834   65.7142    69.8606
1835   65.7142    68.8938
1836   65.7142    68.8121
1837   65.7142    68.0424
1838   65.7142    68.8544
1839   65.7142    69.7218
1840   65.7142    69.5524
1841   65.7142    68.6296
1842   65.7142    69.5016
1843   65.7142    69.081
1844   65.7142    68.477
1845   65.7142    69.0059
1846   65.7142    69.7369
1847   65.7142    69.8681
1848   65.7142    68.6679
1849   65.7142    69.6072
1850   65.7142    69.5438
1851   65.7142    69.3324
1852   65.7142    68.5149
1853   65.7142    69.3581
1854   65.7142    69.7858
1855   65.7142    68.371
1856   65.7142    69.2592
1857   65.7142    67.7091
1858   65.7142    67.6523
1859   65.7142    68.0265
1860   65.7142    70.4714
1861   65.7142    70.4586
1862   65.7142    69.7372
1863   65.7142    70.7937
1864   65.7142    70.2783
1865   65.7142    69.3522
1866   65.7142    70.2024
1867   65.7142    67.8919
1868   65.7142    68.0112
1869   65.7142    68.1313
1870   65.7142    68.4358
1871   65.7142    67.8659
1872   65.7142    68.7881
1873   65.7142    69.8602
1874   65.7142    69.0824
1875   65.7142    69.7743
1876   65.7142    69.6687
1877   65.7142    69.3098
1878   65.7142    70.6826
1879   65.7142    70.2723
1880   65.7142    71.5488
1881   65.7142    70.7942
1882   65.7142    71.4881
1883   65.7142    70.7564
1884   65.7142    71.2861
1885   65.7142    68.8214
1886   65.7142    68.4101
1887   65.7142    67.968
1888   65.7142    69.3193
1889   65.7142    68.3234
1890   65.7142    68.2027
1891   65.7142    68.0909
1892   65.7142    68.0176
1893   65.7142    68.2193
1894   65.7142    68.7012
1895   65.7142    69.9988
1896   65.7142    68.532
1897   65.7142    67.3812
1898   65.7142    66.6728
1899   65.7142    67.1773
1900   65.7142    67.6772
1901   65.7142    69.3089
1902   65.7142    68.2766
1903   65.7142    68.0646
1904   65.7142    68.7163
1905   65.7142    68.7368
1906   65.7142    71.2731
1907   65.7142    70.159
1908   65.7142    69.9744
1909   65.7142    68.8068
1910   65.7142    68.1202
1911   65.7142    67.2669
1912   65.7142    67.3499
1913   65.7142    69.4256
1914   65.7142    69.1012
1915   65.7142    68.7771
1916   65.7142    70.0965
1917   65.7142    67.8246
1918   65.7142    68.2883
1919   65.7142    68.5879
1920   65.7142    70.3738
1921   65.7142    68.6988
1922   65.7142    68.8232
1923   65.7142    68.1031
1924   65.7142    67.2676
1925   65.7142    69.2511
1926   65.7142    69.0232
1927   65.7142    68.7542
1928   65.7142    69.0111
1929   65.7142    69.8181
1930   65.7142    70.5717
1931   65.7142    71.5845
1932   65.7142    69.8624
1933   65.7142    69.3004
1934   65.7142    70.9741
1935   65.7142    69.1213
1936   65.7142    70.8259
1937   65.7142    68.7115
1938   65.7142    69.0398
1939   65.7142    69.7455
1940   65.7142    70.1086
1941   65.7142    69.7847
1942   65.7142    68.516
1943   65.7142    69.0223
1944   65.7142    68.2704
1945   65.7142    68.639
1946   65.7142    68.0654
1947   65.7142    68.8805
1948   65.7142    70.43
1949   65.7142    68.4635
1950   65.7142    67.561
1951   65.7142    69.2003
1952   65.7142    69.1236
1953   65.7142    68.4436
1954   65.7142    68.9013
1955   65.7142    67.0407
1956   65.7142    68.8279
1957   65.7142    68.2539
1958   65.7142    69.5768
1959   65.7142    69.6374
1960   65.7142    69.0035
1961   65.7142    70.4543
1962   65.7142    70.3421
1963   65.7142    69.4596
1964   65.7142    70.52
1965   65.7142    71.6283
1966   65.7142    72.1147
1967   65.7142    72.5595
1968   65.7142    70.346
1969   65.7142    68.8804
1970   65.7142    68.731
1971   65.7142    67.0438
1972   65.7142    67.2725
1973   65.7142    68.8812
1974   65.7142    68.4063
1975   65.7142    71.1679
1976   65.7142    70.365
1977   65.7142    69.094
1978   65.7142    70.6862
1979   65.7142    70.9038
1980   65.7142    69.2563
1981   65.7142    69.5919
1982   65.7142    69.6448
1983   65.7142    69.8575
1984   65.7142    68.8214
1985   65.7142    68.088
1986   65.7142    67.6382
1987   65.7142    67.4808
1988   65.7142    67.1546
1989   65.7142    68.4406
1990   65.7142    68.5334
1991   65.7142    68.6446
1992   65.7142    69.7771
1993   65.7142    68.0784
1994   65.7142    67.7221
1995   65.7142    67.9952
1996   65.7142    69.2464
1997   65.7142    69.2399
1998   65.7142    69.4541
1999   65.7142    68.6697
2000   65.7142    67.5068
