1   452.29    494.329
2   443.793    478.66
3   426.555    462.171
4   384.893    447.971
5   376.472    433.815
6   369.111    413.184
7   364.94    394.211
8   364.537    382.341
9   358.225    374.031
10   355.229    369.337
11   353.478    365.269
12   345.902    361.646
13   343.463    358.746
14   340.871    353.435
15   340.871    350.65
16   333.668    347.635
17   333.668    345.362
18   326.44    342.519
19   324.101    339.848
20   313.557    335.693
21   313.557    330.215
22   310.382    324.553
23   304.454    320.608
24   303.169    313.525
25   298.624    309.43
26   294.13    306.608
27   292.799    303.69
28   290.231    301.599
29   289.701    297.488
30   289.701    296.552
31   287.473    293.913
32   282.532    291.464
33   279.085    290.411
34   277.836    287.22
35   272.126    284.44
36   271.596    281.727
37   264.523    277.637
38   264.026    274.525
39   264.026    273.054
40   261.443    270.906
41   261.377    268.638
42   258.89    266.404
43   252.367    264.636
44   249.379    262.069
45   249.301    260.744
46   242.325    257.537
47   241.612    255.505
48   241.612    253.084
49   241.612    250.799
50   236.359    248.472
51   236.359    246.38
52   235.971    245.457
53   231.625    243.335
54   230.737    242.292
55   228.387    240.521
56   228.387    239.203
57   227.037    236.83
58   227.037    237.894
59   226.116    236.07
60   226.116    234.643
61   224.606    232.57
62   221.495    234.011
63   217.068    232.032
64   213.908    229.912
65   213.535    225.852
66   212.432    222.995
67   209.556    221.891
68   208.368    219.508
69   208.368    217.538
70   208.368    216.229
71   208.368    214.675
72   207.916    214.467
73   204.577    216.287
74   204.577    214.797
75   202.882    213.043
76   202.267    210.68
77   201.523    207.621
78   197.103    205.353
79   194.211    203.261
80   193.519    202.011
81   190.662    200.268
82   190.662    197.929
83   190.098    196.462
84   187.079    194.24
85   186.18    193.481
86   186.18    190.649
87   186.18    190.195
88   186.18    189.225
89   185.648    188.732
90   185.205    189.433
91   184.452    189.08
92   182.429    189.229
93   181.846    189.317
94   181.846    187.641
95   181.846    186.353
96   177.946    186.471
97   177.784    185.57
98   176.207    183.475
99   173.881    182.518
100   173.881    180.731
101   173.881    180.017
102   173.881    179.981
103   172.807    178.746
104   170.825    177.99
105   170.825    177.693
106   170.248    175.509
107   170.248    174.634
108   166.517    174.178
109   166.517    175.433
110   165.686    175.411
111   165.686    172.61
112   165.686    171.892
113   163.931    171.091
114   163.931    170.353
115   163.778    168.971
116   162.309    168.804
117   162.309    169.632
118   161.473    166.6
119   158.37    165.424
120   157.519    163.704
121   157.519    163.327
122   157.125    163.623
123   157.125    164.148
124   153.563    164.123
125   152.169    164.69
126   152.169    163.573
127   152.169    161.554
128   152.169    162.502
129   152.169    161.338
130   152.169    159.339
131   152.169    157.177
132   151.878    157.345
133   151.878    156.042
134   151.878    155.638
135   151.878    155.573
136   151.058    156.044
137   151.058    156.1
138   151.058    155.425
139   149.543    155.794
140   148.92    157.773
141   148.92    154.87
142   148.92    156.009
143   148.421    153.56
144   148.421    153.241
145   147.92    152.965
146   147.92    153.976
147   146.798    152.736
148   146.798    151.758
149   145.978    151.448
150   145.978    149.181
151   145.978    149.877
152   145.793    147.745
153   145.567    148.128
154   144.437    149.405
155   144.437    149.291
156   144.437    149.159
157   144.437    149.691
158   143.134    148.572
159   142.386    146.796
160   142.386    146.942
161   141.206    147.535
162   139.513    148.014
163   136.689    148.863
164   136.689    146.862
165   136.689    147.08
166   136.689    147.49
167   136.689    147.277
168   136.689    144.171
169   136.689    141.629
170   136.541    141.573
171   136.541    140.593
172   136.541    140.126
173   136.057    138.875
174   136.057    138.908
175   135.659    139.044
176   134.826    139.292
177   134.428    137.657
178   134.428    138.692
179   134.28    138.918
180   134.107    138.188
181   132.5    137.052
182   131.782    137.38
183   131.782    137.044
184   131.782    136.842
185   131.782    135.566
186   131.782    136.46
187   131.604    136.475
188   131.153    137.175
189   130.241    137.1
190   130.241    138.569
191   130.241    139.004
192   130.241    138.16
193   130.057    137.316
194   130.057    136.404
195   130.001    137.119
196   128.353    136.178
197   128.298    135.563
198   128.298    135.16
199   128.298    134.044
200   128.298    134.344
201   121.109    133.256
202   121.109    132.061
203   121.109    133.033
204   120.921    130.883
205   120.921    132.844
206   120.418    131.033
207   120.418    130.949
208   120.344    131.601
209   119.965    129.969
210   119.261    128.309
211   119.261    127.91
212   119.261    125.523
213   119.261    125.435
214   119.224    125.68
215   119.224    125.472
216   119.224    126.459
217   118.922    126.276
218   118.922    123.209
219   118.601    122.854
220   118.601    122.635
221   118.601    122.289
222   118.601    121.816
223   118.601    121.202
224   118.601    122.204
225   118.559    122.911
226   118.559    124.036
227   118.169    124.052
228   117.85    124.09
229   117.772    127.275
230   117.772    126.774
231   117.418    125.703
232   117.418    126.352
233   117.211    124.845
234   117.211    124.154
235   117.211    121.748
236   117.211    121.164
237   117.211    120.409
238   117.211    121.528
239   117.208    122.155
240   116.719    119.97
241   116.719    119.893
242   116.716    119.636
243   116.336    118.697
244   116.336    119.13
245   116.336    119.486
246   116.336    122.24
247   116.334    119.734
248   116.334    119.215
249   116.334    118.792
250   115.728    118
251   115.728    119.553
252   113.913    121.848
253   113.913    123.527
254   113.597    123.351
255   113.597    122.404
256   113.597    123.413
257   111.323    121.717
258   111.323    121.441
259   111.323    121.358
260   111.323    121.59
261   111.323    118.152
262   111.323    114.902
263   111.007    114.577
264   111.007    115.848
265   111.007    115.023
266   110.345    116.401
267   109.447    116.963
268   109.447    116.343
269   109.447    115.054
270   109.447    112.044
271   108.812    112.548
272   108.812    113.26
273   108.812    114.333
274   108.812    117.86
275   108.812    120.381
276   108.812    118.414
277   108.812    118.042
278   108.812    117.441
279   108.812    116.12
280   108.812    116.657
281   108.812    116.709
282   108.812    113.72
283   108.812    112.54
284   108.812    113.182
285   108.812    112.803
286   108.516    111.873
287   108.516    112.477
288   108.516    110.969
289   108.516    111.205
290   108.516    111.35
291   108.516    111.821
292   108.516    110.124
293   108.469    110.949
294   108.09    111.188
295   107.335    110.774
296   107.285    111.954
297   107.285    110.91
298   107.285    112.584
299   107.228    112.749
300   107.228    113.513
301   103.09    113.118
302   103.09    112.86
303   103.09    112.149
304   103.09    111.493
305   103.09    113.32
306   103.09    114.876
307   103.09    112.023
308   102.77    112.354
309   102.77    110.081
310   102.77    110.769
311   102.77    111.453
312   102.77    113.091
313   102.77    114.262
314   102.77    114.275
315   102.77    111.511
316   102.754    110.804
317   102.754    110.486
318   102.754    110.465
319   102.754    110.044
320   102.754    107.726
321   102.754    107.266
322   102.681    106.656
323   102.664    106.413
324   102.664    105.785
325   102.664    106.238
326   102.664    105.616
327   102.664    107.056
328   102.664    106.826
329   102.477    106.778
330   102.46    106.976
331   102.46    106.365
332   102.364    105.324
333   102.257    104.754
334   102.257    106.456
335   102.257    105.014
336   101.878    106.224
337   101.737    105.369
338   101.737    104.252
339   100.281    103.858
340   100.185    104.094
341   100.185    104.002
342   100.185    103.673
343   99.6475    105.139
344   99.5513    104.518
345   99.5513    102.437
346   99.5513    102.454
347   99.5513    103.08
348   99.5513    102.602
349   99.5513    102.592
350   99.5513    102.646
351   99.5513    104.453
352   98.9197    103.495
353   98.9197    103.15
354   98.9197    102.954
355   98.8881    102.257
356   98.8881    101.45
357   98.8881    102.155
358   98.6363    101.907
359   98.6363    101.063
360   98.6363    101.512
361   98.1395    102.432
362   98.1395    102.761
363   98.1395    102.82
364   98.1395    102.409
365   97.9356    104.28
366   97.9356    104.503
367   97.2434    103.947
368   97.2434    101.529
369   97.0395    101.745
370   97.0395    101.538
371   97.0395    101.393
372   97.0395    100.016
373   97.0395    99.2118
374   96.763    99.9935
375   96.763    99.8216
376   96.763    99.9076
377   96.763    100.028
378   96.763    102.291
379   96.4301    101.655
380   96.4301    102.456
381   96.4301    102.869
382   96.4301    101.152
383   96.4301    99.0172
384   96.4301    98.7146
385   96.4301    98.9544
386   96.4301    98.6522
387   96.4301    98.3967
388   95.9025    98.1672
389   95.9025    98.1087
390   95.9025    98.1965
391   95.837    99.2761
392   95.837    99.9045
393   95.837    98.8003
394   95.837    101.828
395   95.837    99.3244
396   95.837    100.634
397   95.837    101.784
398   95.837    99.7045
399   95.837    99.0198
400   95.837    99.2859
401   85.68    99.7708
402   85.68    98.8654
403   85.68    98.515
404   85.68    98.4916
405   85.68    98.4392
406   85.68    95.7368
407   85.3364    97.3753
408   85.3364    93.8563
409   85.2397    93.6705
410   84.8119    91.6566
411   84.8119    89.9779
412   84.8119    89.2581
413   84.4791    87.3803
414   84.3619    88.5501
415   82.863    89.4387
416   82.863    88.3892
417   82.592    87.9777
418   82.592    88.6127
419   82.592    89.3329
420   82.2285    87.9194
421   82.2285    87.7433
422   82.2285    88.2959
423   82.2285    88.3624
424   82.2285    89.961
425   82.2285    94.3836
426   82.2285    93.5926
427   82.2285    94.4011
428   82.2285    92.85
429   82.2285    93.1738
430   82.2285    91.6411
431   82.2285    90.3875
432   82.2285    88.924
433   82.2285    89.6579
434   82.2285    84.8579
435   82.2285    86.0541
436   82.2231    87.4837
437   82.2231    86.6551
438   82.2231    86.0205
439   81.9627    85.6432
440   81.9574    87.1119
441   81.9574    85.996
442   81.9574    85.3986
443   81.9574    86.5098
444   81.9574    85.4918
445   81.9574    84.5518
446   81.9574    83.893
447   81.9574    83.9113
448   81.9574    85.3956
449   81.9574    85.6148
450   81.9574    86.0796
451   81.9574    85.2828
452   81.9574    85.2393
453   81.9574    85.7885
454   81.6843    86.5952
455   81.6843    83.937
456   81.6843    86.9288
457   81.6843    85.775
458   81.6843    85.1331
459   81.6843    84.1485
460   81.6843    84.1733
461   81.6843    83.6251
462   81.6843    83.1499
463   81.6843    83.3096
464   81.6843    84.8215
465   81.6843    86.7989
466   81.6843    84.1706
467   81.6843    84.108
468   81.6843    86.802
469   81.6843    85.9963
470   81.6843    85.5137
471   81.6843    86.3211
472   80.641    83.7862
473   80.641    83.7234
474   80.641    83.6175
475   80.641    83.5222
476   80.641    83.0405
477   80.641    83.1778
478   80.641    82.4575
479   80.641    82.8375
480   80.641    82.3168
481   80.641    82.8837
482   80.641    85.1438
483   80.139    84.4158
484   80.139    84.3207
485   80.139    82.8943
486   80.139    82.5595
487   80.139    82.2846
488   80.139    84.0182
489   80.139    82.7348
490   80.139    82.9197
491   80.139    84.3272
492   80.139    85.6091
493   80.139    85.4837
494   80.139    85.554
495   80.108    83.3666
496   80.108    83.8299
497   80.108    83.3434
498   80.0745    83.0986
499   80.0745    83.419
500   80.0745    83.9076
501   80.0745    83.4616
502   80.0562    83.4313
503   78.8273    82.2931
504   78.8273    82.1473
505   78.8273    82.1547
506   77.9938    82.7535
507   77.9938    83.6076
508   77.9938    83.1667
509   77.9938    82.883
510   77.9938    81.7355
511   77.9938    80.541
512   77.9938    80.4937
513   77.9938    80.8225
514   77.9938    81.6833
515   77.9938    80.0767
516   77.9938    80.5949
517   77.9938    80.1371
518   77.9938    79.4775
519   77.9938    80.0356
520   77.9938    80.3149
521   77.9938    80.5708
522   77.9938    80.8671
523   77.9938    81.3658
524   77.9938    82.3619
525   77.9938    82.405
526   77.9938    82.4711
527   77.9938    82.2755
528   77.9938    83.0101
529   77.4007    83.011
530   77.4007    84.2847
531   77.4007    82.0689
532   77.4007    79.9178
533   77.4007    80.0748
534   77.4007    80.433
535   77.4007    81.3298
536   77.4007    81.0887
537   77.4007    80.3961
538   77.0118    80.5094
539   77.0118    80.1812
540   77.0118    80.1584
541   77.0118    80.096
542   77.0118    81.3178
543   77.0118    80.9543
544   77.0118    79.2957
545   77.0118    80.4015
546   77.0118    80.022
547   77.0118    79.0639
548   77.0118    78.3175
549   76.9937    79.6775
550   76.9937    78.4761
551   76.9937    78.2025
552   76.9937    78.1558
553   76.9937    79.2914
554   76.9937    79.5745
555   76.9937    78.6261
556   76.9937    78.7633
557   76.9937    79.5505
558   76.9937    78.8339
559   76.9937    79.3243
560   76.9937    80.738
561   76.9937    79.9043
562   76.9937    78.4908
563   76.9937    77.7274
564   76.9937    78.6982
565   76.9937    80.2711
566   76.9937    80.1915
567   76.9937    80.8169
568   76.9937    81.6067
569   76.9937    82.0616
570   76.9937    80.5753
571   76.9937    80.4578
572   76.9937    79.8663
573   76.9937    81.0289
574   76.9937    78.4618
575   76.259    78.7524
576   76.259    79.013
577   76.259    79.0883
578   76.259    79.4971
579   76.259    78.8354
580   76.259    79.1907
581   76.259    79.492
582   76.259    79.3683
583   76.259    80.0964
584   76.0006    79.1178
585   76.0006    79.109
586   76.0006    79.346
587   76.0006    78.5832
588   76.0006    79.5613
589   76.0006    77.5776
590   75.8577    77.5679
591   75.8577    77.4495
592   75.8577    77.5029
593   75.8577    79.0837
594   75.8577    79.5461
595   75.8577    80.2187
596   75.8577    80.1148
597   75.8577    80.0738
598   75.8577    78.6718
599   75.8577    78.325
600   75.8577    78.109
601   75.8577    79.8495
602   75.8528    79.782
603   75.8528    79.1346
604   75.8528    79.1054
605   75.8528    78.2216
606   75.8528    79.682
607   75.8528    81.1104
608   75.8528    80.1018
609   75.8528    79.7527
610   75.8528    78.9225
611   75.8528    80.2392
612   75.8528    79.3272
613   75.8528    80.1383
614   75.8528    78.773
615   75.8528    78.762
616   75.8528    79.0756
617   75.8528    77.9565
618   75.6539    77.605
619   75.6539    77.9011
620   75.6539    78.2654
621   75.6539    76.9002
622   75.6539    78.1458
623   75.6539    78.0442
624   75.4866    78.0851
625   75.4866    77.615
626   75.4866    78.2603
627   75.4866    77.8714
628   75.4866    78.6306
629   75.4866    79.9613
630   75.4866    80.0531
631   75.2925    79.6044
632   75.2925    79.7889
633   74.5893    79.1705
634   74.5893    79.1477
635   74.5893    78.0756
636   74.5893    76.5262
637   74.3924    76.9113
638   74.3924    77.0993
639   74.3924    77.2582
640   74.3924    78.1778
641   74.1733    79.7099
642   74.1733    77.805
643   74.1733    76.5815
644   74.1708    77.3114
645   74.1708    77.1597
646   74.0885    78.8757
647   74.0885    77.6648
648   73.9634    78.7307
649   73.9634    78.4902
650   73.9634    79.1225
651   73.9634    78.0575
652   73.9634    76.8731
653   73.9634    75.657
654   73.9634    75.4058
655   73.9634    75.7571
656   73.9634    75.5509
657   73.9634    75.9068
658   73.9634    75.5139
659   73.9634    76.2773
660   73.9634    77.8608
661   73.9634    76.4706
662   73.9634    76.9514
663   73.9634    78.2392
664   73.9634    76.0539
665   73.9634    76.6756
666   73.9634    76.04
667   73.9634    75.8065
668   73.9634    75.1793
669   73.9634    75.0815
670   73.9634    76.7659
671   73.9634    76.9049
672   73.9634    77.0659
673   73.9634    75.9183
674   73.9634    76.426
675   73.9634    75.6244
676   73.9634    77.3386
677   73.9634    77.5874
678   73.9634    78.4281
679   73.9634    77.071
680   73.9634    77.0461
681   73.9634    78.1885
682   73.9634    77.5944
683   73.9634    78.022
684   73.9634    79.9386
685   73.9634    77.0954
686   73.4566    77.1592
687   73.4566    77.3767
688   73.4566    77.5398
689   73.4566    78.9628
690   73.4566    77.9675
691   73.4566    79.018
692   73.4566    77.6822
693   73.0898    75.7143
694   73.0898    76.8403
695   73.0898    78.0026
696   73.0898    77.3212
697   73.0898    75.8431
698   73.0898    75.5534
699   73.0898    75.2192
700   73.0898    76.6318
701   72.6621    76.5197
702   72.0963    77.1505
703   71.673    75.9386
704   71.673    76.4793
705   71.533    75.1306
706   71.533    75.4615
707   71.1098    75.1802
708   71.1098    76.8274
709   71.1098    74.0988
710   71.1098    73.4135
711   71.1098    73.3259
712   71.1098    72.9323
713   71.1098    72.7145
714   71.1098    73.7296
715   71.1098    73.237
716   71.1098    72.7056
717   71.1098    73.8538
718   71.1098    74.1801
719   71.1098    73.2683
720   71.1098    72.9536
721   71.1098    74.6072
722   71.1098    74.2858
723   71.1098    73.78
724   71.1098    74.7204
725   71.1098    73.5998
726   71.1098    73.6689
727   71.1098    73.2858
728   71.1098    73.0881
729   71.1098    73.6645
730   71.1098    72.1403
731   71.1098    72.8093
732   70.41    72.541
733   70.41    72.619
734   70.41    71.8937
735   70.41    72.7982
736   70.41    72.9265
737   70.41    72.5861
738   70.41    72.9965
739   70.41    72.7568
740   70.41    73.8991
741   70.41    73.7987
742   70.41    72.6982
743   70.41    73.3156
744   70.41    73.0141
745   70.41    72.4172
746   70.41    73.0888
747   70.1829    72.8697
748   70.1829    72.9509
749   70.1829    74.2584
750   70.1829    72.5991
751   70.1829    71.5661
752   70.1829    71.5768
753   70.1829    71.6496
754   70.1829    71.3138
755   70.1829    71.3277
756   70.1829    70.8511
757   70.1829    73.3166
758   70.1829    72.5015
759   70.1829    73.4149
760   70.1829    74.8406
761   70.1829    73.8052
762   70.1829    75.99
763   70.1829    74.5176
764   70.1829    73.0086
765   70.1829    73.0888
766   70.1829    74.2095
767   70.1829    73.4574
768   70.1829    72.5211
769   70.1829    72.157
770   70.1829    72.2766
771   70.1829    72.2938
772   70.1829    72.5065
773   70.1829    72.4497
774   70.1829    74.6651
775   70.1829    74.5381
776   70.1829    74.9284
777   70.1829    75.4428
778   70.1829    75.233
779   70.1829    72.9754
780   70.1829    74.3696
781   70.1829    73.5443
782   70.1829    73.7582
783   70.1829    73.6961
784   70.1829    74.15
785   70.1829    74.579
786   70.1829    73.2267
787   70.1829    75.055
788   70.1829    75.2794
789   70.1829    75.341
790   70.1829    74.6308
791   70.1829    76.0176
792   70.1829    76.3862
793   70.1829    76.2286
794   70.1829    76.1776
795   70.1829    77.5631
796   70.1829    76.3575
797   70.1829    75.6118
798   70.1829    75.5478
799   70.1829    74.1741
800   69.7179    74.7372
801   69.7179    73.7959
802   69.7179    73.8178
803   69.7179    73.2539
804   69.7179    74.027
805   69.7179    73.9791
806   69.7179    72.9972
807   69.7179    73.5754
808   69.7179    72.2071
809   69.7179    74.6188
810   69.7179    73.7852
811   69.7179    71.9566
812   69.7071    71.1291
813   69.7071    73.1354
814   69.7071    72.0434
815   69.7071    71.3972
816   69.7071    71.7772
817   69.7071    72.3378
818   69.7071    73.5714
819   69.7071    71.9866
820   69.7071    72.7293
821   69.7071    74.838
822   69.7071    72.8103
823   69.7071    74.1207
824   69.7071    73.0613
825   69.7071    73.1312
826   69.3019    74.3676
827   69.3019    73.1242
828   69.3019    71.9711
829   69.3019    71.1626
830   69.3019    70.891
831   69.3019    72.438
832   69.3019    71.3034
833   69.3019    71.2193
834   69.3019    72.4402
835   69.3019    71.938
836   69.3019    72.8248
837   69.3019    74.0043
838   69.3019    72.7278
839   69.3019    71.0573
840   69.3019    71.9129
841   69.3019    73.6896
842   69.3019    77.3083
843   69.3019    78.0586
844   69.3019    77.2108
845   69.3019    79.2572
846   69.3019    78.4335
847   69.3019    78.0292
848   69.3019    79.784
849   69.3019    76.0243
850   69.3019    77.1266
851   69.3019    74.5522
852   69.3019    73.5203
853   69.3019    73.9728
854   69.3019    73.5708
855   69.3019    74.8139
856   69.3019    73.6202
857   69.3019    73.1663
858   69.3019    73.2355
859   69.3019    73.9957
860   69.3019    76.1477
861   69.3019    74.1404
862   69.3019    74.9355
863   69.3019    72.9857
864   69.3019    72.534
865   69.3019    73.2706
866   69.3019    72.9
867   69.3019    72.6246
868   69.3019    73.0841
869   69.3019    75.0143
870   69.3019    74.6405
871   69.3019    73.6068
872   69.3019    72.4547
873   69.3019    72.5983
874   69.3019    72.6714
875   69.3019    75.0873
876   69.3019    73.412
877   69.3019    73.4416
878   69.3019    72.557
879   69.3019    72.7323
880   69.3019    73.4016
881   69.3019    72.714
882   69.3019    72.9039
883   69.3019    72.1904
884   69.3019    71.6073
885   69.3019    72.4787
886   69.3019    73.5184
887   69.3019    72.7636
888   69.3019    71.2269
889   69.3019    72.3334
890   69.3019    72.0104
891   69.3019    73.1948
892   69.2825    73.5667
893   69.2825    72.8666
894   69.2825    72.5263
895   69.2825    75.7315
896   69.2825    73.9291
897   69.2825    74.0955
898   69.2825    71.8281
899   69.2825    70.0511
900   69.2825    71.0637
901   69.2825    73.2468
902   69.2825    74.077
903   69.2825    74.3088
904   69.2825    76.1797
905   69.2825    77.2448
906   69.2825    77.756
907   69.2825    80.4847
908   69.2825    78.3463
909   69.2825    79.0475
910   69.2825    80.7194
911   69.2825    78.4722
912   69.2825    78.8518
913   69.2825    77.858
914   69.2825    76.9582
915   69.2825    74.5783
916   69.2825    73.4868
917   69.2825    72.7808
918   69.2825    73.6814
919   69.2825    73.941
920   69.2825    72.9056
921   69.2825    73.1296
922   69.2825    74.2546
923   69.2825    74.1128
924   69.2825    73.0463
925   69.2825    73.3809
926   69.2825    75.3902
927   69.2825    74.2816
928   69.2825    73.0597
929   69.2825    72.8195
930   69.2825    73.3568
931   69.2825    73.2595
932   69.2825    72.4924
933   69.2825    74.0636
934   69.2825    71.8788
935   69.2825    73.1683
936   69.2825    73.5248
937   69.2825    72.697
938   69.2825    73.0294
939   69.2825    73.4567
940   69.2825    71.5141
941   69.1961    72.9409
942   69.1961    71.5971
943   69.1961    70.9403
944   69.1961    71.8392
945   69.1961    72.0396
946   69.1961    70.425
947   69.1961    70.1853
948   69.1961    72.0538
949   69.1961    71.9671
950   69.1961    73.4557
951   69.1961    74.7347
952   69.1961    74.1342
953   69.1961    73.5159
954   69.1961    74.7186
955   69.1961    74.1357
956   69.1961    75.1488
957   69.1961    75.8585
958   69.1961    75.9124
959   69.1961    76.3431
960   69.1961    74.9184
961   69.1961    72.7718
962   69.1961    71.1963
963   69.1961    72.6601
964   69.1961    71.669
965   69.1961    71.4845
966   69.1961    70.9859
967   69.1961    70.1978
968   69.1961    71.4295
969   69.1961    72.1441
970   69.1961    71.1104
971   69.1961    71.4634
972   69.1961    70.6657
973   69.1961    72.3496
974   69.1961    71.4649
975   69.1961    71.4919
976   69.1961    72.2161
977   69.1961    72.5993
978   69.0089    72.7642
979   69.0089    71.9165
980   69.0089    74.9412
981   69.0089    76.3339
982   69.0089    76.2362
983   69.0089    77.4361
984   69.0089    75.3607
985   69.0089    74.392
986   69.0089    72.6248
987   69.0089    72.4868
988   69.0089    72.4018
989   69.0089    72.1024
990   69.0089    72.6029
991   69.0089    71.9369
992   69.0089    71.8603
993   69.0089    71.8839
994   69.0089    71.7094
995   69.0089    71.0045
996   69.0089    72.25
997   69.0089    72.012
998   69.0089    73.2225
999   69.0089    72.5052
1000   69.0089    71.9352
1001   68.5824    72.7705
1002   68.5824    74.9134
1003   68.5824    77.4249
1004   68.5824    77.2574
1005   68.5824    75.7412
1006   68.5824    75.629
1007   68.5824    75.8523
1008   68.5824    73.9803
1009   68.5824    73.4327
1010   68.5824    74.09
1011   68.5824    71.2848
1012   68.5824    71.1349
1013   68.5824    70.4726
1014   68.5824    70.4379
1015   68.5824    69.9384
1016   68.5824    71.0289
1017   68.5824    71.5759
1018   68.5824    72.4585
1019   68.5824    71.0114
1020   68.5824    71.3722
1021   68.5824    71.5535
1022   68.5824    72.5605
1023   68.5824    72.6635
1024   68.5824    72.1138
1025   68.5824    72.3188
1026   68.5824    71.6273
1027   68.5824    71.9629
1028   68.3283    73.3579
1029   68.3283    72.3033
1030   68.3283    72.0713
1031   68.3283    70.9396
1032   68.3283    71.0936
1033   68.3283    70.0279
1034   68.3283    70.5888
1035   68.3283    70.069
1036   68.3283    71.1155
1037   68.3283    72.3587
1038   68.3283    72.1734
1039   68.3283    71.7554
1040   68.3283    73.6162
1041   68.3283    73.5371
1042   68.3283    73.0468
1043   68.3283    72.5293
1044   68.3283    73.684
1045   68.3283    74.6483
1046   68.3283    72.1167
1047   68.3283    71.581
1048   68.3283    72.5175
1049   68.3283    74.5338
1050   68.3283    76.4455
1051   68.3283    75.5372
1052   68.3283    75.6241
1053   68.3283    77.2172
1054   68.3283    75.6536
1055   68.3283    75.5621
1056   68.3283    78.0161
1057   68.3283    80.4189
1058   68.3283    78.9524
1059   68.3283    80.8614
1060   68.3283    79.2877
1061   68.3283    77.6889
1062   68.3283    77.6807
1063   68.3283    73.8189
1064   68.3283    73.5032
1065   68.3283    74.3203
1066   68.3283    73.1052
1067   68.3283    71.1327
1068   68.3283    71.434
1069   68.3283    72.4848
1070   68.3283    69.4625
1071   68.3283    69.0824
1072   68.3283    68.9417
1073   68.3283    70.267
1074   68.3283    70.7797
1075   68.3283    71.4134
1076   68.3283    72.0982
1077   68.3283    71.7446
1078   68.3283    71.4192
1079   68.3283    73.8485
1080   68.3283    73.2346
1081   68.3283    74.7268
1082   68.3283    71.6972
1083   68.3283    70.1902
1084   68.3283    70.8138
1085   68.3283    70.3869
1086   68.3283    70.5963
1087   68.3283    70.8148
1088   68.3283    71.2662
1089   68.3283    70.46
1090   68.3283    70.8384
1091   68.3283    71.0088
1092   68.3283    70.8736
1093   68.3283    70.4974
1094   68.3283    70.4768
1095   68.3283    70.5954
1096   68.3283    71.9457
1097   68.3283    71.8064
1098   68.3283    70.3799
1099   68.3283    70.6349
1100   68.3283    71.5481
1101   67.2091    69.8798
1102   67.2091    70.5901
1103   67.1553    71.4883
1104   67.1131    71.1225
1105   67.1131    71.6889
1106   67.1131    70.4368
1107   67.1131    69.3552
1108   67.1131    71.1282
1109   67.1131    71.533
1110   67.1131    69.5127
1111   67.1131    68.4865
1112   67.1131    68.6769
1113   67.1131    70.4334
1114   67.1131    72.1949
1115   67.1131    71.3335
1116   67.1131    71.6189
1117   67.1131    70.2624
1118   67.1131    69.9665
1119   67.1131    72.468
1120   67.1131    71.0115
1121   67.1131    70.5665
1122   67.1131    70.3559
1123   67.1131    70.7442
1124   67.1131    72.8193
1125   67.1131    72.1421
1126   67.1131    73.3235
1127   67.1131    72.192
1128   67.1131    71.1373
1129   67.1131    71.1048
1130   67.1131    70.4646
1131   67.1131    69.9055
1132   67.1131    70.041
1133   67.1131    70.2757
1134   67.1131    69.556
1135   67.1131    69.6044
1136   67.1131    69.8685
1137   67.1131    69.0929
1138   67.1131    69.4804
1139   67.1131    69.2624
1140   67.1131    70.015
1141   67.1131    70.2636
1142   67.1131    69.6951
1143   67.1131    70.4801
1144   67.1131    70.0011
1145   67.1131    69.4231
1146   67.1131    69.4592
1147   67.1131    69.3219
1148   67.1131    68.7671
1149   67.1131    69.5078
1150   67.1131    70.2924
1151   67.1131    70.1718
1152   67.1131    71.1961
1153   67.1131    72.165
1154   67.1131    71.0576
1155   67.1131    70.2568
1156   67.1131    70.477
1157   67.1131    69.1915
1158   67.1131    70.9606
1159   67.1131    72.2883
1160   67.1131    72.6969
1161   67.1131    71.9651
1162   67.1131    72.3926
1163   67.1131    70.9895
1164   67.1131    71.3556
1165   67.1131    72.069
1166   67.1131    71.9885
1167   67.1131    71.1017
1168   67.1131    70.7956
1169   67.1131    71.857
1170   67.1131    69.4458
1171   67.1131    68.573
1172   67.1131    69.8561
1173   67.1131    69.0831
1174   67.1131    70.2297
1175   67.1131    69.7716
1176   67.1131    70.7397
1177   67.095    70.4225
1178   67.095    71.9893
1179   67.095    72.7774
1180   67.095    71.0911
1181   67.095    70.5617
1182   67.095    71.109
1183   67.095    71.8609
1184   67.095    71.0822
1185   67.095    70.7209
1186   67.095    70.3905
1187   67.095    69.07
1188   67.095    69.8207
1189   67.095    70.6079
1190   67.095    70.0074
1191   67.095    71.3037
1192   67.095    69.6164
1193   67.095    69.2213
1194   67.095    70.1158
1195   67.095    70.4122
1196   67.095    70.7809
1197   67.095    71.8029
1198   67.095    71.9924
1199   67.095    71.6282
1200   67.095    70.7444
1201   66.7418    71.2196
1202   66.7418    70.5817
1203   66.7418    70.9773
1204   66.7418    72.3456
1205   66.6788    73.871
1206   66.6788    72.4766
1207   66.6788    72.4955
1208   66.6788    70.0126
1209   66.6788    69.9696
1210   66.6788    70.2259
1211   66.6788    69.5758
1212   66.6788    69.274
1213   66.6788    70.2096
1214   66.6788    71.1207
1215   66.6788    71.3361
1216   66.6788    71.7874
1217   66.6788    70.1851
1218   66.6788    70.1777
1219   66.6788    69.3229
1220   66.6788    71.0095
1221   66.6788    69.6978
1222   66.6788    69.771
1223   66.6788    69.4649
1224   66.6788    68.8914
1225   66.6788    69.9453
1226   66.6788    69.3562
1227   66.6788    68.6398
1228   66.6788    68.6847
1229   66.6788    70.0308
1230   66.6788    70.111
1231   66.6788    70.52
1232   66.6788    71.8119
1233   66.6788    71.1121
1234   66.6788    72.6271
1235   66.6788    71.5363
1236   66.6788    72.2618
1237   66.6788    71.3114
1238   66.6788    72.082
1239   66.6788    72.4498
1240   66.6788    72.4215
1241   66.6788    69.6044
1242   66.6788    68.7366
1243   66.6788    69.3546
1244   66.6788    71.386
1245   66.6788    70.0942
1246   66.6788    71.1264
1247   66.6788    71.3961
1248   66.6788    71.1669
1249   66.6788    70.6353
1250   66.6788    69.5885
1251   66.6788    69.5777
1252   66.6788    68.0404
1253   66.6788    70.3763
1254   66.6788    70.4344
1255   66.6788    69.339
1256   66.6788    70.4599
1257   66.6788    69.5863
1258   66.6788    69.966
1259   66.6788    70.774
1260   66.6788    70.0865
1261   66.6788    69.7658
1262   66.6788    70.3258
1263   66.6788    70.7193
1264   66.6788    71.6175
1265   66.6788    71.2336
1266   66.6788    69.0278
1267   66.6788    69.5195
1268   66.6788    67.7762
1269   66.6788    68.6012
1270   66.6788    70.5479
1271   66.6788    71.2369
1272   66.6788    70.9819
1273   66.6788    71.0189
1274   66.6788    71.0004
1275   66.6788    70.3694
1276   66.6788    68.8789
1277   66.6788    70.2507
1278   66.6788    68.7023
1279   66.6788    69.3291
1280   66.6788    69.4614
1281   66.6788    70.405
1282   66.6788    72.8711
1283   66.6788    71.6712
1284   66.6788    71.3694
1285   66.6788    70.9355
1286   66.6788    70.3271
1287   66.6788    70.1228
1288   66.6788    70.0666
1289   66.6788    70.083
1290   66.6788    69.4346
1291   66.6788    69.7047
1292   66.6788    69.4313
1293   66.6788    69.661
1294   66.6788    70.8951
1295   66.6788    68.6322
1296   66.6788    69.1
1297   66.6788    69.0391
1298   66.6788    69.7009
1299   66.6788    69.0521
1300   66.6788    70.5238
1301   66.6788    70.0546
1302   66.6788    69.0237
1303   66.6788    68.6235
1304   66.6788    67.9667
1305   66.6788    70.6904
1306   66.6788    69.849
1307   66.6788    70.5686
1308   66.6788    70.7049
1309   66.6788    68.5674
1310   66.6788    69.4263
1311   66.6788    69.5983
1312   66.6788    68.8084
1313   66.6788    68.6802
1314   66.6788    68.5711
1315   66.6788    68.6701
1316   66.6788    71.0936
1317   66.6788    69.6353
1318   66.6788    69.3347
1319   66.6788    68.366
1320   66.6788    68.5005
1321   66.6788    68.7393
1322   66.6788    69.3784
1323   66.6788    68.666
1324   66.6788    68.7381
1325   66.6788    70.0078
1326   66.6788    69.4673
1327   66.6788    67.6731
1328   66.6788    69.5463
1329   66.6788    68.6109
1330   66.6788    69.0208
1331   66.6788    71.5999
1332   66.6788    71.705
1333   66.6788    71.0203
1334   66.6788    71.2269
1335   66.6788    70.5181
1336   66.6788    70.125
1337   66.6788    69.3096
1338   66.6788    69.5597
1339   66.6788    69.3321
1340   66.6788    68.7642
1341   66.6788    69.2668
1342   66.6788    69.2759
1343   66.6788    69.7071
1344   66.6788    69.8277
1345   66.6788    69.0729
1346   66.6788    69.4036
1347   66.6788    69.8056
1348   66.6788    68.9037
1349   66.6788    69.6826
1350   66.6788    69.6596
1351   66.6788    69.4786
1352   66.6788    69.6957
1353   66.6788    68.6818
1354   66.6788    68.409
1355   66.6788    67.7398
1356   66.6788    69.5298
1357   66.6788    69.959
1358   66.6788    70.8232
1359   66.6788    70.1037
1360   66.6788    69.6995
1361   66.6788    70.3384
1362   66.6788    69.8779
1363   66.6788    69.3442
1364   66.6788    68.1004
1365   66.6788    68.8432
1366   66.6788    69.4267
1367   66.6788    69.0414
1368   66.6788    68.7727
1369   66.6788    69.2826
1370   66.6788    68.5361
1371   66.6788    70.7184
1372   66.6788    69.9098
1373   66.6788    69.8048
1374   66.6788    71.3855
1375   66.6788    71.604
1376   66.6788    70.5458
1377   66.6788    70.9938
1378   66.6788    70.1275
1379   66.6788    70.7929
1380   66.6788    70.8982
1381   66.6788    70.3997
1382   66.6788    69.9551
1383   66.6788    71.5074
1384   66.6788    69.7481
1385   66.6788    70.1739
1386   66.6788    70.0921
1387   66.6788    70.2362
1388   66.6788    72.0247
1389   66.6788    70.9948
1390   66.6788    70.3037
1391   66.6788    69.1652
1392   66.6788    68.6627
1393   66.6788    69.1837
1394   66.6788    68.4694
1395   66.6788    69.4427
1396   66.6788    68.7408
1397   66.6788    68.9541
1398   66.6788    68.7542
1399   66.6788    69.5912
1400   66.6788    69.3108
1401   66.6788    70.7212
1402   66.6788    70.7405
1403   66.6788    70.298
1404   66.6788    69.148
1405   66.6788    68.1663
1406   66.6788    68.3296
1407   66.6788    69.0617
1408   66.6788    70.2537
1409   66.6788    71.6524
1410   66.6788    70.6239
1411   66.6788    70.6534
1412   66.6788    71.3977
1413   66.6788    71.2817
1414   66.6788    71.2211
1415   66.6788    72.0337
1416   66.6788    71.0586
1417   66.6788    72.5724
1418   66.6788    70.4966
1419   66.6788    70.0857
1420   66.6788    68.9678
1421   66.6788    70.1026
1422   66.6788    70.7588
1423   66.6788    70.9997
1424   66.6788    69.3925
1425   66.6788    68.7031
1426   66.6788    70.8385
1427   66.6788    72.3062
1428   66.6788    72.4207
1429   66.6788    70.3235
1430   66.6788    70.156
1431   66.6788    69.9934
1432   66.6788    69.3734
1433   66.6788    69.3595
1434   66.6788    69.6513
1435   66.6788    69.4258
1436   66.6788    68.9731
1437   66.6788    69.8723
1438   66.6788    69.7363
1439   66.6788    70.9149
1440   66.6788    70.7694
1441   66.6788    70.7816
1442   66.6788    71.0862
1443   66.6788    71.5366
1444   66.6788    69.5497
1445   66.6788    69.3714
1446   66.6788    68.4426
1447   66.6788    67.8393
1448   66.6788    67.7505
1449   66.6788    67.8175
1450   66.6788    67.9287
1451   66.6788    67.9111
1452   66.6788    68.7708
1453   66.6788    70.4603
1454   66.6788    69.6404
1455   66.6788    69.8188
1456   66.6788    71.9321
1457   66.6788    70.5346
1458   66.6788    69.0127
1459   66.6788    68.5333
1460   66.6788    68.9359
1461   66.6788    70.3084
1462   66.6788    70.8055
1463   66.6788    68.9729
1464   66.6788    71.0238
1465   66.6788    71.4374
1466   66.6788    72.2246
1467   66.6788    72.3758
1468   66.6788    71.374
1469   66.6788    70.8871
1470   66.6788    71.7953
1471   66.6788    70.8887
1472   66.6788    71.8472
1473   66.6788    72.4388
1474   66.6788    71.6227
1475   66.6788    70.4203
1476   66.6788    71.8449
1477   66.6788    69.9585
1478   66.6788    69.844
1479   66.6788    71.409
1480   66.6788    69.8907
1481   66.6788    69.0602
1482   66.6788    70.1476
1483   66.6788    71.6068
1484   66.6788    69.6593
1485   66.6788    68.2216
1486   66.6788    70.5611
1487   66.6788    69.1867
1488   66.6788    71.1955
1489   66.6788    70.9222
1490   66.6788    71.4568
1491   66.6788    70.6308
1492   66.6788    70.4177
1493   66.6788    69.4982
1494   66.6788    69.5734
1495   66.6788    69.7178
1496   66.6788    69.656
1497   66.6788    69.0571
1498   66.6788    69.7497
1499   66.6788    68.4533
1500   66.6788    69.2553
1501   66.2835    69.4778
1502   66.2835    70.2032
1503   66.2835    71.0644
1504   66.2835    71.1282
1505   66.2835    70.6447
1506   66.2835    68.916
1507   66.2835    67.8178
1508   66.2835    67.3018
1509   66.2835    66.9346
1510   66.2835    66.989
1511   66.2835    67.589
1512   66.2835    67.4566
1513   66.2835    68.3047
1514   66.2835    69.8465
1515   66.2835    69.3216
1516   66.2835    69.7099
1517   66.2835    67.9896
1518   66.2835    70.1983
1519   66.2835    70.4932
1520   66.2835    69.269
1521   66.2835    69.8867
1522   66.2835    69.1368
1523   66.2835    69.0707
1524   66.2835    68.5832
1525   66.2835    67.8684
1526   66.2835    68.2755
1527   66.2835    67.7224
1528   66.2835    69.0428
1529   66.2835    68.7927
1530   66.2835    69.9472
1531   66.2835    70.6436
1532   66.2835    70.3417
1533   66.2835    70.2445
1534   66.2835    69.8534
1535   66.2835    68.5642
1536   66.2835    68.4689
1537   66.2835    67.5719
1538   66.2835    67.1355
1539   66.2835    69.666
1540   66.2835    69.2764
1541   66.2835    68.7871
1542   66.2835    70.1248
1543   66.2835    68.7053
1544   66.2835    69.4334
1545   66.2835    70.8625
1546   66.2835    71.7038
1547   66.2835    73.1068
1548   66.2835    72.8823
1549   66.2835    74.8057
1550   66.2835    73.7735
1551   66.2835    72.3705
1552   66.2835    69.4665
1553   66.2835    69.5202
1554   66.2835    69.9963
1555   66.2835    69.1398
1556   66.2835    69.5469
1557   66.2835    70.3753
1558   66.2835    70.0699
1559   66.2835    69.1093
1560   66.2835    69.0081
1561   66.2835    69.482
1562   66.2835    69.9179
1563   66.2835    69.6361
1564   66.2835    69.1907
1565   66.2835    71.2285
1566   66.2835    71.6043
1567   66.2835    69.5323
1568   66.2835    68.7562
1569   66.2835    71.0312
1570   66.2835    71.0376
1571   66.2835    69.7204
1572   66.2835    70.1708
1573   66.2835    70.5295
1574   66.2835    72.6673
1575   66.2835    71.799
1576   66.2835    70.696
1577   66.2835    70.8599
1578   66.2835    71.9405
1579   66.2835    70.4218
1580   66.2835    69.0884
1581   66.2835    70.1334
1582   66.2835    70.8327
1583   66.2835    70.3816
1584   66.2835    70.0163
1585   66.2835    70.5772
1586   66.2835    70.933
1587   66.2835    71.0876
1588   66.2835    70.9856
1589   66.2835    69.6843
1590   66.2835    68.7912
1591   66.2835    68.7276
1592   66.2835    68.2221
1593   66.2835    68.898
1594   66.2835    69.0084
1595   66.2835    70.1062
1596   66.2835    68.6898
1597   66.2835    69.5234
1598   66.2835    68.7747
1599   66.2835    69.8488
1600   66.2835    70.0643
1601   66.0184    71.4041
1602   66.0184    70.1107
1603   66.0184    69.764
1604   66.0184    69.0736
1605   66.0184    67.6522
1606   66.0184    67.6943
1607   66.0184    69.1912
1608   66.0184    69.1778
1609   66.0184    69.8149
1610   66.0184    70.4264
1611   66.0184    69.357
1612   66.0184    67.2478
1613   66.0184    67.3121
1614   66.0184    67.2432
1615   66.0184    69.6555
1616   66.0184    70.2593
1617   66.0184    70.1247
1618   66.0184    69.689
1619   66.0184    70.6817
1620   66.0184    70.5079
1621   66.0184    70.3962
1622   66.0184    68.9847
1623   66.0184    69.4541
1624   66.0184    69.0699
1625   66.0184    67.5273
1626   66.0184    67.5411
1627   66.0184    69.366
1628   66.0184    67.3311
1629   66.0184    68.5143
1630   66.0184    69.5328
1631   66.0184    68.5678
1632   66.0184    67.2125
1633   66.0184    68.1268
1634   66.0184    68.2199
1635   66.0184    69.8876
1636   66.0184    68.4535
1637   66.0184    68.3304
1638   66.0184    68.3658
1639   66.0184    70.3551
1640   66.0184    70.2283
1641   66.0184    68.7933
1642   66.0184    69.6601
1643   66.0184    70.1406
1644   66.0184    70.2517
1645   66.0184    71.9109
1646   66.0184    69.7915
1647   66.0184    70.4101
1648   66.0184    70.5583
1649   66.0184    67.6778
1650   66.0184    68.608
1651   66.0184    69.0087
1652   66.0184    69.9515
1653   66.0184    69.9243
1654   66.0184    69.7958
1655   66.0184    70.4253
1656   66.0184    69.1817
1657   66.0184    67.9834
1658   66.0184    68.3762
1659   66.0184    68.453
1660   66.0184    69.1934
1661   66.0184    69.7744
1662   66.0184    69.6452
1663   66.0184    69.515
1664   66.0184    70.1264
1665   66.0184    68.899
1666   66.0184    67.2293
1667   66.0184    66.7594
1668   66.0184    66.4442
1669   66.0184    67.3851
1670   66.0184    68.8185
1671   66.0184    68.7798
1672   66.0184    69.3318
1673   66.0184    69.9051
1674   66.0184    68.7513
1675   66.0184    69.7563
1676   66.0184    68.9853
1677   66.0184    69.8288
1678   66.0184    69.6251
1679   66.0184    69.1561
1680   66.0184    68.7137
1681   66.0184    70.1892
1682   66.0184    71.113
1683   66.0184    72.4386
1684   66.0184    70.7137
1685   66.0184    71.371
1686   66.0184    69.5574
1687   66.0184    68.711
1688   66.0184    69.2303
1689   66.0184    70.1881
1690   66.0184    69.8465
1691   66.0184    70.5798
1692   66.0184    71.9612
1693   66.0184    69.8648
1694   66.0184    68.7042
1695   66.0184    67.7524
1696   66.0184    67.5141
1697   66.0184    68.0682
1698   66.0184    67.3985
1699   66.0184    68.0599
1700   66.0184    68.9121
1701   65.7142    68.3687
1702   65.7142    68.4225
1703   65.7142    68.7211
1704   65.7142    68.722
1705   65.7142    68.551
1706   65.7142    69.363
1707   65.7142    71.0265
1708   65.7142    71.4182
1709   65.7142    70.483
1710   65.7142    69.0418
1711   65.7142    68.4472
1712   65.7142    68.044
1713   65.7142    68.193
1714   65.7142    68.2692
1715   65.7142    68.3817
1716   65.7142    70.1437
1717   65.7142    69.723
1718   65.7142    70.1839
1719   65.7142    71.0087
1720   65.7142    70.4218
1721   65.7142    70.7342
1722   65.7142    69.3464
1723   65.7142    68.4797
1724   65.7142    69.6934
1725   65.7142    68.0837
1726   65.7142    68.2627
1727   65.7142    67.8767
1728   65.7142    66.9727
1729   65.7142    68.23
1730   65.7142    68.6613
1731   65.7142    70.4638
1732   65.7142    70.1522
1733   65.7142    70.1495
1734   65.7142    70.7601
1735   65.7142    68.4776
1736   65.7142    69.1428
1737   65.7142    69.8849
1738   65.7142    70.2674
1739   65.7142    71.8928
1740   65.7142    71.4693
1741   65.7142    71.2255
1742   65.7142    70.6571
1743   65.7142    69.4901
1744   65.7142    69.9083
1745   65.7142    68.9703
1746   65.7142    68.7857
1747   65.7142    70.6771
1748   65.7142    70.1002
1749   65.7142    69.3195
1750   65.7142    69.2622
1751   65.7142    68.1467
1752   65.7142    69.4391
1753   65.7142    68.5267
1754   65.7142    69.5671
1755   65.7142    69.0759
1756   65.7142    69.2335
1757   65.7142    70.1202
1758   65.7142    69.8896
1759   65.7142    69.7854
1760   65.7142    68.44
1761   65.7142    68.2183
1762   65.7142    68.7407
1763   65.7142    68.6679
1764   65.7142    67.3176
1765   65.7142    68.6897
1766   65.7142    68.0601
1767   65.7142    69.3056
1768   65.7142    69.3979
1769   65.7142    67.9481
1770   65.7142    68.0725
1771   65.7142    69.6562
1772   65.7142    69.7468
1773   65.7142    69.091
1774   65.7142    67.4086
1775   65.7142    67.6396
1776   65.7142    67.9871
1777   65.7142    68.7252
1778   65.7142    70.5788
1779   65.7142    70.1625
1780   65.7142    72.6149
1781   65.7142    73.7411
1782   65.7142    73.925
1783   65.7142    72.5654
1784   65.7142    71.8495
1785   65.7142    70.9245
1786   65.7142    72.0313
1787   65.7142    71.464
1788   65.7142    69.4468
1789   65.7142    69.2099
1790   65.7142    68.9293
1791   65.7142    71.1609
1792   65.7142    70.2249
1793   65.7142    69.8474
1794   65.7142    70.4008
1795   65.7142    70.4463
1796   65.7142    68.7742
1797   65.7142    68.3158
1798   65.7142    68.0682
1799   65.7142    68.5085
1800   65.7142    69.3211
1801   65.7142    69.0246
1802   65.7142    69.1785
1803   65.7142    69.01
1804   65.7142    68.8037
1805   65.7142    70.263
1806   65.7142    69.2649
1807   65.7142    67.9543
1808   65.7142    68.3253
1809   65.7142    67.4362
1810   65.7142    67.7692
1811   65.7142    69.1163
1812   65.7142    68.7686
1813   65.7142    69.7371
1814   65.7142    71.2244
1815   65.7142    69.4334
1816   65.7142    69.3619
1817   65.7142    68.8826
1818   65.7142    68.3353
1819   65.7142    66.9286
1820   65.7142    68.2046
1821   65.7142    68.1376
1822   65.7142    69.8971
1823   65.7142    69.1563
1824   65.7142    69.615
1825   65.7142    69.5059
1826   65.7142    69.9745
1827   65.7142    70.2271
1828   65.7142    71.324
1829   65.7142    72.1596
1830   65.7142    70.2216
1831   65.7142    70.9551
1832   65.7142    67.753
1833   65.7142    66.8868
1834   65.7142    67.2696
1835   65.7142    68.8445
1836   65.7142    66.6936
1837   65.7142    67.7917
1838   65.7142    68.1738
1839   65.7142    68.3064
1840   65.7142    68.6586
1841   65.7142    69.0087
1842   65.7142    68.7111
1843   65.7142    68.6145
1844   65.7142    69.4401
1845   65.7142    69.123
1846   65.7142    68.5398
1847   65.7142    70.0789
1848   65.7142    71.3157
1849   65.7142    73.1872
1850   65.7142    73.1343
1851   65.7142    73.5827
1852   65.7142    74.8224
1853   65.7142    74.0373
1854   65.7142    74.038
1855   65.7142    70.5744
1856   65.7142    72.146
1857   65.7142    69.4184
1858   65.7142    69.6257
1859   65.7142    69.3211
1860   65.7142    68.7617
1861   65.7142    68.07
1862   65.7142    66.9906
1863   65.7142    67.7768
1864   65.7142    69.2396
1865   65.7142    69.8777
1866   65.7142    69.7866
1867   65.7142    69.4765
1868   65.7142    67.0318
1869   65.7142    66.754
1870   65.7142    67.4396
1871   65.7142    70.6514
1872   65.7142    68.8821
1873   65.7142    68.4579
1874   65.7142    69.3917
1875   65.7142    68.918
1876   65.7142    68.5132
1877   65.7142    69.234
1878   65.7142    70.3462
1879   65.7142    70.8521
1880   65.7142    68.1184
1881   65.7142    68.3398
1882   65.7142    69.6246
1883   65.7142    67.6748
1884   65.7142    67.0717
1885   65.7142    67.4444
1886   65.7142    68.2428
1887   65.7142    68.5024
1888   65.7142    69.0056
1889   65.7142    67.5736
1890   65.7142    69.7249
1891   65.7142    68.3149
1892   65.7142    68.9341
1893   65.7142    69.4985
1894   65.7142    70.5107
1895   65.7142    69.3457
1896   65.7142    70.105
1897   65.7142    68.7026
1898   65.7142    68.2251
1899   65.7142    68.6959
1900   65.7142    68.6391
1901   65.7142    68.0181
1902   65.7142    66.7524
1903   65.7142    67.6934
1904   65.7142    68.14
1905   65.7142    68.444
1906   65.7142    69.348
1907   65.7142    69.2906
1908   65.7142    68.5698
1909   65.7142    69.5981
1910   65.7142    71.1891
1911   65.7142    69.8365
1912   65.7142    68.2111
1913   65.7142    66.6937
1914   65.7142    68.0907
1915   65.7142    68.9479
1916   65.7142    67.9962
1917   65.7142    67.8484
1918   65.7142    67.6036
1919   65.7142    67.756
1920   65.7142    67.5997
1921   65.7142    66.6297
1922   65.7142    67.2671
1923   65.7142    66.5127
1924   65.7142    66.4951
1925   65.7142    66.6573
1926   65.7142    67.4095
1927   65.7142    67.676
1928   65.7142    68.2402
1929   65.7142    69.3159
1930   65.7142    69.244
1931   65.7142    70.2032
1932   65.7142    68.4179
1933   65.7142    68.0407
1934   65.7142    69.5929
1935   65.7142    70.5028
1936   65.7142    68.9491
1937   65.7142    67.4116
1938   65.7142    68.0149
1939   65.7142    68.5868
1940   65.7142    68.3344
1941   65.7142    69.2047
1942   65.7142    69.6643
1943   65.7142    69.4555
1944   65.7142    68.7081
1945   65.7142    69.6171
1946   65.7142    68.3516
1947   65.7142    67.8728
1948   65.7142    69.3415
1949   65.7142    68.6881
1950   65.7142    67.7906
1951   65.7142    69.3739
1952   65.7142    68.4888
1953   65.7142    67.8687
1954   65.7142    68.5826
1955   65.7142    69.4208
1956   65.7142    68.6258
1957   65.7142    69.8127
1958   65.7142    67.764
1959   65.7142    66.5296
1960   65.7142    66.6042
1961   65.7142    67.4546
1962   65.7142    67.973
1963   65.7142    67.9338
1964   65.7142    66.618
1965   65.7142    68.4123
1966   65.7142    68.4438
1967   65.7142    67.1088
1968   65.7142    67.2604
1969   65.7142    67.52
1970   65.7142    68.7159
1971   65.7142    68.6456
1972   65.7142    68.7995
1973   65.7142    68.9746
1974   65.7142    68.7242
1975   65.7142    69.9854
1976   65.7142    71.5208
1977   65.7142    71.522
1978   65.7142    70.2326
1979   65.7142    69.1756
1980   65.7142    69.3183
1981   65.7142    68.6225
1982   65.7142    70.0792
1983   65.7142    68.5432
1984   65.7142    68.5397
1985   65.7142    69.4474
1986   65.7142    68.6396
1987   65.7142    68.702
1988   65.7142    67.6571
1989   65.7142    68.5953
1990   65.7142    69.7472
1991   65.7142    68.3167
1992   65.7142    68.0178
1993   65.7142    67.8362
1994   65.7142    68.7574
1995   65.7142    68.3943
1996   65.7142    68.0803
1997   65.7142    66.9496
1998   65.7142    68.8494
1999   65.7142    67.3622
2000   65.7142    68.8707
