1   442.645    494.004
2   437.765    477.226
3   419.622    459.007
4   403.993    442.911
5   404.209    430.147
6   394.085    420.988
7   394.085    415.287
8   382.93    407.236
9   378.692    400.833
10   373.571    395.124
11   373.571    389.232
12   363.021    384.585
13   360.279    381.826
14   358.997    376.642
15   356.323    375.186
16   343.745    368.896
17   342.875    359.208
18   327.714    353.184
19   327.188    347.297
20   321.681    337.445
21   321.681    333.125
22   319.911    329.879
23   298.038    326.344
24   296.144    319.564
25   295.144    312.56
26   291.974    308.113
27   291.499    302.961
28   290.734    299.728
29   288.599    298.628
30   288.216    296.212
31   284.058    294.916
32   279.238    291.89
33   277.6    288.189
34   273.333    286.169
35   272.09    283.255
36   269.752    279.578
37   262.448    276.767
38   260.996    273.276
39   260.996    270.974
40   255.166    268.047
41   254.975    265.251
42   250.491    261.494
43   250.491    259.657
44   249.425    257.762
45   248.759    257.752
46   247.109    255.82
47   245.719    254.806
48   243.628    254.471
49   243.628    252.263
50   241.244    252.26
51   237.714    249.063
52   235.758    246.997
53   234.477    246.746
54   234.477    244.807
55   233.264    242.977
56   231.153    241.258
57   230.876    239.386
58   229.874    236.782
59   229.874    235.28
60   229.117    233.896
61   227.38    231.953
62   226.396    231.048
63   225.406    229.772
64   225.253    228.575
65   223.369    228.833
66   223.369    229.54
67   222.158    228.633
68   222.003    227.193
69   218.11    227.132
70   218.11    225.582
71   216.78    223.89
72   214.265    223.61
73   209.923    222.028
74   209.923    221.872
75   206.032    220.094
76   206.032    219.495
77   205.72    213.972
78   205.72    214.835
79   203.838    214.178
80   203.838    212.697
81   203.838    211.309
82   203.435    211.525
83   203.435    211.456
84   202.688    209.585
85   202.688    207.46
86   202.688    206.829
87   201.987    207.135
88   201.194    206.545
89   201.103    205.33
90   200.624    205.584
91   198.823    204.397
92   198.823    204.718
93   198.823    203.924
94   194.135    203.998
95   194.135    202.779
96   185.385    201.253
97   180.696    198.759
98   180.696    196.288
99   180.112    192.817
100   180.112    190.392
101   177.538    187.137
102   177.538    186.986
103   177.373    192.161
104   177.373    191.765
105   177.069    193.488
106   176.476    193.418
107   176.172    194.312
108   175.856    192.576
109   175.856    187.959
110   175.177    184.021
111   175.177    182.034
112   172.756    179.496
113   172.756    180.251
114   172.756    179.408
115   172.452    176.967
116   171.944    177.476
117   171.944    177.903
118   171.944    177.175
119   171.64    175.945
120   170.646    174.955
121   169.808    174.458
122   168.55    173.662
123   166.837    174.074
124   165.619    173.544
125   165.158    172.014
126   165.158    172.142
127   165.158    171.387
128   164.789    169.553
129   162.927    167.578
130   162.18    167.037
131   162.18    167.871
132   162.18    168.437
133   161.062    166.955
134   160.452    166.693
135   157.392    165.729
136   157.392    165.16
137   157.392    163.673
138   157.191    163.299
139   153.6    162.408
140   153.6    160.424
141   152.498    158.756
142   151.208    156.406
143   150.901    156.305
144   150.901    154.392
145   150.901    154.248
146   150.324    154.188
147   150.217    154.058
148   149.391    155.371
149   147.996    152.995
150   146.652    152.298
151   145.719    151.609
152   145.659    150.417
153   145.415    149.751
154   145.415    149.67
155   144.726    148.889
156   144.422    148.604
157   143.847    148.098
158   143.847    147.632
159   143.847    148.817
160   143.847    148.494
161   142.05    149.197
162   141.746    147.219
163   140.576    147.211
164   140.576    145.538
165   140.576    146.066
166   140.576    146.493
167   140.576    144.522
168   140.564    144.703
169   140.34    143.29
170   139.957    144.58
171   139.251    144.696
172   139.251    145.753
173   139.015    145.791
174   139.015    145.835
175   137.667    144.014
176   136.557    143.617
177   136.557    143.008
178   134.921    141.031
179   134.921    140.855
180   134.685    139.746
181   134.685    139.877
182   134.685    137.387
183   134.049    136.769
184   132.861    137.518
185   132.225    136.227
186   132.225    137.277
187   132.189    136.33
188   132.189    135.628
189   131.533    136.044
190   131.533    134.526
191   131.533    135.544
192   130.872    136.413
193   130.872    135.371
194   130.244    136.286
195   130.244    136.614
196   130.244    135.513
197   130.244    136.165
198   130.244    133.737
199   130.244    133.438
200   130.165    132.503
201   128.298    131.968
202   128.298    132.746
203   127.634    134.454
204   127.634    136.601
205   127.634    138.999
206   127.634    141.15
207   127.634    140.337
208   127.024    139.061
209   127.024    140.063
210   127.024    138.901
211   126.908    138.186
212   126.58    136.271
213   126.539    138.947
214   126.539    135.796
215   126.539    132.472
216   126.439    131.383
217   126.439    131.962
218   125.093    132.331
219   125.093    131.926
220   125.093    131.01
221   125.093    129.522
222   125.093    130.539
223   125.093    130.274
224   125.093    129.665
225   125.093    129.693
226   123.317    130.469
227   123.089    128.073
228   123.089    127.747
229   123.089    127.752
230   122.627    126.203
231   122.242    125.927
232   122.242    126.279
233   121.655    126.351
234   121.193    125.43
235   121.193    125.489
236   121.193    125.62
237   121.193    125.484
238   120.693    125.42
239   120.693    124.776
240   119.762    124.118
241   119.762    123.239
242   119.762    123.303
243   119.762    123.36
244   118.99    122.861
245   118.99    122.34
246   118.723    123.733
247   118.723    123.199
248   118.468    121.767
249   118.468    121.865
250   118.156    121.074
251   116.746    120.01
252   116.379    119.529
253   116.379    120.655
254   116.379    120.955
255   115.751    120.32
256   115.751    120.544
257   115.681    120.442
258   115.681    120.477
259   115.681    120.472
260   115.681    121.108
261   115.681    123.759
262   115.263    124.782
263   113.466    124.739
264   113.466    123.207
265   113.466    122.846
266   113.466    123.168
267   111.561    120.697
268   111.268    117.851
269   111.268    117.712
270   111.03    118.481
271   111.03    119.422
272   111.03    120.079
273   110.719    117.827
274   110.719    117.739
275   110.719    115.175
276   110.719    113.765
277   110.719    112.622
278   110.719    113.451
279   110.268    114.8
280   110.268    115.901
281   110.061    116.85
282   110.061    114.294
283   109.963    112.709
284   109.963    113.517
285   109.674    114.902
286   109.468    116.648
287   109.291    114.763
288   109.085    114.043
289   109.056    112.501
290   108.673    114.084
291   108.673    114.26
292   108.673    112.217
293   108.673    112.138
294   108.142    112.359
295   108.142    113.609
296   108.142    111.389
297   107.982    111.289
298   107.982    110.189
299   107.407    111.294
300   107.407    112.352
301   107.407    112.325
302   107.407    112.762
303   107.407    114.996
304   107.407    115.492
305   106.738    116.489
306   106.738    116.564
307   106.738    115.546
308   106.702    113.469
309   106.702    115.188
310   106.702    116.097
311   106.702    115.857
312   106.308    114.44
313   106.308    117.351
314   106.308    121.951
315   106.308    119.586
316   106.308    116.782
317   106.308    118.103
318   106.308    118.451
319   106.308    118.706
320   106.308    116.043
321   105.937    114.985
322   105.937    112.643
323   105.822    111.546
324   105.822    110.862
325   105.822    111.845
326   105.822    110.045
327   105.822    109.533
328   105.822    110.209
329   105.822    108.927
330   105.221    108.022
331   105.221    107.706
332   105.221    108.368
333   105.221    108.124
334   105.221    109.39
335   104.67    109.536
336   104.67    108.661
337   104.506    108.679
338   104.506    109.054
339   104.506    108.51
340   104.506    109.118
341   104.506    108.687
342   104.506    107.542
343   104.506    106.099
344   104.45    105.782
345   104.088    107.096
346   104.088    107.132
347   104.088    108.132
348   103.686    108.762
349   103.686    113.081
350   103.364    111.872
351   103.364    110.342
352   102.962    109.369
353   102.962    107.843
354   102.962    107.317
355   102.962    107.301
356   102.962    105.948
357   102.962    106.786
358   102.962    105.549
359   102.962    105.086
360   101.92    105.872
361   101.92    105.182
362   101.92    104.033
363   100.948    104.147
364   100.948    103.96
365   100.653    104.041
366   100.653    104.327
367   100.653    106.708
368   100.615    105.217
369   100.615    104.822
370   100.615    104.701
371   100.562    105.213
372   100.562    106.438
373   100.562    106.457
374   100.562    108.609
375   100.562    110.927
376   100.562    112.006
377   100.562    110.778
378   100.455    110.198
379   100.455    109.625
380   100.455    108.25
381   100.455    108.444
382   100.455    108.979
383   100.374    109.674
384   100.374    107.898
385   100.374    108.955
386   100.374    109.63
387   100.374    105.368
388   100.374    104.17
389   100.374    104.535
390   99.86    104.266
391   98.8876    103.029
392   98.8876    103.327
393   98.8876    105.509
394   98.8876    105.647
395   98.8876    105.776
396   98.8876    104.564
397   98.8876    103.724
398   98.8876    105.511
399   98.8876    105.757
400   98.8876    106.227
401   94.8458    104.914
402   94.8458    105.01
403   94.8458    103.943
404   94.8458    105.898
405   94.8458    106.052
406   94.8458    109.121
407   94.8458    109.823
408   94.8458    110.153
409   94.8458    106.893
410   94.8458    103.557
411   94.8458    101.219
412   94.8458    101.096
413   94.8458    99.6359
414   94.8458    98.1177
415   94.8458    97.6183
416   93.6442    98.0349
417   93.6442    98.066
418   93.6442    98.6652
419   93.6442    96.9417
420   93.6442    96.5104
421   93.3521    95.9703
422   88.9711    97.4878
423   88.9711    95.8072
424   88.6789    94.6945
425   88.6789    93.1529
426   88.6789    93
427   88.6789    91.296
428   88.6789    90.2561
429   88.6789    89.9558
430   88.6789    89.7635
431   88.6789    91.0869
432   88.6789    91.6187
433   88.6789    91.7277
434   88.6789    91.9756
435   88.6789    92.952
436   87.9949    92.5905
437   87.9949    92.9695
438   87.9949    91.9298
439   87.9949    89.8581
440   87.9335    90.6303
441   87.9335    89.8375
442   87.9335    91.0813
443   87.9335    90.5118
444   87.9335    90.9547
445   87.9335    90.9684
446   87.766    92.0295
447   87.766    90.9853
448   87.766    90.069
449   87.766    89.026
450   87.766    89.1084
451   87.766    89.5184
452   87.766    89.1291
453   87.766    89.567
454   87.766    90.3987
455   87.766    90.6831
456   87.766    90.0414
457   87.766    91.9983
458   87.766    91.5548
459   87.766    89.3713
460   87.766    90.5643
461   87.766    90.8772
462   87.766    90.0582
463   87.766    89.2385
464   87.766    90.3479
465   87.766    90.8729
466   87.766    91.8282
467   87.766    92.4282
468   87.766    91.4206
469   87.7524    92.0141
470   87.7524    91.0008
471   87.7524    90.9088
472   87.7524    89.8133
473   86.9535    90.2802
474   86.9535    90.1664
475   86.9535    89.4904
476   86.9535    89.8583
477   86.9535    90.5875
478   86.6892    90.7131
479   86.6892    90.4165
480   86.5892    89.3329
481   86.5892    88.773
482   86.5892    88.2744
483   86.5892    89.2229
484   86.5477    89.3939
485   86.5477    90.0349
486   86.5477    90.5071
487   86.5477    90.5267
488   86.5477    91.4851
489   85.9345    89.3848
490   85.9345    90.6642
491   85.9345    89.9113
492   85.9345    89.927
493   85.9345    89.5795
494   85.9345    88.3164
495   85.9345    89.0988
496   85.9345    88.0643
497   85.9345    89.1368
498   85.9345    88.6785
499   85.9345    90.5497
500   85.9345    88.6652
501   83.8771    89.3762
502   83.8771    91.0987
503   83.8771    91.4319
504   83.8771    92.4495
505   83.8771    93.1634
506   83.8771    95.4058
507   83.8771    95.4536
508   83.8771    95.3385
509   83.8771    94.2962
510   83.8771    94.8725
511   83.8771    95.6244
512   83.8771    97.1936
513   83.8771    95.8971
514   83.8771    94.4381
515   83.8771    91.178
516   83.8771    90.6193
517   83.8771    89.3768
518   83.8771    88.6534
519   83.8771    87.7585
520   83.8771    88.7568
521   83.8771    88.3578
522   83.8771    87.8309
523   83.8771    87.1384
524   83.8771    86.4417
525   83.8771    86.0239
526   83.8771    85.5058
527   83.8771    86.8132
528   83.5635    85.9153
529   83.5635    88.0355
530   82.9702    86.9602
531   82.9702    88.602
532   82.9702    87.2628
533   82.9702    87.1768
534   82.9702    87.7009
535   82.9702    88.0111
536   82.9702    87.2424
537   82.9702    87.7877
538   82.9702    86.3624
539   82.9702    88.0784
540   82.9702    86.0552
541   82.9702    86.3071
542   82.9702    85.8299
543   82.9702    88.073
544   82.9702    86.9795
545   82.9702    86.5226
546   82.8558    86.2285
547   82.8558    85.9398
548   82.8558    86.7252
549   82.8558    86.257
550   82.8558    87.4396
551   82.8558    85.8833
552   82.8558    85.7553
553   82.8558    86.2348
554   82.8558    86.7067
555   82.8558    86.8164
556   82.3661    87.306
557   82.3661    85.0594
558   82.3661    84.9092
559   82.3661    85.4599
560   82.3661    86.2525
561   82.3661    86.6362
562   82.3661    85.8187
563   82.3661    86.2025
564   82.3661    86.11
565   82.3661    85.4206
566   82.3661    85.6387
567   82.3661    86.1328
568   82.3661    86.6715
569   82.3661    86.0824
570   82.3661    88.6138
571   82.3661    89.0674
572   82.3661    86.9866
573   82.3661    85.4339
574   82.3661    85.6131
575   82.3661    85.4469
576   82.3661    85.3013
577   82.3661    85.8424
578   82.3661    84.3056
579   82.3661    84.9351
580   82.3661    85.5215
581   81.3602    84.2904
582   81.3602    84.7504
583   81.3602    84.5476
584   81.3602    84.324
585   81.3602    84.6711
586   81.3567    83.8668
587   81.3567    83.7665
588   81.3567    85.0995
589   81.3567    82.6017
590   80.6339    82.6759
591   80.6339    83.821
592   80.6339    85.1597
593   80.6339    85.2202
594   80.6339    87.0201
595   80.6339    87.553
596   80.6339    87.3348
597   80.6339    86.8442
598   80.6339    86.9379
599   80.6339    85.6813
600   80.6339    86.0761
601   80.285    84.7431
602   80.285    85.3993
603   80.285    87.1796
604   80.285    88.8961
605   80.285    90.8893
606   80.285    90.6808
607   80.285    91.6873
608   80.285    90.0362
609   80.285    87.2742
610   80.285    84.6397
611   80.285    84.5152
612   80.285    83.1614
613   80.285    84.1917
614   80.285    83.8108
615   80.285    85.7969
616   80.285    83.5748
617   80.285    82.7541
618   80.285    83.2309
619   80.285    82.7017
620   80.285    84.5066
621   80.285    84.2852
622   80.285    83.6954
623   80.285    84.1118
624   80.285    84.0196
625   79.908    83.9155
626   79.908    83.3496
627   79.908    83.4297
628   79.908    82.7451
629   79.908    82.9284
630   79.908    81.834
631   79.908    81.5304
632   79.908    82.7252
633   79.908    82.3118
634   79.908    82.9655
635   79.908    81.816
636   79.908    82.4689
637   79.908    83.7542
638   79.908    84.0169
639   79.908    83.1423
640   79.8886    83.2131
641   79.8886    82.8596
642   79.8886    83.352
643   79.8886    83.3485
644   79.8886    84.4307
645   79.8886    85.1366
646   79.8886    85.325
647   79.8886    84.6994
648   79.8886    83.1638
649   79.8886    82.1874
650   79.8886    82.3454
651   79.8886    83.4407
652   79.8886    81.178
653   79.8886    82.7851
654   79.8886    83.4988
655   79.8886    83.5077
656   79.8886    85.254
657   79.8886    83.5076
658   79.8886    82.1573
659   79.8886    83.9
660   79.6566    84.9473
661   79.6566    83.5135
662   79.6566    82.8935
663   79.6566    82.4784
664   79.5481    82.4171
665   79.5481    82.102
666   79.5481    82.1261
667   79.2385    81.4224
668   79.2385    81.5438
669   79.2385    81.7369
670   79.2385    80.7827
671   79.2385    80.4569
672   79.2385    81.7101
673   79.2385    81.3494
674   79.2385    81.9989
675   79.2385    82.8226
676   79.2385    81.6434
677   79.2385    81.6106
678   79.2385    81.4826
679   79.2385    81.8955
680   79.0611    82.2498
681   79.0611    81.2417
682   79.0611    82.8803
683   79.0611    82.5444
684   79.0611    82.4348
685   79.0611    81.8676
686   78.9661    83.4932
687   78.9661    83.5492
688   78.9661    83.7546
689   78.9661    84.21
690   78.9661    83.8072
691   78.9661    83.1823
692   78.9661    82.3781
693   78.9661    83.9601
694   78.9661    83.0506
695   78.9661    84.2687
696   78.9661    83.1358
697   78.9661    84.1026
698   78.9661    82.7718
699   78.9661    82.6071
700   78.9661    83.2718
701   73.655    82.8247
702   73.655    80.718
703   72.9056    80.3563
704   72.9056    78.8605
705   72.4812    77.8447
706   72.4812    76.616
707   72.4812    75.987
708   72.4812    76.6669
709   72.4812    76.8835
710   72.4812    75.6604
711   72.4812    76.081
712   72.4812    75.8146
713   72.4812    74.5121
714   72.4812    74.7735
715   72.4812    75.4516
716   72.4812    75.8984
717   72.4812    75.6964
718   72.4812    75.1817
719   72.4812    75.5289
720   72.4812    74.3761
721   72.4812    76.1038
722   72.4812    76.3104
723   72.4812    75.5231
724   72.4812    77.2582
725   72.4812    75.3509
726   72.4812    75.1277
727   72.2804    75.1725
728   72.2804    75.8676
729   72.2804    76.3745
730   72.2804    77.01
731   72.2804    77.8836
732   72.2804    78.7863
733   72.2804    77.6318
734   72.2597    76.0902
735   72.2597    76.205
736   72.2597    75.619
737   71.591    76.5932
738   71.591    76.5047
739   71.591    76.6934
740   71.591    75.5031
741   71.591    75.1808
742   71.591    74.7959
743   71.591    75.9916
744   71.591    75.3149
745   71.591    75.3344
746   71.591    74.8664
747   71.2699    74.559
748   71.2699    74.1181
749   71.2699    75.2251
750   71.2699    74.5496
751   71.2699    73.9188
752   71.2699    73.243
753   71.2699    74.5951
754   71.2699    73.2361
755   71.2699    72.753
756   71.2699    73.5432
757   71.2699    74.6798
758   71.2699    74.0648
759   71.2334    74.3105
760   71.2334    73.3617
761   71.2334    75.4627
762   71.2334    76.0674
763   71.2334    76.0206
764   71.2334    76.6517
765   71.2334    76.5538
766   71.2334    74.2917
767   71.2334    74.1173
768   71.2334    73.6919
769   71.2334    74.4226
770   71.2334    74.8591
771   71.2334    74.7976
772   71.2334    72.4196
773   71.2334    73.141
774   71.2334    74.6303
775   71.2334    74.187
776   71.2334    75.0642
777   71.2334    75.4746
778   71.2334    74.5484
779   71.2334    74.8517
780   71.2334    73.9559
781   70.7227    74.0072
782   70.7227    73.8111
783   70.7227    75.8097
784   70.7227    75.5099
785   70.7227    75.6214
786   70.7227    74.2661
787   70.7227    74.0196
788   70.7227    74.0449
789   70.7227    74.1014
790   70.7227    73.1261
791   70.7227    74.1271
792   70.7227    75.0153
793   70.7227    75.3688
794   70.7227    74.7796
795   70.7227    72.9106
796   70.7227    72.5916
797   70.7227    74.4341
798   70.7227    73.435
799   70.7227    73.6738
800   70.7227    74.5856
801   69.7179    74.3618
802   69.7179    74.8429
803   69.7179    74.2551
804   69.3148    73.5758
805   69.2967    72.3004
806   69.2967    72.6688
807   69.2967    72.7427
808   69.2967    73.575
809   69.2967    74.1211
810   69.2967    75.5058
811   69.2967    74.7514
812   69.2967    74.4018
813   69.2967    74.9711
814   69.2967    75.2896
815   69.2967    76.2143
816   69.2967    76.3939
817   69.2967    75.7223
818   69.2967    74.9901
819   69.2967    74.0056
820   69.2967    73.319
821   69.2967    73.99
822   69.2967    71.6693
823   69.2967    71.2644
824   69.2967    70.956
825   69.2967    71.4369
826   69.2967    70.6181
827   69.2967    72.4382
828   69.2967    73.04
829   69.2967    72.9161
830   69.2967    73.3786
831   69.2967    71.4672
832   69.2967    72.2555
833   69.2967    73.3341
834   69.2967    72.9119
835   69.2967    73.2501
836   69.2967    72.4085
837   69.2967    72.1558
838   69.2967    73.0506
839   69.2967    72.5924
840   69.2967    73.8023
841   69.2967    73.7114
842   69.2967    72.0547
843   69.2967    72.3436
844   69.2967    72.1483
845   69.2967    71.5239
846   69.2967    70.9716
847   69.2967    71.41
848   69.2967    70.9639
849   69.2967    72.3334
850   69.2967    73.4901
851   69.2967    72.5307
852   69.2967    72.6957
853   69.2967    71.4899
854   69.2967    72.5541
855   69.2967    73.755
856   69.2967    71.6698
857   69.1457    72.2846
858   69.1457    72.7113
859   69.1457    73.4921
860   69.1457    73.9771
861   69.1457    73.9018
862   69.1457    72.841
863   69.1457    73.9872
864   69.1457    73.7308
865   69.1457    74.289
866   69.1457    73.0596
867   69.1457    73.183
868   69.1457    74.1691
869   69.1457    72.0989
870   69.1457    73.0722
871   69.1457    73.4449
872   69.1457    71.7192
873   69.1457    71.1574
874   69.1457    73.4712
875   69.1457    74.4368
876   69.1457    72.9292
877   69.1457    73.6925
878   69.1457    72.5643
879   69.1457    72.584
880   69.1457    72.4122
881   69.1457    72.3934
882   69.1457    72.8484
883   69.1457    73.6532
884   69.1457    74.4133
885   69.1457    72.7988
886   69.1457    72.8512
887   69.1457    74.6766
888   69.1457    73.0447
889   69.1457    72.258
890   69.1457    71.9735
891   68.9836    71.605
892   68.9836    73.2194
893   68.9836    73.3565
894   68.9836    74.7634
895   68.9836    73.8602
896   68.9836    74.0922
897   68.9836    75.7571
898   68.9836    76.297
899   68.9836    75.2273
900   68.9836    73.4478
901   68.9836    73.6057
902   68.9836    74.3017
903   68.9836    72.8096
904   68.9836    75.2006
905   68.9836    75.4355
906   68.9836    74.7051
907   68.9836    74.1613
908   68.9836    71.4929
909   68.9836    71.5311
910   68.9836    72.4408
911   68.9836    72.8111
912   68.9836    72.3152
913   68.9836    73.0028
914   68.9836    73.0562
915   68.9836    72.5244
916   68.9836    72.5448
917   68.9836    71.8113
918   68.9836    71.13
919   68.9836    70.4296
920   68.9836    71.7862
921   68.9836    71.8033
922   68.9836    70.248
923   68.9733    72.5173
924   68.9733    72.3394
925   68.9733    70.9609
926   68.9733    72.7202
927   68.9733    73.336
928   68.9733    72.8
929   68.9733    71.6358
930   68.9733    76.2018
931   68.9733    77.4618
932   68.9733    78.4063
933   68.9733    79.3462
934   68.9733    79.6635
935   68.9733    80.6266
936   68.9733    77.0419
937   68.9733    74.2066
938   68.9733    73.999
939   68.9733    75.6805
940   68.9733    73.9257
941   68.9733    74.8486
942   68.9733    72.6645
943   68.9733    72.2677
944   68.9733    69.7344
945   68.9733    70.5625
946   68.9733    70.2034
947   68.9733    70.9528
948   68.9733    72.4238
949   68.9733    72.5418
950   68.9733    72.7433
951   68.9733    70.3091
952   68.9733    69.9041
953   68.9733    70.7868
954   68.9733    71.8128
955   68.9733    72.4668
956   68.9733    73.9744
957   68.9733    74.4641
958   68.9733    73.9881
959   68.9733    75.3964
960   68.9733    73.7565
961   68.9733    72.92
962   68.9733    72.8244
963   68.9733    72.6629
964   68.9733    71.6471
965   68.9733    72.469
966   68.9733    72.9886
967   68.9733    72.4258
968   68.9733    73.2573
969   68.9733    71.4937
970   68.9733    72.7819
971   68.9733    73.5199
972   68.9733    73.0634
973   68.9733    72.0603
974   68.9733    71.6454
975   68.9733    71.9197
976   68.9733    73.3215
977   68.9733    73.8577
978   68.9733    72.3537
979   68.7461    70.6732
980   68.7461    70.8347
981   68.7461    69.9059
982   68.7461    70.4459
983   68.7461    70.0896
984   68.7461    69.0041
985   68.5824    69.2218
986   68.5824    71.3329
987   68.5824    70.9205
988   68.5824    71.6238
989   68.5824    70.9417
990   68.5824    69.8868
991   68.5824    70.2915
992   68.5824    70.7657
993   68.5824    70.9017
994   68.5824    73.4034
995   68.5824    72.235
996   68.5824    71.9489
997   68.5824    71.7763
998   68.5824    71.2212
999   68.5824    70.4932
1000   68.5824    69.8555
1001   68.5824    71.0673
1002   68.5824    69.5252
1003   68.5824    69.7542
1004   68.5824    71.2821
1005   68.5824    72.323
1006   68.5824    72.0797
1007   68.5824    73.5579
1008   68.5824    73.2485
1009   68.5824    74.9495
1010   68.5824    73.8408
1011   68.5824    73.6168
1012   68.5824    73.7865
1013   68.3723    73.3918
1014   68.3723    73.5267
1015   68.3723    71.2136
1016   68.3723    70.99
1017   68.3723    71.6237
1018   68.3723    72.0397
1019   68.3723    74.0435
1020   68.3723    72.8757
1021   68.3723    71.2307
1022   68.3723    70.0844
1023   68.3723    70.4078
1024   68.3723    71.8143
1025   68.3723    71.2026
1026   68.3723    70.6968
1027   68.3723    74.6801
1028   68.3723    75.4834
1029   68.3723    74.4155
1030   68.3723    75.4698
1031   68.3723    76.5457
1032   68.3723    75.5716
1033   68.3723    75.1152
1034   68.3723    74.0492
1035   68.3723    73.5986
1036   68.3723    74.8498
1037   68.3723    73.7233
1038   68.3723    73.038
1039   68.3723    73.0041
1040   68.3723    72.7107
1041   68.3723    73.3952
1042   68.3723    72.1832
1043   68.3723    72.3814
1044   68.3723    71.1089
1045   68.3723    71.5446
1046   68.3723    72.0212
1047   68.3723    71.3873
1048   68.3723    73.2226
1049   68.3723    72.7378
1050   68.3723    72.2089
1051   68.3723    71.7833
1052   68.3723    72.016
1053   68.3723    73.765
1054   68.3723    72.3272
1055   68.3723    71.2098
1056   68.3723    71.3929
1057   68.3723    72.5016
1058   68.3723    74.6935
1059   68.3723    75.1145
1060   68.3723    70.4521
1061   68.3723    70.397
1062   68.3723    70.4351
1063   68.3723    71.8386
1064   68.3723    70.6957
1065   68.3723    70.827
1066   68.3723    70.5235
1067   68.3723    70.8095
1068   68.3723    71.4148
1069   68.3723    72.8969
1070   68.3723    72.1878
1071   68.3723    71.9448
1072   68.3723    69.2808
1073   68.3723    69.8777
1074   68.3723    71.7589
1075   68.3723    73.1795
1076   68.3723    71.25
1077   68.3723    70.9743
1078   68.3723    69.5896
1079   68.3723    69.9711
1080   68.3723    71.1631
1081   68.3723    71.1827
1082   68.3723    71.9142
1083   68.3723    71.6352
1084   68.3723    72.6998
1085   68.3723    71.1545
1086   68.3723    73.2107
1087   68.3723    72.088
1088   68.3723    71.1406
1089   68.3723    73.154
1090   68.3723    73.7238
1091   68.3723    73.0458
1092   68.3723    71.8252
1093   68.3723    71.5378
1094   68.3723    71.6453
1095   68.3723    71.3915
1096   68.3723    73.3136
1097   68.3723    71.6273
1098   68.3723    71.8589
1099   68.3723    70.8762
1100   68.3723    70.2988
1101   67.5455    71.4207
1102   67.5455    71.7614
1103   67.5455    73.9969
1104   67.5455    72.4447
1105   67.5455    71.5748
1106   67.5455    71.2136
1107   67.5455    71.597
1108   67.5455    72.2068
1109   67.5455    73.3795
1110   67.5455    73.275
1111   67.5455    72.8063
1112   67.5455    71.1268
1113   67.5455    72.0924
1114   67.5455    71.2602
1115   67.5455    71.4851
1116   67.5455    70.5825
1117   67.5455    69.7049
1118   67.5455    69.2452
1119   67.5455    70.076
1120   67.5455    69.2082
1121   67.5455    70.2949
1122   67.5455    70.6486
1123   67.5455    69.5614
1124   67.5455    70.9559
1125   67.5455    70.0656
1126   67.5455    71.5091
1127   67.5455    71.1698
1128   67.5455    71.4489
1129   67.5455    71.2282
1130   67.5455    71.5985
1131   67.5455    69.5083
1132   67.5455    71.2417
1133   67.5455    71.5291
1134   67.5455    70.6534
1135   67.5455    70.4894
1136   67.5455    70.1561
1137   67.5455    68.5048
1138   67.5455    69.2413
1139   67.5455    68.8539
1140   67.5455    70.2029
1141   67.5455    70.9623
1142   67.5455    70.4102
1143   67.5455    70.7572
1144   67.5455    72.1378
1145   67.5455    71.9127
1146   67.5455    73.9187
1147   67.5455    71.7737
1148   67.5455    71.4218
1149   67.5455    69.4753
1150   67.5455    70.2706
1151   67.5455    70.1104
1152   67.5455    69.9295
1153   67.5455    70.4064
1154   67.5455    69.6585
1155   67.5455    70.332
1156   67.5455    70.7062
1157   67.5455    69.9703
1158   67.5455    69.4314
1159   67.5455    69.8582
1160   67.5455    71.2351
1161   67.5455    71.0071
1162   67.5455    71.1043
1163   67.5455    71.2627
1164   67.5455    70.1956
1165   67.5455    70.2761
1166   67.5455    70.3953
1167   67.5455    69.4365
1168   67.5455    69.7534
1169   67.5455    70.9904
1170   67.5455    69.691
1171   67.5455    70.6607
1172   67.5455    70.5006
1173   67.5455    69.9256
1174   67.5455    70.246
1175   67.5455    68.9458
1176   67.5455    68.914
1177   67.5455    70.5841
1178   67.5455    70.6891
1179   67.5455    70.7694
1180   67.5455    70.3556
1181   67.5455    71.9792
1182   67.5455    72.8812
1183   67.5455    71.6211
1184   67.5455    72.478
1185   67.5455    72.2693
1186   67.5455    71.2683
1187   67.5455    72.7256
1188   67.5455    73.1062
1189   67.5455    71.6723
1190   67.5455    71.9586
1191   67.5455    72.7414
1192   67.5455    71.2121
1193   67.5455    70.4793
1194   67.5455    70.2244
1195   67.5455    70.1514
1196   67.5455    70.324
1197   67.5455    69.9275
1198   67.5455    69.5171
1199   67.5455    71.2514
1200   67.5455    71.9601
1201   67.191    70.4813
1202   67.0327    70.1667
1203   67.0007    69.8169
1204   66.8424    69.4145
1205   66.8424    71.0895
1206   66.8424    69.6556
1207   66.8424    69.4171
1208   66.8424    69.0586
1209   66.8424    68.675
1210   66.8424    70.1081
1211   66.8424    71.6206
1212   66.8424    71.7302
1213   66.8424    70.8754
1214   66.8424    71.2758
1215   66.8424    69.124
1216   66.8424    68.6679
1217   66.8424    69.4684
1218   66.8424    70.7199
1219   66.8424    69.8808
1220   66.8424    69.851
1221   66.8424    70.4153
1222   66.8424    70.145
1223   66.8424    71.391
1224   66.8424    71.1053
1225   66.8424    71.6036
1226   66.8424    72.2519
1227   66.8424    72.2787
1228   66.8424    72.1833
1229   66.8424    71.8103
1230   66.8424    69.3701
1231   66.8424    70.3923
1232   66.8424    69.7268
1233   66.8424    71.0546
1234   66.8424    69.9536
1235   66.8424    68.847
1236   66.8424    69.1435
1237   66.8424    69.1652
1238   66.8424    69.4949
1239   66.8424    68.403
1240   66.8424    68.5195
1241   66.8424    68.621
1242   66.8424    68.0061
1243   66.8424    67.6583
1244   66.8424    69.0638
1245   66.8424    70.5676
1246   66.8424    70.0136
1247   66.8424    72.6357
1248   66.8424    70.4398
1249   66.8424    69.8296
1250   66.8424    69.9457
1251   66.8424    70.0555
1252   66.8424    70.0662
1253   66.8424    70.8621
1254   66.8424    70.2998
1255   66.8424    69.2572
1256   66.8424    69.9802
1257   66.8424    70.5065
1258   66.8424    70.1385
1259   66.8424    71.2015
1260   66.8424    70.9801
1261   66.8424    69.8186
1262   66.8424    70.5851
1263   66.8424    70.3608
1264   66.8424    69.596
1265   66.8424    69.5365
1266   66.8424    70.5524
1267   66.8424    72.0211
1268   66.8424    71.2694
1269   66.8424    70.6817
1270   66.8424    68.7575
1271   66.8424    67.3851
1272   66.8424    68.9568
1273   66.8424    69.0965
1274   66.8424    69.4089
1275   66.8424    70.5961
1276   66.8424    69.9595
1277   66.8424    70.2614
1278   66.8424    69.287
1279   66.8424    71.1905
1280   66.8424    70.4286
1281   66.8424    69.9658
1282   66.8424    69.9985
1283   66.8424    71.7068
1284   66.8424    71.5798
1285   66.8424    71.2968
1286   66.8424    71.5935
1287   66.8424    72.7564
1288   66.8424    72.2344
1289   66.8424    72.6734
1290   66.8424    72.3686
1291   66.8424    69.3636
1292   66.8424    69.4127
1293   66.8424    69.6102
1294   66.8424    70.5926
1295   66.8424    71.8964
1296   66.8424    70.1576
1297   66.8424    68.9179
1298   66.8424    68.9914
1299   66.8424    69.2928
1300   66.8424    69.926
1301   66.8424    68.9076
1302   66.8424    70.1681
1303   66.8424    72.2661
1304   66.8424    71.7622
1305   66.8424    71.2572
1306   66.8424    70.6182
1307   66.8424    71.0079
1308   66.8424    70.4791
1309   66.8424    70.1468
1310   66.8424    72.6456
1311   66.8424    72.8491
1312   66.8424    72.8069
1313   66.8424    72.6175
1314   66.8424    73.0727
1315   66.8424    72.193
1316   66.8424    70.0898
1317   66.8424    71.2736
1318   66.8424    70.4575
1319   66.8424    69.5994
1320   66.8424    72.0429
1321   66.8424    72.0797
1322   66.8424    70.1368
1323   66.8424    69.6546
1324   66.8424    69.5982
1325   66.8424    69.6351
1326   66.8424    69.9061
1327   66.8424    70.3172
1328   66.8424    69.0362
1329   66.8424    68.3408
1330   66.8424    70.0889
1331   66.8424    70.2781
1332   66.8424    72.2411
1333   66.8424    70.765
1334   66.8424    70.469
1335   66.8424    71.1649
1336   66.8424    71.4497
1337   66.8424    72.0713
1338   66.8424    71.541
1339   66.8424    69.306
1340   66.8424    69.1266
1341   66.8424    71.0051
1342   66.8424    70.7386
1343   66.8424    70.7142
1344   66.8424    69.676
1345   66.8424    70.1314
1346   66.8424    69.3379
1347   66.8424    69.0544
1348   66.8424    69.0957
1349   66.8424    71.323
1350   66.8424    73.6464
1351   66.8424    74.0016
1352   66.8424    72.1922
1353   66.8424    71.1987
1354   66.8424    70.9183
1355   66.8424    71.8496
1356   66.8424    73.1532
1357   66.8424    71.6176
1358   66.8424    70.0536
1359   66.8424    70.0352
1360   66.8424    69.3191
1361   66.8424    68.7346
1362   66.8424    70.0664
1363   66.8424    69.2898
1364   66.8424    70.7712
1365   66.8424    69.6309
1366   66.8424    68.7205
1367   66.8424    68.8557
1368   66.8424    68.1428
1369   66.8424    69.1428
1370   66.8424    68.6099
1371   66.8424    71.0067
1372   66.8424    70.9326
1373   66.8424    71.1939
1374   66.8424    72.0998
1375   66.8424    71.5785
1376   66.8424    69.5453
1377   66.8424    70.8511
1378   66.8424    71.5224
1379   66.8424    72.1173
1380   66.8424    72.3493
1381   66.8424    72.4211
1382   66.8424    72.4856
1383   66.8424    71.9056
1384   66.8424    71.8753
1385   66.8424    72.0391
1386   66.8424    71.5776
1387   66.8424    70.7641
1388   66.8319    70.7536
1389   66.8319    71.062
1390   66.8319    70.0604
1391   66.8319    70.355
1392   66.8319    70.4422
1393   66.8319    69.9609
1394   66.8319    69.9736
1395   66.8319    68.5516
1396   66.8319    68.565
1397   66.8319    70.0721
1398   66.8319    70.5798
1399   66.8319    70.0203
1400   66.8319    68.5798
1401   66.357    69.6905
1402   66.2835    71.0713
1403   66.2835    72.6585
1404   66.2835    71.0944
1405   66.2835    71.1763
1406   66.2835    70.2872
1407   66.2835    69.1579
1408   66.2835    68.9904
1409   66.2835    68.7755
1410   66.2835    69.1105
1411   66.2835    67.5021
1412   66.2835    68.4368
1413   66.2835    67.6343
1414   66.2835    68.1335
1415   66.2835    70.5233
1416   66.2835    70.8979
1417   66.2835    69.3459
1418   66.2835    68.6614
1419   66.2835    68.9453
1420   66.2835    70.326
1421   66.2835    69.8179
1422   66.2835    69.3798
1423   66.2835    68.8688
1424   66.2835    69.5515
1425   66.2835    69.0739
1426   66.2835    69.1817
1427   66.2835    68.8449
1428   66.2835    69.9633
1429   66.2835    71.2315
1430   66.2835    71.806
1431   66.2835    70.6843
1432   66.2835    69.8287
1433   66.2835    70.7063
1434   66.2835    72.4605
1435   66.2835    71.1391
1436   66.2835    70.0644
1437   66.2835    71.786
1438   66.2835    71.0069
1439   66.2835    71.9373
1440   66.2835    71.0657
1441   66.2835    70.4481
1442   66.2835    70.5829
1443   66.2835    68.626
1444   66.2835    69.4148
1445   66.2835    70.3543
1446   66.2835    71.1684
1447   66.2835    71.6537
1448   66.2835    70.6311
1449   66.2835    71.3296
1450   66.2835    70.783
1451   66.2835    71.2276
1452   66.2835    70.5528
1453   66.2835    70.2777
1454   66.2835    68.3004
1455   66.2835    68.9214
1456   66.2835    69.4224
1457   66.2835    70.1459
1458   66.2835    68.1078
1459   66.2835    68.2816
1460   66.2835    67.8792
1461   66.2835    69.5312
1462   66.2835    68.4354
1463   66.2835    69.2653
1464   66.2835    70.3945
1465   66.2835    72.9428
1466   66.2835    70.9267
1467   66.2835    70.2264
1468   66.2835    69.4007
1469   66.2835    68.6354
1470   66.2835    69.8743
1471   66.2835    70.3678
1472   66.2835    67.6871
1473   66.2835    67.7058
1474   66.2835    69.2315
1475   66.2835    68.2128
1476   66.2835    69.8344
1477   66.2835    68.8917
1478   66.2835    69.8218
1479   66.2835    69.5506
1480   66.2835    70.4062
1481   66.2835    70.7305
1482   66.2835    70.6044
1483   66.2835    70.9216
1484   66.2835    70.983
1485   66.2835    71.2321
1486   66.2835    70.3106
1487   66.2835    70.0941
1488   66.2835    69.7103
1489   66.2835    70.7556
1490   66.2835    70.6785
1491   66.2835    69.6212
1492   66.2835    71.8909
1493   66.2835    72.6434
1494   66.2835    71.0539
1495   66.2835    70.3933
1496   66.2835    68.7992
1497   66.2835    68.6174
1498   66.2835    68.1591
1499   66.2835    69.251
1500   66.2835    69.8885
1501   66.1708    70.1196
1502   65.9805    70.6181
1503   65.8222    70.2478
1504   65.8222    69.1733
1505   65.8222    70.6812
1506   65.8222    70.2536
1507   65.8222    70.0357
1508   65.8222    69.6321
1509   65.8222    70.1982
1510   65.8222    69.5565
1511   65.8222    69.5102
1512   65.8222    69.0254
1513   65.8222    68.3733
1514   65.8222    68.5938
1515   65.8222    68.6641
1516   65.8222    69.2304
1517   65.8222    69.9225
1518   65.8222    68.9232
1519   65.8222    68.0685
1520   65.8222    69.3941
1521   65.8222    71.1091
1522   65.8222    70.2759
1523   65.8222    70.0814
1524   65.8222    70.1539
1525   65.8222    70.2088
1526   65.8222    68.8697
1527   65.8222    70.5958
1528   65.8222    70.8537
1529   65.8222    72.5003
1530   65.8222    71.1165
1531   65.8222    70.5366
1532   65.8222    70.0324
1533   65.8222    71.215
1534   65.8222    69.1403
1535   65.8222    68.9017
1536   65.8222    69.518
1537   65.8222    68.7124
1538   65.8222    70.5319
1539   65.8222    71.1425
1540   65.8222    69.4222
1541   65.8222    69.1998
1542   65.8222    68.4946
1543   65.8222    67.9668
1544   65.8222    69.3831
1545   65.8222    70.6522
1546   65.8222    70.2757
1547   65.8222    70.3686
1548   65.8222    69.1213
1549   65.8222    69.0647
1550   65.8222    69.5606
1551   65.8222    69.9048
1552   65.8222    70.4845
1553   65.8222    69.7304
1554   65.8222    71.2711
1555   65.8222    70.3328
1556   65.8222    69.5155
1557   65.8222    69.184
1558   65.8222    68.5094
1559   65.8222    69.8858
1560   65.8222    70.3529
1561   65.8222    70.5249
1562   65.8222    69.2419
1563   65.8222    68.6343
1564   65.8222    68.9568
1565   65.8222    68.8088
1566   65.8222    68.6393
1567   65.8222    68.4803
1568   65.8222    69.225
1569   65.8222    69.4346
1570   65.8222    67.7676
1571   65.8222    68.7675
1572   65.8222    70.0788
1573   65.8222    70.1383
1574   65.8222    70.2105
1575   65.8222    70.4848
1576   65.8222    69.597
1577   65.8222    67.7573
1578   65.8222    68.3693
1579   65.8222    68.4001
1580   65.8222    69.9623
1581   65.8222    69.0787
1582   65.8222    69.9271
1583   65.8222    70.3775
1584   65.8222    70.4012
1585   65.8222    68.6625
1586   65.8222    69.0138
1587   65.8222    67.6708
1588   65.8222    69.2307
1589   65.8222    68.7986
1590   65.8222    69.1833
1591   65.8222    69.1588
1592   65.8222    71.5764
1593   65.8222    70.9036
1594   65.8222    69.7624
1595   65.8222    68.8493
1596   65.8222    68.983
1597   65.8222    68.7581
1598   65.8222    69.8765
1599   65.8222    69.947
1600   65.8222    69.5679
1601   65.8222    69.4922
1602   65.8222    69.4271
1603   65.8222    67.6698
1604   65.8222    67.7098
1605   65.8222    67.9688
1606   65.8222    69.6213
1607   65.8222    69.9488
1608   65.8222    70.6924
1609   65.8222    70.3759
1610   65.8222    70.8664
1611   65.8222    67.9304
1612   65.8222    67.6402
1613   65.8222    67.7724
1614   65.8222    66.7593
1615   65.8222    67.6942
1616   65.8222    68.5254
1617   65.8222    69.2015
1618   65.8222    69.1219
1619   65.8222    67.2526
1620   65.8222    68.0389
1621   65.8222    67.8183
1622   65.8222    67.6652
1623   65.8222    67.6297
1624   65.8222    67.8558
1625   65.8222    67.1604
1626   65.8222    68.5028
1627   65.8222    68.8877
1628   65.8222    68.7946
1629   65.8222    68.4147
1630   65.8222    69.0797
1631   65.8222    67.8915
1632   65.8222    68.0358
1633   65.8222    70.5349
1634   65.8222    70.2608
1635   65.8222    70.5815
1636   65.8222    71.0201
1637   65.8222    70.1348
1638   65.8222    68.0975
1639   65.8222    69.2159
1640   65.8222    69.3336
1641   65.8222    69.8332
1642   65.8222    69.6622
1643   65.8222    67.8122
1644   65.8222    69.5859
1645   65.8222    69.3372
1646   65.8222    72.1317
1647   65.8222    71.4244
1648   65.8222    70.3037
1649   65.8222    68.494
1650   65.8222    68.0404
1651   65.8222    68.942
1652   65.8222    70.3268
1653   65.8222    69.4009
1654   65.8222    69.0902
1655   65.8222    69.4083
1656   65.8222    68.3124
1657   65.8222    68.7472
1658   65.8222    69.2708
1659   65.8222    70.4141
1660   65.8222    68.7681
1661   65.8222    67.9785
1662   65.8222    69.1799
1663   65.8222    69.2318
1664   65.8222    67.832
1665   65.8222    66.8541
1666   65.8222    66.6823
1667   65.8222    67.3934
1668   65.8222    67.9631
1669   65.8222    68.851
1670   65.8222    68.1917
1671   65.8222    67.5956
1672   65.8222    67.7816
1673   65.8222    68.3208
1674   65.8222    68.7409
1675   65.8222    68.8465
1676   65.8222    70.9866
1677   65.8222    68.6115
1678   65.8222    67.9096
1679   65.8222    69.9746
1680   65.8222    68.7641
1681   65.8222    69.3294
1682   65.8222    70.1456
1683   65.8222    69.5744
1684   65.8222    67.9653
1685   65.8222    69.1146
1686   65.8222    71.1142
1687   65.8222    71.5472
1688   65.8222    71.0736
1689   65.8222    72.0357
1690   65.8222    70.2522
1691   65.8222    69.4603
1692   65.8222    70.6304
1693   65.8222    68.1802
1694   65.8222    68.8458
1695   65.8222    70.1712
1696   65.8222    69.8473
1697   65.8222    68.0702
1698   65.8222    69.8198
1699   65.8222    69.1494
1700   65.8222    67.679
1701   65.8222    69.0523
1702   65.8222    68.8759
1703   65.8222    70.1743
1704   65.8222    70.2842
1705   65.8222    70.1931
1706   65.8222    70.8146
1707   65.8222    72.2794
1708   65.8222    73.6219
1709   65.8222    72.0033
1710   65.8222    70.4577
1711   65.8222    70.3542
1712   65.8222    68.4308
1713   65.8222    68.0528
1714   65.8222    67.6358
1715   65.8222    66.7732
1716   65.8222    66.934
1717   65.8222    69.0729
1718   65.8222    67.9169
1719   65.8222    69.7976
1720   65.8222    67.7388
1721   65.8222    67.2846
1722   65.8222    67.8664
1723   65.8222    68.6798
1724   65.8222    68.5124
1725   65.8222    70.0735
1726   65.8222    68.4352
1727   65.8222    69.4467
1728   65.8222    70.1768
1729   65.8222    69.0322
1730   65.8222    68.9958
1731   65.8222    68.8987
1732   65.8222    69.4148
1733   65.8222    70.2427
1734   65.8222    69.6092
1735   65.8222    69.1974
1736   65.8222    69.1953
1737   65.8222    68.3113
1738   65.8222    70.185
1739   65.8222    71.2947
1740   65.8222    70.1866
1741   65.8222    71.1376
1742   65.8222    70.4648
1743   65.8222    69.9091
1744   65.8222    70.5795
1745   65.8222    70.4925
1746   65.8222    69.1239
1747   65.8222    69.7714
1748   65.8222    70.5718
1749   65.8222    68.7142
1750   65.8222    69.4081
1751   65.8222    69.6971
1752   65.8222    68.7139
1753   65.8222    69.0556
1754   65.8222    69.2141
1755   65.8222    69.3327
1756   65.8222    69.2555
1757   65.8222    71.3676
1758   65.8222    71.8486
1759   65.8222    70.4235
1760   65.8222    70.8248
1761   65.8222    68.9213
1762   65.8222    69.6122
1763   65.8222    70.4374
1764   65.8222    69.2105
1765   65.8222    70.059
1766   65.8222    69.5998
1767   65.8222    70.345
1768   65.8222    70.2783
1769   65.8222    69.645
1770   65.8222    69.8279
1771   65.8222    68.654
1772   65.8222    68.0917
1773   65.8222    68.4066
1774   65.8222    68.0442
1775   65.8222    67.9528
1776   65.8222    68.4797
1777   65.8222    69.5099
1778   65.8222    70.262
1779   65.8222    69.4575
1780   65.8222    69.6886
1781   65.8222    70.4864
1782   65.8222    69.1943
1783   65.8222    69.9962
1784   65.8222    70.035
1785   65.8222    71.2248
1786   65.8222    70.5313
1787   65.8222    69.1823
1788   65.8222    69.4822
1789   65.8222    70.1881
1790   65.8222    69.657
1791   65.8222    69.4241
1792   65.8222    68.6143
1793   65.8222    68.4787
1794   65.8222    70.6687
1795   65.8222    69.7225
1796   65.8222    69.1147
1797   65.8222    67.9617
1798   65.8222    68.0818
1799   65.8222    68.6951
1800   65.8222    67.4303
1801   65.8222    68.1367
1802   65.8222    68.2455
1803   65.8222    69.421
1804   65.8222    69.7195
1805   65.8222    69.5208
1806   65.8222    68.65
1807   65.8222    68.3539
1808   65.8222    68.037
1809   65.8222    67.8974
1810   65.8222    67.9395
1811   65.8222    68.9048
1812   65.8222    68.303
1813   65.8222    68.2948
1814   65.8222    68.1047
1815   65.8222    68.5841
1816   65.8222    67.1794
1817   65.8222    67.4332
1818   65.8222    67.7741
1819   65.8222    68.2839
1820   65.8222    68.4922
1821   65.8222    67.7102
1822   65.8222    67.7005
1823   65.8222    67.7324
1824   65.8222    68.1855
1825   65.8222    69.5244
1826   65.8222    68.0418
1827   65.8222    68.1788
1828   65.8222    68.1027
1829   65.8222    68.3422
1830   65.8222    67.9244
1831   65.8222    69.4113
1832   65.8222    70.583
1833   65.8222    70.3957
1834   65.8222    70.4216
1835   65.8222    71.7611
1836   65.8222    69.9901
1837   65.8222    70.7141
1838   65.8222    71.3055
1839   65.8222    69.7417
1840   65.8222    69.6518
1841   65.8222    67.4734
1842   65.8222    69.1177
1843   65.8222    70.2124
1844   65.8222    71.5913
1845   65.8222    69.4958
1846   65.8222    68.7877
1847   65.8222    68.1529
1848   65.8222    68.6988
1849   65.8222    70.4168
1850   65.8222    70.4994
1851   65.8222    70.2577
1852   65.8222    70.8653
1853   65.8222    68.1654
1854   65.8222    68.3416
1855   65.8222    68.3359
1856   65.8222    68.006
1857   65.8222    68.2362
1858   65.8222    68.8457
1859   65.8222    68.5029
1860   65.8222    69.4344
1861   65.8222    68.9144
1862   65.8222    68.4686
1863   65.8222    68.6866
1864   65.8222    68.5518
1865   65.8222    69.3836
1866   65.8222    68.5754
1867   65.8222    68.7651
1868   65.8222    70.2308
1869   65.8222    69.4749
1870   65.8222    69.8287
1871   65.8222    69.2792
1872   65.8222    68.8196
1873   65.8222    69.5828
1874   65.8222    68.0741
1875   65.8222    67.5454
1876   65.8222    67.1896
1877   65.8222    66.6222
1878   65.8222    67.7237
1879   65.8222    67.868
1880   65.8222    69.8251
1881   65.8222    70.3421
1882   65.8222    70.7991
1883   65.8222    70.628
1884   65.8222    71.601
1885   65.8222    69.5098
1886   65.8222    69.1826
1887   65.8222    68.809
1888   65.8222    68.7507
1889   65.8222    69.2167
1890   65.8222    71.2604
1891   65.8222    70.0491
1892   65.8222    70.9219
1893   65.8222    69.0544
1894   65.8222    69.2965
1895   65.8222    68.5787
1896   65.8222    69.557
1897   65.8222    69.2177
1898   65.8222    68.4457
1899   65.8222    69.1201
1900   65.8222    68.0595
1901   65.7142    68.0858
1902   65.7142    67.6877
1903   65.7142    67.7572
1904   65.7142    68.5746
1905   65.7142    69.2376
1906   65.7142    69.502
1907   65.7142    68.0474
1908   65.7142    68.5874
1909   65.7142    68.0894
1910   65.7142    72.1228
1911   65.7142    70.3623
1912   65.7142    69.3377
1913   65.7142    68.364
1914   65.7142    68.0063
1915   65.7142    67.8103
1916   65.7142    68.6275
1917   65.7142    69.0467
1918   65.7142    69.178
1919   65.7142    70.662
1920   65.7142    68.835
1921   65.7142    69.0782
1922   65.7142    68.1137
1923   65.7142    68.3542
1924   65.7142    68.5234
1925   65.7142    67.7074
1926   65.7142    68.0916
1927   65.7142    67.9999
1928   65.7142    67.9193
1929   65.7142    66.7977
1930   65.7142    66.6823
1931   65.7142    67.8874
1932   65.7142    67.9751
1933   65.7142    68.3681
1934   65.7142    68.4761
1935   65.7142    69.39
1936   65.7142    69.939
1937   65.7142    70.3231
1938   65.7142    69.6808
1939   65.7142    70.6535
1940   65.7142    69.9208
1941   65.7142    68.8615
1942   65.7142    70.1926
1943   65.7142    69.3663
1944   65.7142    66.956
1945   65.7142    68.1761
1946   65.7142    66.9494
1947   65.7142    66.5328
1948   65.7142    67.0289
1949   65.7142    67.1573
1950   65.7142    67.4405
1951   65.7142    68.246
1952   65.7142    69.6217
1953   65.7142    71.4382
1954   65.7142    73.0718
1955   65.7142    72.5926
1956   65.7142    71.6035
1957   65.7142    70.2704
1958   65.7142    68.4996
1959   65.7142    69.8498
1960   65.7142    69.7889
1961   65.7142    69.4801
1962   65.7142    69.5186
1963   65.7142    69.1708
1964   65.7142    69.3571
1965   65.7142    68.6029
1966   65.7142    68.3197
1967   65.7142    68.0261
1968   65.7142    68.4465
1969   65.7142    68.9295
1970   65.7142    68.9652
1971   65.7142    68.8823
1972   65.7142    70.7792
1973   65.7142    70.0061
1974   65.7142    68.0469
1975   65.7142    71.1682
1976   65.7142    69.755
1977   65.7142    69.0698
1978   65.7142    69.274
1979   65.7142    69.728
1980   65.7142    69.7022
1981   65.7142    69.4937
1982   65.7142    69.8186
1983   65.7142    71.0057
1984   65.7142    70.6332
1985   65.7142    70.4277
1986   65.7142    69.9489
1987   65.7142    69.7611
1988   65.7142    69.6217
1989   65.7142    68.9165
1990   65.7142    67.4094
1991   65.7142    67.4582
1992   65.7142    67.6347
1993   65.7142    68.2362
1994   65.7142    66.7091
1995   65.7142    66.5034
1996   65.7142    66.4997
1997   65.7142    67.8169
1998   65.7142    67.684
1999   65.7142    67.2265
2000   65.7142    67.5223
