1   451.093    492.262
2   439.125    475.158
3   427.245    462.205
4   418.983    450.281
5   410.945    438.429
6   399.197    426.843
7   395.308    417.395
8   390.777    410.773
9   385.213    404.555
10   381.237    399.705
11   373.056    392.747
12   369.447    386.315
13   356.163    383.451
14   346.207    378.536
15   337.966    367.703
16   337.063    360.031
17   337.063    355.691
18   328.641    347.891
19   328.584    344.254
20   324.094    338.903
21   322.228    334.586
22   318.094    332.223
23   311.093    328.981
24   311.093    326.151
25   308.671    322.403
26   305.144    317.539
27   302.336    315.115
28   291.472    311.08
29   291.105    306.722
30   291.105    305.344
31   288.523    304.05
32   287.673    300.232
33   284.268    294.365
34   284.268    292.101
35   271.256    289.896
36   271.256    286.295
37   268.553    283.307
38   267.526    279.748
39   266.813    277.763
40   266.813    275.428
41   266.163    273.086
42   264.66    270.912
43   263.581    269.519
44   259.287    268.564
45   256.277    267.762
46   254.516    266.139
47   254.516    263.473
48   251.432    261.779
49   251.432    259.723
50   250.766    258.258
51   246.978    255.773
52   246.868    254.811
53   246.868    251.719
54   246.591    250.796
55   242.031    250.702
56   240.938    248.286
57   238.343    246.835
58   230.599    244.352
59   228.999    241.196
60   228.999    238.321
61   228.7    236.154
62   228.473    232.002
63   227.398    232.636
64   224.988    231.841
65   223.184    230.306
66   223.184    228.808
67   221.858    227.974
68   220.923    225.757
69   218.818    223.793
70   218.818    223.493
71   218.818    221.796
72   218.818    222.074
73   217.262    221.395
74   215.16    221.565
75   211.505    220.769
76   211.505    219.449
77   209.073    217.266
78   208.215    216.41
79   205.783    215.938
80   205.783    213.509
81   205.783    212.315
82   200.798    211.027
83   200.798    210.342
84   198.82    207.718
85   198.191    205.123
86   193.802    203.761
87   193.802    202.802
88   193.802    199.317
89   192.182    197.802
90   191.429    197.206
91   191.168    196.318
92   191.168    196.069
93   188.795    194.895
94   188.795    193.934
95   187.236    192.781
96   187.236    191.271
97   186.004    190.43
98   186.004    189.312
99   184.742    188.655
100   183.474    187.574
101   173.881    187.814
102   173.881    187.931
103   173.017    188.12
104   173.017    187.498
105   173.017    188.543
106   173.017    184.799
107   173.017    180.511
108   171.635    178.591
109   170.676    176.901
110   170.676    177.01
111   170.676    175.695
112   169.629    173.607
113   169.014    173.044
114   169.014    172.216
115   169.014    172.084
116   168.462    171.287
117   166.541    172.202
118   163.982    171.175
119   163.982    171.208
120   163.951    170.199
121   163.084    168.938
122   160.741    167.165
123   160.741    166.728
124   160.741    166.167
125   160.741    165.821
126   160.444    164.891
127   160.444    164.151
128   160.037    163.121
129   159.134    163.284
130   158.535    164.652
131   158.179    163.823
132   157.763    162.872
133   157.763    162.981
134   157.763    163.166
135   156.382    163.858
136   156.382    161.95
137   156.382    159.279
138   156.15    158.645
139   155.646    160.194
140   154.465    158.342
141   154.465    157.529
142   152.562    158.624
143   152.562    157.804
144   152.562    157.141
145   152.562    156.629
146   151.82    156.886
147   151.336    155.278
148   150.594    155.061
149   150.594    154.18
150   149.807    153.902
151   149.807    153.539
152   148.867    154.167
153   148.489    153.911
154   147.607    152.383
155   147.334    152.907
156   147.311    152.132
157   146.571    151.456
158   145.505    150.709
159   145.316    149.953
160   144.118    150.233
161   142.943    148.864
162   142.943    148.298
163   142.851    147.741
164   142.808    147.385
165   142.808    146.454
166   142.808    146.813
167   142.808    145.651
168   142.808    145.287
169   142.607    146.58
170   141.479    144.53
171   141.331    144.544
172   141.17    143.447
173   140.718    144.159
174   139.59    144.496
175   139.59    144.502
176   138.488    145.319
177   138.488    144.832
178   138.488    142.612
179   138.157    142.227
180   137.489    143.796
181   137.489    144.011
182   137.489    142.008
183   135.304    140.471
184   135.304    141.684
185   135.304    141.292
186   134.637    142.316
187   134.496    141.131
188   134.496    140.545
189   134.496    141.891
190   132.347    139.178
191   131.826    137.271
192   131.826    137.716
193   131.684    136.727
194   131.684    136.07
195   131.684    135.787
196   131.684    135.213
197   131.198    134.739
198   131.198    136.194
199   130.444    136.882
200   130.347    136.199
201   129.794    137.415
202   129.794    137.783
203   129.794    138.581
204   129.794    139.384
205   129.794    138.041
206   128.639    140.289
207   128.639    139.882
208   128.639    140.558
209   128.639    140.26
210   128.639    139.612
211   128.259    134.119
212   128.259    131.843
213   127.714    130.994
214   127.714    130.259
215   127.714    130.502
216   127.714    130.756
217   127.714    132.248
218   127.714    130.81
219   126.054    130.623
220   126.054    130.434
221   126.054    129.851
222   125.932    131.022
223   125.932    132.568
224   125.45    130.925
225   125.45    131.725
226   125.328    130.124
227   125.075    127.482
228   124.471    128.175
229   124.349    127.18
230   124.349    127.273
231   124.349    128.361
232   124.349    127.294
233   123.665    127.359
234   123.665    128.051
235   123.665    128.228
236   123.665    128.813
237   123.546    128.435
238   123.43    127.826
239   122.903    127.775
240   122.772    127.459
241   122.772    127.146
242   122.21    126.933
243   122.21    128.42
244   122.21    127.797
245   121.974    128.404
246   121.974    127.066
247   121.939    125.246
248   121.939    125.89
249   121.939    126.637
250   121.733    127.182
251   121.234    126.704
252   120.425    127.949
253   120.219    126.032
254   119.72    126.151
255   119.72    125.507
256   119.72    124.846
257   119.72    125.269
258   119.72    122.145
259   118.87    122.736
260   118.557    121.048
261   118.557    122.18
262   118.557    123.898
263   118.557    125.202
264   118.028    126.387
265   118.028    127.686
266   117.323    128.196
267   117.323    127.211
268   117.323    124.775
269   116.673    123.103
270   116.673    120.723
271   116.613    118.906
272   116.613    119.227
273   116.613    120.077
274   116.428    120.328
275   116.428    121.01
276   116.08    121.439
277   116.08    120.602
278   116.08    119.889
279   116.08    118.953
280   116.044    119.612
281   116.044    119.653
282   116.044    119.786
283   114.627    119.433
284   114.627    120.665
285   114.627    119.922
286   114.061    118.796
287   114.061    118.841
288   114.061    119.948
289   114.014    118.973
290   114.014    118.727
291   113.448    119.629
292   113.263    116.502
293   113.263    116.088
294   113.263    117.926
295   113.263    119.628
296   113.263    120.121
297   113.263    120.167
298   112.489    118.296
299   112.489    117.705
300   112.489    116.733
301   107.228    116.465
302   107.228    114.491
303   107.228    113.295
304   107.228    114.841
305   107.228    118.733
306   107.228    117.849
307   107.228    116.169
308   107.228    115.248
309   105.464    115.269
310   105.161    114.242
311   103.471    112.004
312   103.471    109.995
313   103.201    108.874
314   102.622    108.985
315   102.622    107.774
316   102.622    107.023
317   102.622    107.4
318   102.055    105.866
319   102.055    106.836
320   102.055    106.006
321   102.055    103.899
322   102.055    104.448
323   102.055    104.539
324   102.055    104.807
325   102.055    104.081
326   102.055    103.69
327   102.055    103.58
328   102.055    104.778
329   102.055    105.253
330   102.055    105.932
331   102.055    107.751
332   102.055    106.91
333   102.055    105.409
334   102.055    105.309
335   102.055    106.464
336   101.965    105.855
337   101.402    104.083
338   101.402    104.18
339   100.84    103.806
340   100.84    103.843
341   100.84    103.161
342   100.84    102.683
343   100.84    102.839
344   100.297    103.725
345   100.297    102.576
346   99.3278    102.408
347   99.3278    103.877
348   99.3278    102.423
349   99.3278    101.63
350   99.3278    102.019
351   99.3278    102.343
352   99.3278    103.072
353   98.7033    102.067
354   98.6171    100.681
355   98.5351    101.361
356   98.3785    101.48
357   96.3251    100.84
358   96.3251    100.398
359   94.5832    100.632
360   94.5832    98.7626
361   93.9337    98.3456
362   93.9337    97.9678
363   93.7366    98.3561
364   92.9585    97.9499
365   92.9585    97.6224
366   92.9585    97.4861
367   92.9426    97.3207
368   92.9426    97.5296
369   92.9426    96.68
370   92.9426    96.7856
371   92.9426    94.7467
372   92.9426    94.6883
373   92.9426    95.7496
374   92.9426    95.8235
375   92.9426    95.8961
376   92.9426    95.9545
377   92.9426    95.2969
378   92.9426    95.048
379   92.9426    94.868
380   92.9426    95.085
381   92.2057    96.0646
382   92.2057    96.7491
383   92.2057    96.1752
384   92.2057    96.3566
385   91.9869    95.9321
386   91.9869    95.3828
387   90.7067    95.2694
388   90.7067    95.0744
389   90.7067    94.234
390   90.7067    94.1241
391   90.7067    93.1173
392   90.7067    94.8951
393   90.7067    94.8108
394   90.7067    94.2244
395   90.7067    93.3906
396   90.7067    92.668
397   90.7067    92.4994
398   90.6773    92.338
399   90.6773    93.3549
400   90.6121    95.0154
401   90.6121    94.6545
402   90.6121    93.1474
403   90.6121    93.2847
404   90.6121    93.2273
405   90.0311    92.4453
406   89.9968    91.5302
407   89.9968    91.4845
408   89.9968    92.1911
409   89.9968    93.0782
410   89.9968    94.3723
411   89.5841    93.5172
412   89.5841    91.9078
413   89.5841    92.8223
414   89.5841    93.6669
415   89.5841    93.7515
416   89.5841    92.8843
417   89.5841    93.3369
418   89.5841    92.7013
419   89.0337    93.2788
420   89.0337    92.1219
421   89.0337    91.6911
422   89.0337    92.373
423   89.0337    93.7166
424   88.8682    92.6185
425   88.8682    93.9895
426   88.8682    92.2121
427   88.8682    91.5805
428   88.8682    91.0997
429   88.8682    91.6462
430   88.8682    92.1996
431   88.5778    92.3179
432   88.5778    91.5577
433   88.5778    92.6938
434   88.5778    92.2999
435   88.2608    91.7481
436   88.2608    91.8248
437   88.2608    91.5627
438   88.2608    92.8916
439   88.2608    92.3025
440   88.2608    92.0771
441   88.2608    91.5503
442   88.2608    90.9009
443   88.2608    91.796
444   88.2608    92.2741
445   88.0826    92.2827
446   87.7322    92.1456
447   87.7322    91.8289
448   87.6065    91.8591
449   87.4283    91.315
450   87.4042    92.2521
451   87.4042    91.9247
452   87.4042    92.1742
453   87.4042    90.7263
454   87.4042    89.7224
455   87.4042    88.322
456   86.1753    89.2747
457   86.1753    89.3521
458   86.1753    90.6107
459   86.1753    90.5982
460   86.1753    91.2885
461   86.1753    90.5524
462   86.1753    90.2895
463   86.1753    91.2512
464   86.1753    90.6785
465   86.1753    91.2459
466   86.1753    89.3362
467   86.1753    88.4209
468   86.1753    88.8425
469   86.1753    89.2811
470   86.1753    89.2662
471   85.6579    87.8277
472   85.6579    86.7814
473   85.6579    86.9563
474   85.1968    87.5948
475   85.1968    90.3264
476   85.1968    89.0865
477   85.1968    89.0161
478   85.1968    88.3308
479   85.1968    89.9541
480   85.1968    87.9282
481   85.1968    88.4292
482   85.1968    88.8903
483   85.1968    88.8267
484   85.1968    89.5942
485   85.1968    90.2059
486   85.1648    90.8411
487   85.1648    90.7616
488   84.9819    88.8335
489   84.9089    90.443
490   84.6724    88.7979
491   84.6724    87.1555
492   84.6404    87.4154
493   84.6404    87.5338
494   84.6404    87.8241
495   84.6404    87.6897
496   84.6404    85.5586
497   84.6404    87.6735
498   84.6404    87.8347
499   84.6404    87.2217
500   84.6404    88.7171
501   80.0745    86.449
502   80.0171    87.1528
503   78.8824    88.0801
504   77.0518    85.9444
505   77.0518    85.6937
506   77.0518    84.5152
507   77.0518    82.4918
508   77.0518    80.8424
509   77.0518    80.8387
510   77.0518    80.6492
511   77.0518    80.3518
512   77.0518    80.7881
513   77.0518    80.5691
514   77.0518    79.0845
515   77.0518    79.8674
516   77.0518    80.1865
517   77.0518    80.0473
518   77.0518    79.7954
519   77.0518    80.0654
520   77.0518    80.9353
521   77.0518    80.7394
522   77.0518    79.0457
523   77.0518    79.2551
524   77.0518    79.8901
525   77.0518    79.3863
526   77.0518    80.6013
527   77.0518    81.0995
528   77.0518    80.5377
529   77.0518    79.7993
530   77.0518    79.3322
531   77.0518    80.1317
532   76.85    80.7857
533   76.85    80.3464
534   76.85    79.5526
535   76.85    80.2592
536   76.85    79.6745
537   76.85    77.7078
538   76.85    77.9878
539   76.85    77.0625
540   76.85    78.2997
541   76.85    79.3107
542   76.85    79.4011
543   76.85    80.9001
544   76.85    79.8795
545   76.85    78.9942
546   76.85    81.8333
547   76.4384    80.2264
548   76.4384    80.4473
549   76.4384    79.0139
550   76.4384    79.5461
551   76.4384    80.0281
552   76.4384    79.3729
553   76.4384    80.5554
554   76.4384    78.6451
555   76.4384    79.7621
556   76.4384    79.7127
557   76.4384    77.8266
558   76.4384    78.3116
559   76.4384    79.2575
560   76.4384    79.3888
561   76.4384    79.2229
562   76.4384    79.7722
563   76.4384    80.4957
564   76.4384    79.0942
565   76.4384    79.1939
566   76.2193    79.3684
567   75.7696    78.8339
568   75.7696    78.1133
569   75.7696    79.9208
570   75.7696    81.0674
571   75.7696    78.0165
572   75.7696    78.148
573   75.7696    78.5051
574   75.7228    77.4839
575   75.7228    78.1819
576   75.1811    79.6997
577   75.1343    80.78
578   75.1343    79.4412
579   75.1343    79.2707
580   75.1343    78.1175
581   75.1343    77.5536
582   75.1343    77.5461
583   75.1343    76.3253
584   75.1318    76.9421
585   75.1318    76.2231
586   74.7925    77.8002
587   74.7925    78.1621
588   74.79    79.0071
589   74.5735    78.6187
590   74.2819    80.4044
591   74.2819    78.7935
592   74.2819    79.0279
593   74.2819    79.3224
594   74.2819    77.5683
595   74.2819    78.897
596   74.0235    78.9509
597   74.0235    77.2224
598   74.0235    77.6343
599   74.0235    79.6895
600   74.0235    79.9113
601   74.0235    77.9505
602   74.0235    79.6738
603   74.0235    80.6356
604   74.0235    77.3514
605   74.0235    77.3646
606   73.9098    77.8357
607   73.9098    77.4293
608   73.5245    75.7428
609   73.5245    78.8342
610   73.5245    77.8359
611   73.5245    78.4786
612   73.5245    78.7978
613   73.5245    77.102
614   73.5245    78.1538
615   73.5245    77.1214
616   73.5245    76.5308
617   73.5245    74.9501
618   73.5245    74.8446
619   73.4937    76.4199
620   73.4937    76.5458
621   73.004    76.0857
622   73.004    76.6049
623   72.4364    76.7905
624   72.4364    76.4433
625   72.4364    76.1985
626   72.4364    75.1553
627   72.4364    75.9084
628   72.4364    74.6894
629   72.4364    75.7223
630   72.4364    74.6884
631   72.4364    74.9476
632   72.4364    75.3401
633   72.4364    74.0136
634   72.4364    75.8926
635   72.4364    75.6981
636   72.4364    76.5348
637   72.4364    75.0949
638   72.4364    76.1269
639   72.4364    77.3974
640   72.4364    76.8738
641   72.4364    75.2473
642   72.4364    75.4092
643   72.4364    74.9557
644   72.4364    75.5615
645   72.4364    76.1832
646   72.4364    75.6016
647   72.4364    75.438
648   72.4364    75.572
649   72.4364    76.4529
650   72.4364    76.2156
651   72.4364    77.3427
652   72.4364    76.9883
653   72.4364    76.0359
654   72.4364    74.9103
655   72.4364    74.3049
656   72.4364    74.8235
657   72.3577    74.9234
658   72.3577    75.625
659   72.3577    76.6081
660   72.3577    76.5738
661   72.3577    75.7463
662   72.3577    75.1671
663   72.3577    74.9112
664   72.3577    74.1597
665   72.3577    74.4868
666   72.3577    76.1949
667   72.3577    75.8399
668   72.3577    75.9118
669   72.3577    76.8323
670   72.3577    76.6964
671   72.3577    75.4631
672   72.3577    76.249
673   72.3577    75.356
674   72.3577    75.7109
675   72.3577    76.2383
676   72.3577    75.2521
677   72.3577    75.6283
678   72.3577    75.7501
679   72.0343    74.8006
680   72.0343    75.9736
681   72.0343    78.3644
682   72.0343    77.9151
683   72.0343    76.2025
684   72.0343    77.6024
685   72.0343    77.4744
686   72.0343    76.2249
687   72.0343    74.6477
688   72.0343    75.6043
689   72.0343    74.4843
690   72.0343    73.695
691   72.0343    74.0586
692   72.0343    74.2714
693   72.0343    75.6192
694   72.0343    75.2476
695   72.0343    73.882
696   72.0343    75.0306
697   72.0343    74.2058
698   72.0343    74.6772
699   72.0343    74.9992
700   72.0343    74.2454
701   72.0343    75.4612
702   72.0343    73.9319
703   72.0343    72.8916
704   72.0343    74.1009
705   72.0343    73.446
706   72.0343    73.4842
707   72.0343    73.8222
708   72.0343    73.9795
709   72.0343    74.2818
710   71.7399    73.4555
711   71.7399    73.8473
712   71.7399    72.7114
713   71.7399    74.1782
714   71.7399    74.5734
715   71.7399    76.0781
716   71.7399    75.3012
717   71.7399    76.1446
718   71.7399    77.8752
719   71.7399    75.8066
720   71.7399    74.5642
721   71.7399    74.3943
722   71.7399    74.6604
723   71.7399    74.4844
724   71.7399    75.0108
725   71.7399    74.76
726   71.7399    73.6526
727   71.7399    74.9849
728   71.7399    76.2886
729   71.7399    76.2771
730   71.7399    77.0249
731   71.7399    76.816
732   71.7399    77.5313
733   71.7399    74.8199
734   71.7399    74.6887
735   71.7399    75.0219
736   71.7399    74.5909
737   71.7399    73.8113
738   71.7399    73.4105
739   71.7399    74.032
740   71.7399    74.1812
741   71.7399    75.4419
742   71.7399    75.9609
743   71.7399    75.4893
744   71.7399    74.4132
745   71.7399    74.0368
746   71.2256    75.3422
747   71.2256    74.5346
748   71.2256    74.833
749   71.2256    75.513
750   71.2256    75.1657
751   71.2256    75.9408
752   71.2256    74.8942
753   71.2256    75.2875
754   71.2256    74.6666
755   71.2256    74.1835
756   71.2256    74.4629
757   71.2256    72.6579
758   71.2256    72.4684
759   71.2256    73.1206
760   71.2256    73.2971
761   71.2256    74.3163
762   71.2256    72.4925
763   71.2256    72.3439
764   71.2256    72.7467
765   71.2256    75.7331
766   71.2256    74.8949
767   71.2256    74.2126
768   71.2256    74.4286
769   71.2256    75.5794
770   71.2256    75.7924
771   71.2256    76.5443
772   71.2256    76.5402
773   71.2256    74.2017
774   71.2256    72.5467
775   71.2256    73.0069
776   71.2256    73.4898
777   71.2256    75.3002
778   71.2256    75.1839
779   71.2256    74.0336
780   71.2256    74.0857
781   71.2256    73.6864
782   71.2256    76.3339
783   71.2256    77.9918
784   71.2256    76.5767
785   71.2256    76.3667
786   71.2256    75.6959
787   71.2256    75.8859
788   71.2256    75.7773
789   71.2256    75.5821
790   71.2256    74.0523
791   71.0619    75.2244
792   71.0619    73.9696
793   71.0619    73.0958
794   71.0619    75.4814
795   71.0619    74.0549
796   71.0619    73.952
797   71.0619    76.1767
798   71.0619    73.8375
799   71.0619    75.9636
800   71.0619    73.4451
801   71.0619    72.8957
802   71.0619    73.1791
803   71.0619    76.0966
804   70.9191    76.3758
805   70.9191    76.2944
806   70.9191    76.4334
807   70.9191    77.7682
808   70.9191    75.7486
809   70.9191    76.3844
810   70.9191    75.3484
811   70.9191    74.0157
812   70.9191    74.362
813   70.9191    74.3862
814   70.9191    75.4757
815   70.9191    73.8659
816   70.9191    74.7068
817   70.9191    75.2651
818   70.9191    75.9405
819   70.9191    78.0604
820   70.9191    78.1171
821   70.9191    78.5254
822   70.9191    76.9176
823   70.9191    74.7899
824   70.9191    74.2477
825   70.9191    74.102
826   70.9191    73.6747
827   70.9191    72.8028
828   70.9191    73.3063
829   70.9025    72.5502
830   70.8709    74.3269
831   70.8709    73.2103
832   70.8709    73.0358
833   70.8543    73.5338
834   70.8543    72.4399
835   70.8543    72.9534
836   70.8543    73.1862
837   70.8543    72.3929
838   70.8543    72.8559
839   70.8543    72.4842
840   70.8543    73.7177
841   70.8543    73.3479
842   70.8543    73.5839
843   70.8543    72.4429
844   70.8543    72.7101
845   70.8543    72.6459
846   70.8543    72.4468
847   70.8543    73.841
848   70.8543    73.4693
849   70.8543    74.2844
850   70.8543    73.9489
851   70.8543    73.0428
852   70.8543    73.0447
853   70.8543    72.3009
854   70.8543    71.8353
855   70.8543    72.4256
856   70.8543    73.173
857   70.8543    73.4739
858   70.8543    74.4971
859   70.8543    72.3826
860   70.8543    73.2646
861   70.8543    75.1773
862   70.8543    74.5002
863   70.8543    74.8943
864   70.8543    75.8037
865   70.8543    73.9366
866   70.8543    73.8689
867   70.8543    75.4232
868   70.8543    74.9014
869   70.8543    73.6629
870   70.8543    74.2077
871   70.8543    75.084
872   70.8543    72.856
873   70.8543    72.3452
874   70.8543    71.9777
875   70.8543    72.735
876   70.8543    73.7751
877   70.8543    72.7607
878   70.8543    73.9135
879   70.8543    74.5621
880   70.8543    75.7902
881   70.8543    74.0683
882   70.8543    73.6162
883   70.8543    72.6913
884   70.8543    73.0858
885   70.8543    74.7495
886   70.8543    75.0912
887   70.8543    74.6861
888   70.8543    74.007
889   70.6574    74.3322
890   70.6574    74.4972
891   70.6574    75.5655
892   70.6574    74.9989
893   70.6574    74.3359
894   70.6574    74.967
895   70.6574    75.6288
896   70.6574    76.5454
897   70.6574    74.6408
898   70.6574    73.1084
899   70.6574    73.0285
900   70.6574    73.7471
901   67.2722    72.8682
902   67.2722    72.9737
903   67.2722    74.0478
904   67.2722    73.2211
905   67.2722    71.5327
906   67.2722    71.0855
907   67.2722    74.032
908   67.2722    72.2367
909   67.2722    69.577
910   67.2722    70.326
911   67.2722    69.6424
912   67.2722    71.6909
913   67.2722    69.3651
914   67.2722    70.946
915   67.2722    70.2072
916   67.2722    69.0511
917   67.2722    68.3298
918   67.2722    68.301
919   67.2722    69.5086
920   67.2722    68.9915
921   67.2722    70.3647
922   67.2722    70.535
923   67.2722    69.9316
924   67.2722    70.2759
925   67.2091    71.164
926   67.2091    70.3136
927   67.2091    70.8989
928   67.2091    70.5594
929   67.2091    69.2962
930   67.2091    69.2174
931   67.2091    68.4877
932   67.2091    69.0651
933   67.2091    69.5736
934   67.2091    69.8277
935   67.2091    70.9866
936   67.2091    72.004
937   67.2091    72.151
938   67.2091    71.2371
939   67.2091    69.6331
940   67.2091    68.8679
941   67.2091    70.1614
942   67.2091    70.2571
943   67.2091    70.9188
944   67.2091    72.1424
945   67.2091    71.4098
946   67.2091    71.5795
947   67.2091    70.791
948   67.2091    70.7488
949   67.2091    71.0274
950   67.2091    70.461
951   67.2091    70.5912
952   67.2091    69.8225
953   67.2091    70.8099
954   67.2091    69.4209
955   67.2091    70.3772
956   67.2091    70.6573
957   67.2091    68.4308
958   67.2091    68.3935
959   67.2091    68.4195
960   67.2091    68.27
961   67.2091    68.5249
962   67.2091    68.871
963   67.2091    70.4608
964   67.2091    70.0866
965   67.2091    68.8157
966   67.2091    68.9185
967   67.2091    68.0485
968   67.2091    69.3963
969   67.2091    70.2011
970   67.2091    72.4744
971   67.2091    71.865
972   67.2091    70.6412
973   67.2091    71.7607
974   67.2091    70.7611
975   67.2091    71.554
976   67.2091    72.8785
977   67.2091    71.116
978   67.2091    72.2996
979   67.2091    70.6611
980   67.2091    70.773
981   67.2091    70.1906
982   67.2091    71.2325
983   67.2091    71.9261
984   67.2091    70.3936
985   67.2091    71.1099
986   67.2091    71.2914
987   67.2091    70.683
988   67.2091    72.18
989   67.2091    71.1898
990   67.2091    71.6468
991   67.2091    72.3161
992   67.2091    70.7204
993   67.2091    70.441
994   67.2091    70.1786
995   67.2091    70.2006
996   67.2091    71.6595
997   67.2091    69.7822
998   67.2091    70.1878
999   67.2091    70.4837
1000   67.2091    69.714
1001   67.2091    69.064
1002   67.2091    72.1411
1003   67.2091    71.9778
1004   67.2091    69.6412
1005   67.2091    70.3391
1006   67.2091    71.0154
1007   67.2091    71.1237
1008   67.2091    71.1906
1009   67.2091    69.3885
1010   67.2091    69.6167
1011   67.2091    69.5651
1012   67.2091    70.8006
1013   67.2091    70.593
1014   67.2091    69.4351
1015   67.2091    70.4757
1016   67.2091    70.5852
1017   67.2091    69.7191
1018   67.2091    69.0648
1019   67.2091    69.3743
1020   67.2091    70.2364
1021   67.2091    70.9847
1022   67.2091    69.4609
1023   67.2091    70.1008
1024   67.2091    70.4795
1025   67.2091    70.9024
1026   67.2091    70.985
1027   67.2091    71.8181
1028   67.2091    70.2713
1029   67.2091    71.5649
1030   67.2091    70.2572
1031   67.2091    69.3518
1032   67.2091    70.5808
1033   67.2091    71.1201
1034   67.2091    71.6793
1035   67.2091    70.6847
1036   67.2091    69.1092
1037   67.2091    68.8012
1038   67.2091    69.6856
1039   67.2091    69.0768
1040   67.2091    70.0139
1041   67.2091    69.6966
1042   67.2091    71.7216
1043   67.2091    71.8919
1044   67.2091    73.8234
1045   67.2091    74.0649
1046   67.2091    72.5285
1047   67.2091    69.5998
1048   67.2091    72.0917
1049   67.2091    69.8951
1050   67.2091    68.8909
1051   67.2091    71.554
1052   67.2091    71.1429
1053   67.2091    70.5795
1054   67.2091    70.7452
1055   67.2091    71.2706
1056   67.2091    70.9798
1057   67.2091    68.3633
1058   67.2091    69.0672
1059   67.2091    70.8746
1060   67.2091    70.5556
1061   67.2091    71.0591
1062   67.2091    70.8751
1063   67.2091    71.7089
1064   67.2091    71.9683
1065   67.2091    70.4223
1066   67.2091    70.2205
1067   67.2091    70.4342
1068   67.2091    69.648
1069   67.2091    69.7993
1070   67.2091    70.5144
1071   67.2091    69.5595
1072   67.2091    68.9291
1073   67.2091    68.7941
1074   67.2091    70.4114
1075   67.2091    70.524
1076   67.2091    70.8061
1077   67.2091    72.1138
1078   67.2091    71.3741
1079   67.2091    73.7037
1080   67.2091    71.9817
1081   67.2091    71.6483
1082   67.2091    70.4316
1083   67.2091    69.985
1084   67.2091    71.8773
1085   67.2091    70.8881
1086   67.2091    69.2481
1087   67.2091    69.6434
1088   67.2091    68.3846
1089   67.2091    68.2562
1090   67.2091    70.1504
1091   67.2091    70.1954
1092   67.2091    69.9457
1093   67.2091    71.573
1094   67.2091    70.7794
1095   67.2091    69.9978
1096   67.2091    70.4788
1097   67.2091    71.024
1098   67.2091    70.9958
1099   67.2091    70.3646
1100   67.2091    70.1098
1101   67.2091    68.9872
1102   67.2091    70.2624
1103   67.2091    70.4161
1104   67.2091    68.56
1105   67.2091    69.8647
1106   67.2091    70.4558
1107   67.2091    71.233
1108   67.2091    71.0498
1109   67.2091    70.5411
1110   67.2091    70.3794
1111   67.2091    70.6222
1112   67.2091    70.2379
1113   67.2091    68.8605
1114   67.2091    70.6125
1115   67.2091    72.7112
1116   67.2091    72.258
1117   67.2091    70.0605
1118   67.2091    68.9712
1119   67.2091    68.8696
1120   67.2091    69.1415
1121   67.2091    69.2291
1122   67.2091    69.5694
1123   67.2091    69.9458
1124   67.2091    70.5772
1125   67.2091    70.0483
1126   67.2091    70.0352
1127   67.2091    70.4028
1128   67.2091    69.7649
1129   67.2091    69.5526
1130   67.2091    69.895
1131   67.2091    71.4608
1132   67.2091    69.9927
1133   67.2091    69.6782
1134   67.2091    70.4571
1135   67.2091    69.6377
1136   67.2091    69.6959
1137   67.2091    70.4688
1138   67.2091    71.2734
1139   67.2091    69.2713
1140   67.2091    70.2259
1141   67.2091    70.9331
1142   67.2091    70.285
1143   67.2091    69.9685
1144   67.2091    70.6375
1145   67.2091    70.44
1146   67.2091    69.627
1147   67.2091    71.2092
1148   67.2091    69.8533
1149   67.2091    69.2086
1150   67.2091    68.0695
1151   67.2091    69.9139
1152   67.2091    71.3001
1153   67.2091    68.855
1154   67.2091    68.5817
1155   67.2091    68.3812
1156   67.2091    70.0372
1157   67.2091    71.4559
1158   67.2091    72.7991
1159   67.2091    71.3366
1160   67.2091    71.8635
1161   67.2091    70.636
1162   67.2091    69.7378
1163   67.2091    69.6377
1164   67.2091    71.4395
1165   67.2091    69.2388
1166   67.2091    69.9832
1167   67.2091    71.684
1168   67.2091    71.6525
1169   67.2091    71.4074
1170   67.2091    70.9325
1171   67.2091    71.8552
1172   67.2091    71.281
1173   67.2091    72.4036
1174   67.2091    73.4553
1175   67.2091    71.9341
1176   67.2091    71.4821
1177   67.2091    71.2265
1178   67.2091    70.0673
1179   67.2091    70.5003
1180   67.2091    69.7801
1181   67.2091    69.7545
1182   67.2091    69.7043
1183   67.2091    68.522
1184   67.2091    67.597
1185   67.2091    68.2901
1186   67.2091    70.7278
1187   67.2091    72.3239
1188   67.2091    73.6906
1189   67.2091    72.7153
1190   67.2091    71.2865
1191   67.2091    69.9802
1192   67.2091    71.0047
1193   67.2091    69.5302
1194   67.2091    70.9258
1195   67.2091    71.92
1196   67.2091    73.2148
1197   67.2091    71.8016
1198   67.2091    71.1247
1199   67.2091    69.5729
1200   67.2091    69.7475
1201   67.2091    70.096
1202   67.2091    70.9205
1203   67.2091    71.5712
1204   67.2091    70.9698
1205   67.2091    72.2837
1206   67.2091    73.5056
1207   67.2091    70.8233
1208   67.2091    70.7297
1209   67.2091    72.2505
1210   67.2091    70.4644
1211   67.2091    69.5129
1212   67.2091    69.1183
1213   67.2091    69.9672
1214   67.2091    68.4579
1215   67.2091    69.9321
1216   67.2091    69.8549
1217   67.2091    68.9138
1218   67.2091    68.1428
1219   67.2091    70.4672
1220   67.2091    69.3834
1221   67.2091    69.4849
1222   67.2091    69.8341
1223   67.2091    68.8402
1224   67.2091    70.759
1225   67.2091    70.702
1226   67.2091    69.818
1227   67.2091    71.0633
1228   67.2091    71.1593
1229   67.2091    72.0277
1230   67.2091    70.8863
1231   67.0455    69.5299
1232   67.0455    69.4454
1233   67.0455    69.8515
1234   67.0455    70.1538
1235   67.0455    69.8788
1236   67.0455    71.1569
1237   67.0455    71.8188
1238   67.0455    73.0822
1239   67.0455    73.2495
1240   67.0455    72.0055
1241   67.0455    71.8431
1242   67.0455    71.3997
1243   67.0455    70.3149
1244   67.0455    69.6823
1245   67.0455    69.6848
1246   67.0455    69.459
1247   67.0455    70.3166
1248   67.0455    69.7548
1249   67.0455    69.4151
1250   67.0455    70.0119
1251   67.0455    71.113
1252   67.0455    70.3604
1253   67.0455    69.0055
1254   67.0455    69.5467
1255   67.0455    69.529
1256   67.0455    69.7062
1257   67.0455    70.6781
1258   67.0455    69.9955
1259   67.0455    72.1348
1260   67.0455    70.0424
1261   67.0455    69.5495
1262   67.0455    68.3848
1263   67.0455    68.6331
1264   67.0455    70.4045
1265   67.0455    69.838
1266   67.0455    69.5385
1267   67.0455    69.8991
1268   67.0455    70.3216
1269   67.0455    70.017
1270   67.0455    72.3864
1271   67.0455    71.4025
1272   67.0455    70.4347
1273   67.0455    69.727
1274   67.0455    69.3834
1275   67.0455    71.1034
1276   67.0455    69.4991
1277   67.0455    69.9995
1278   67.0455    69.5027
1279   67.0455    68.7657
1280   67.0455    68.5219
1281   67.0455    69.048
1282   67.0455    69.9789
1283   67.0455    70.7076
1284   67.0455    71.9032
1285   67.0455    71.8488
1286   67.0455    71.4735
1287   67.0455    72.006
1288   67.0455    70.0701
1289   67.0455    70.6659
1290   67.0455    69.1267
1291   67.0455    69.0106
1292   67.0455    69.7273
1293   67.0455    70.6075
1294   67.0455    69.6695
1295   67.0455    70.4813
1296   67.0455    70.3304
1297   67.0455    69.7155
1298   67.0455    68.7523
1299   67.0455    70.6468
1300   67.0455    71.5834
1301   66.6167    71.2236
1302   66.6167    71.3355
1303   66.6167    71.054
1304   66.6167    70.7988
1305   66.6167    70.5121
1306   66.6167    69.7826
1307   66.6167    68.4035
1308   66.6167    69.2568
1309   66.6167    69.8851
1310   66.6167    68.9272
1311   66.6167    70.2072
1312   66.6167    70.371
1313   66.6167    71.0361
1314   66.6167    70.2216
1315   66.6167    71.2658
1316   66.6167    69.3953
1317   66.6167    69.1941
1318   66.6167    70.2074
1319   66.6167    71.8133
1320   66.6167    70.8699
1321   66.6167    71.6652
1322   66.6167    71.5934
1323   66.6167    71.6042
1324   66.6167    70.0215
1325   66.6167    69.3646
1326   66.6167    68.0196
1327   66.6167    67.9542
1328   66.6167    68.7973
1329   66.6167    69.6919
1330   66.6167    71.3452
1331   66.6167    71.965
1332   66.6167    71.361
1333   66.6167    70.1548
1334   66.6167    70.9936
1335   66.6167    68.0345
1336   66.6167    69.2085
1337   66.6167    68.3438
1338   66.6167    70.6649
1339   66.6167    69.7737
1340   66.6167    70.2684
1341   66.6167    70.5358
1342   66.6167    69.9355
1343   66.6167    70.1382
1344   66.6167    70.6357
1345   66.6167    69.922
1346   66.6167    69.6007
1347   66.6167    70.3997
1348   66.6167    68.5592
1349   66.6167    69.163
1350   66.6167    67.556
1351   66.6167    68.258
1352   66.6167    67.7758
1353   66.6167    67.9961
1354   66.6167    68.8292
1355   66.6167    67.8144
1356   66.6167    69.3373
1357   66.6167    68.9331
1358   66.6167    68.45
1359   66.6167    68.7529
1360   66.6167    69.1598
1361   66.6167    70.359
1362   66.6167    69.0977
1363   66.6167    71.4337
1364   66.6167    71.2614
1365   66.6167    71.1035
1366   66.6167    70.9218
1367   66.6167    71.9475
1368   66.6167    70.9273
1369   66.6167    71.6685
1370   66.6167    68.5392
1371   66.6167    68.3838
1372   66.6167    69.2591
1373   66.6167    69.0196
1374   66.6167    69.1269
1375   66.6167    68.8058
1376   66.6167    68.3227
1377   66.6167    68.975
1378   66.6167    69.4247
1379   66.6167    70.6474
1380   66.6167    70.551
1381   66.6167    70.4082
1382   66.6167    71.0496
1383   66.6167    72.1646
1384   66.6167    71.252
1385   66.6167    71.3816
1386   66.6167    72.3936
1387   66.6167    71.6905
1388   66.6167    70.4732
1389   66.6167    71.7745
1390   66.6167    72.1191
1391   66.6167    70.0997
1392   66.6167    70.0036
1393   66.6167    69.472
1394   66.6167    67.6338
1395   66.6167    67.446
1396   66.6167    68.9253
1397   66.6167    70.0163
1398   66.6167    71.3004
1399   66.6167    69.9718
1400   66.6167    69.8745
1401   66.6167    69.6456
1402   66.6167    68.3714
1403   66.6167    69.1453
1404   66.6167    69.1866
1405   66.6167    69.7067
1406   66.6167    68.1631
1407   66.6167    68.6199
1408   66.6167    69.0506
1409   66.6167    67.9767
1410   66.6167    69.0216
1411   66.6167    68.8567
1412   66.6167    69.7908
1413   66.6167    68.3289
1414   66.6167    70.6121
1415   66.6167    71.2328
1416   66.6167    71.6191
1417   66.6167    70.4573
1418   66.6167    69.2086
1419   66.6167    69.2126
1420   66.6167    68.8251
1421   66.6167    70.074
1422   66.6167    69.3473
1423   66.6167    69.0929
1424   66.6167    70.2845
1425   66.6167    69.1469
1426   66.6167    68.8686
1427   66.6167    68.9345
1428   66.6167    68.1199
1429   66.6167    69.4459
1430   66.6167    71.1724
1431   66.6167    70.6484
1432   66.6167    68.5221
1433   66.6167    69.157
1434   66.6167    70.2922
1435   66.6167    70.3896
1436   66.6167    69.0748
1437   66.6167    68.4279
1438   66.6167    67.4782
1439   66.6167    68.0693
1440   66.6167    68.275
1441   66.6167    69.2717
1442   66.6167    68.5306
1443   66.6167    68.3651
1444   66.6167    69.5506
1445   66.6167    69.733
1446   66.6167    70.0495
1447   66.6167    67.7726
1448   66.6167    68.981
1449   66.6167    69.1772
1450   66.6167    68.468
1451   66.6167    69.245
1452   66.6167    72.0811
1453   66.6167    70.3206
1454   66.6167    69.2988
1455   66.6167    69.7158
1456   66.6167    69.1479
1457   66.6167    69.3105
1458   66.6167    68.4876
1459   66.6167    68.7556
1460   66.6167    69.7483
1461   66.6167    69.9552
1462   66.6167    70.0017
1463   66.6167    71.5951
1464   66.6167    71.9884
1465   66.6167    73.3821
1466   66.6167    72.0792
1467   66.6167    72.1697
1468   66.6167    70.7206
1469   66.6167    72.0546
1470   66.6167    69.0473
1471   66.6167    69.1025
1472   66.6167    69.0284
1473   66.6167    69.3833
1474   66.6167    69.0894
1475   66.6167    69.4
1476   66.6167    70.8815
1477   66.6167    69.2843
1478   66.6167    68.1667
1479   66.6167    68.6223
1480   66.6167    70.008
1481   66.6167    69.1047
1482   66.6167    69.603
1483   66.6167    69.4192
1484   66.6167    69.9106
1485   66.6167    69.8979
1486   66.4646    69.6497
1487   66.4646    68.3069
1488   66.4646    69.0721
1489   66.4646    68.5134
1490   66.4646    70.5867
1491   66.4646    70.8197
1492   66.4646    70.3806
1493   66.4646    70.4491
1494   66.4646    70.508
1495   66.4646    69.261
1496   66.4646    70.0837
1497   66.4646    70.111
1498   66.4646    69.0077
1499   66.4646    69.4021
1500   66.4646    68.8763
1501   66.1462    68.3771
1502   66.1462    70.1432
1503   66.0125    70.9994
1504   65.8222    71.0861
1505   65.8222    68.7994
1506   65.8222    69.2588
1507   65.8222    68.1544
1508   65.8222    68.9459
1509   65.8222    67.9597
1510   65.8222    69.5465
1511   65.8222    69.9931
1512   65.8222    68.2048
1513   65.8222    68.4098
1514   65.8222    68.4617
1515   65.8222    68.3439
1516   65.8222    68.2267
1517   65.8222    68.1341
1518   65.8222    67.6103
1519   65.8222    67.2568
1520   65.8222    68.0993
1521   65.8222    68.5806
1522   65.8222    68.1963
1523   65.8222    68.3556
1524   65.8222    68.9336
1525   65.8222    68.3763
1526   65.8222    68.1513
1527   65.8222    67.5625
1528   65.8222    67.5516
1529   65.8222    67.2881
1530   65.8222    67.7802
1531   65.8222    69.2955
1532   65.8222    67.8193
1533   65.8222    69.3636
1534   65.8222    67.5542
1535   65.8222    67.6734
1536   65.8222    68.2469
1537   65.8222    67.4633
1538   65.8222    68.0217
1539   65.8222    68.6847
1540   65.8222    68.7842
1541   65.8222    68.8462
1542   65.8222    68.8936
1543   65.8222    68.0784
1544   65.8222    68.2536
1545   65.8222    70.7443
1546   65.8222    70.9718
1547   65.8222    69.6632
1548   65.8222    69.8144
1549   65.8222    68.458
1550   65.8222    68.702
1551   65.8222    66.8008
1552   65.8222    67.8414
1553   65.8222    67.8881
1554   65.8222    68.3732
1555   65.8222    70.1764
1556   65.8222    70.1837
1557   65.8222    69.1466
1558   65.8222    69.2616
1559   65.8222    69.3987
1560   65.8222    69.3461
1561   65.8222    69.0045
1562   65.8222    69.7797
1563   65.8222    69.1047
1564   65.8222    68.6302
1565   65.8222    69.7122
1566   65.8222    68.8411
1567   65.8222    69.9071
1568   65.8222    67.9429
1569   65.8222    69.2076
1570   65.8222    70.4198
1571   65.8222    69.9491
1572   65.8222    69.0265
1573   65.8222    69.122
1574   65.8222    68.7982
1575   65.8222    70.693
1576   65.8222    68.3048
1577   65.8222    68.3756
1578   65.8222    67.4187
1579   65.8222    68.9266
1580   65.8222    69.1191
1581   65.8222    67.4468
1582   65.8222    67.8815
1583   65.8222    67.8399
1584   65.8222    68.2691
1585   65.8222    68.9926
1586   65.8222    69.4087
1587   65.8222    69.4057
1588   65.8222    68.9524
1589   65.8222    69.3491
1590   65.8222    70.4709
1591   65.8222    69.0079
1592   65.8222    69.423
1593   65.8222    71.6333
1594   65.8222    69.4031
1595   65.8222    70.4776
1596   65.8222    70.5272
1597   65.8222    69.2764
1598   65.8222    68.4239
1599   65.8222    68.0626
1600   65.8222    67.2191
1601   65.7142    68.1527
1602   65.7142    68.2328
1603   65.7142    69.3347
1604   65.7142    68.2101
1605   65.7142    67.1559
1606   65.7142    68.6244
1607   65.7142    68.0805
1608   65.7142    67.4848
1609   65.7142    68.3453
1610   65.7142    69.3389
1611   65.7142    68.0514
1612   65.7142    67.5638
1613   65.7142    68.9894
1614   65.7142    68.9792
1615   65.7142    68.6109
1616   65.7142    68.3509
1617   65.7142    69.0412
1618   65.7142    67.7457
1619   65.7142    69.8331
1620   65.7142    69.898
1621   65.7142    70.5052
1622   65.7142    71.7062
1623   65.7142    69.2012
1624   65.7142    69.5781
1625   65.7142    68.5425
1626   65.7142    69.2794
1627   65.7142    69.7144
1628   65.7142    69.31
1629   65.7142    69.6057
1630   65.7142    71.195
1631   65.7142    71.1633
1632   65.7142    69.588
1633   65.7142    69.4464
1634   65.7142    68.6201
1635   65.7142    67.1653
1636   65.7142    67.526
1637   65.7142    68.564
1638   65.7142    70.796
1639   65.7142    71.5073
1640   65.7142    69.649
1641   65.7142    70.4325
1642   65.7142    68.7363
1643   65.7142    67.984
1644   65.7142    68.8072
1645   65.7142    68.4256
1646   65.7142    68.6175
1647   65.7142    69.8354
1648   65.7142    71.0233
1649   65.7142    70.8127
1650   65.7142    69.2627
1651   65.7142    67.8296
1652   65.7142    68.9416
1653   65.7142    68.2433
1654   65.7142    68.183
1655   65.7142    68.2592
1656   65.7142    68.6845
1657   65.7142    68.791
1658   65.7142    68.2787
1659   65.7142    68.7825
1660   65.7142    68.6705
1661   65.7142    70.3992
1662   65.7142    70.5953
1663   65.7142    69.6385
1664   65.7142    69.252
1665   65.7142    69.6915
1666   65.7142    67.8085
1667   65.7142    68.716
1668   65.7142    67.626
1669   65.7142    67.2566
1670   65.7142    68.1617
1671   65.7142    68.1215
1672   65.7142    67.5446
1673   65.7142    68.9806
1674   65.7142    69.9031
1675   65.7142    68.9539
1676   65.7142    69.7515
1677   65.7142    70.9606
1678   65.7142    69.3152
1679   65.7142    67.8593
1680   65.7142    69.3492
1681   65.7142    68.8865
1682   65.7142    70.4785
1683   65.7142    68.8926
1684   65.7142    68.8855
1685   65.7142    68.9344
1686   65.7142    68.6198
1687   65.7142    69.2052
1688   65.7142    68.8742
1689   65.7142    68.3351
1690   65.7142    68.4933
1691   65.7142    68.295
1692   65.7142    68.6788
1693   65.7142    70.1114
1694   65.7142    68.2264
1695   65.7142    66.7445
1696   65.7142    70.1306
1697   65.7142    69.5951
1698   65.7142    69.8396
1699   65.7142    70.5961
1700   65.7142    68.689
1701   65.7142    67.5783
1702   65.7142    68.8318
1703   65.7142    69.9466
1704   65.7142    70.0599
1705   65.7142    70.18
1706   65.7142    69.6976
1707   65.7142    69.7211
1708   65.7142    70.2275
1709   65.7142    70.0865
1710   65.7142    69.3773
1711   65.7142    68.695
1712   65.7142    68.2997
1713   65.7142    67.7357
1714   65.7142    68.0527
1715   65.7142    68.9695
1716   65.7142    67.9332
1717   65.7142    67.3674
1718   65.7142    68.0457
1719   65.7142    68.4846
1720   65.7142    67.7348
1721   65.7142    67.5451
1722   65.7142    68.6973
1723   65.7142    67.4514
1724   65.7142    66.3053
1725   65.7142    66.5435
1726   65.7142    67.1653
1727   65.7142    67.2684
1728   65.7142    67.2988
1729   65.7142    67.0023
1730   65.7142    68.8175
1731   65.7142    68.455
1732   65.7142    68.42
1733   65.7142    69.8801
1734   65.7142    69.0035
1735   65.7142    68.144
1736   65.7142    70.0605
1737   65.7142    70.315
1738   65.7142    70.9556
1739   65.7142    67.7117
1740   65.7142    68.2022
1741   65.7142    68.8795
1742   65.7142    69.9994
1743   65.7142    69.6435
1744   65.7142    69.1753
1745   65.7142    69.0001
1746   65.7142    67.9955
1747   65.7142    68.0391
1748   65.7142    69.3134
1749   65.7142    68.2225
1750   65.7142    67.4792
1751   65.7142    68.2419
1752   65.7142    67.8518
1753   65.7142    68.9518
1754   65.7142    69.7911
1755   65.7142    67.7165
1756   65.7142    69.8962
1757   65.7142    68.7888
1758   65.7142    68.8922
1759   65.7142    68.852
1760   65.7142    68.3817
1761   65.7142    68.1855
1762   65.7142    67.5467
1763   65.7142    67.083
1764   65.7142    67.0105
1765   65.7142    68.8581
1766   65.7142    68.5418
1767   65.7142    67.736
1768   65.7142    68.1651
1769   65.7142    68.2279
1770   65.7142    67.0573
1771   65.7142    66.2811
1772   65.7142    67.2358
1773   65.7142    67.2984
1774   65.7142    68.5791
1775   65.7142    67.8979
1776   65.7142    68.7866
1777   65.7142    69.4118
1778   65.7142    70.6587
1779   65.7142    71.2716
1780   65.7142    69.5467
1781   65.7142    68.3286
1782   65.7142    68.3407
1783   65.7142    68.5276
1784   65.7142    67.9725
1785   65.7142    67.4742
1786   65.7142    67.5738
1787   65.7142    69.1618
1788   65.7142    67.8647
1789   65.7142    69.8861
1790   65.7142    70.3295
1791   65.7142    70.3512
1792   65.7142    69.7541
1793   65.7142    69.4127
1794   65.7142    68.3762
1795   65.7142    68.4074
1796   65.7142    68.5987
1797   65.7142    68.3565
1798   65.7142    68.0098
1799   65.7142    67.1392
1800   65.7142    67.3083
1801   65.7142    66.6337
1802   65.7142    68.2423
1803   65.7142    70.209
1804   65.7142    70.7316
1805   65.7142    68.5798
1806   65.7142    67.6096
1807   65.7142    68.4349
1808   65.7142    69.4805
1809   65.7142    70.4362
1810   65.7142    69.4992
1811   65.7142    69.811
1812   65.7142    68.6037
1813   65.7142    67.3479
1814   65.7142    66.8326
1815   65.7142    67.6163
1816   65.7142    67.1914
1817   65.7142    67.3179
1818   65.7142    69.3842
1819   65.7142    68.0717
1820   65.7142    68.0953
1821   65.7142    67.4689
1822   65.7142    68.8308
1823   65.7142    68.782
1824   65.7142    68.0988
1825   65.7142    68.9816
1826   65.7142    69.6429
1827   65.7142    67.443
1828   65.7142    67.505
1829   65.7142    68.6326
1830   65.7142    68.5447
1831   65.7142    69.5491
1832   65.7142    68.1591
1833   65.7142    68.7653
1834   65.7142    68.5904
1835   65.7142    68.0625
1836   65.7142    68.5686
1837   65.7142    69.813
1838   65.7142    69.3382
1839   65.7142    69.8745
1840   65.7142    68.7184
1841   65.7142    68.4214
1842   65.7142    67.9013
1843   65.7142    68.1032
1844   65.7142    68.461
1845   65.7142    70.0645
1846   65.7142    69.0082
1847   65.7142    68.3194
1848   65.7142    70.3461
1849   65.7142    69.731
1850   65.7142    68.2168
1851   65.7142    68.5648
1852   65.7142    67.8528
1853   65.7142    66.9575
1854   65.7142    69.3622
1855   65.7142    68.5499
1856   65.7142    67.5187
1857   65.7142    68.38
1858   65.7142    67.9655
1859   65.7142    67.4008
1860   65.7142    68.1393
1861   65.7142    67.5381
1862   65.7142    69.0753
1863   65.7142    66.7648
1864   65.7142    68.0931
1865   65.7142    68.6469
1866   65.7142    68.5303
1867   65.7142    68.2908
1868   65.7142    68.0793
1869   65.7142    67.3425
1870   65.7142    67.8979
1871   65.7142    66.6444
1872   65.7142    66.4156
1873   65.7142    66.6617
1874   65.7142    67.2059
1875   65.7142    67.2244
1876   65.7142    67.3722
1877   65.7142    68.7001
1878   65.7142    69.0567
1879   65.7142    68.0073
1880   65.7142    66.9474
1881   65.7142    67.5685
1882   65.7142    67.6238
1883   65.7142    69.8087
1884   65.7142    70.1347
1885   65.7142    69.5221
1886   65.7142    69.7821
1887   65.7142    69.7235
1888   65.7142    68.9379
1889   65.7142    69.0807
1890   65.7142    69.9721
1891   65.7142    68.6917
1892   65.7142    70.0103
1893   65.7142    68.4003
1894   65.7142    69.1539
1895   65.7142    68.5729
1896   65.7142    68.5871
1897   65.7142    69.8343
1898   65.7142    70.5731
1899   65.7142    70.4823
1900   65.7142    70.7241
1901   65.7142    67.7828
1902   65.7142    67.8074
1903   65.7142    67.3684
1904   65.7142    67.8162
1905   65.7142    69.0421
1906   65.7142    70.3131
1907   65.7142    71.1564
1908   65.7142    69.7682
1909   65.7142    71.6979
1910   65.7142    69.3276
1911   65.7142    71.1341
1912   65.7142    68.6547
1913   65.7142    68.4039
1914   65.7142    70.8093
1915   65.7142    68.4593
1916   65.7142    69.4053
1917   65.7142    68.2997
1918   65.7142    69.0975
1919   65.7142    69.3545
1920   65.7142    71.1062
1921   65.7142    71.9474
1922   65.7142    68.6822
1923   65.7142    68.1268
1924   65.7142    67.989
1925   65.7142    70.0959
1926   65.7142    69.9158
1927   65.7142    71.5951
1928   65.7142    70.9197
1929   65.7142    70.4619
1930   65.7142    68.472
1931   65.7142    69.2883
1932   65.7142    70.1263
1933   65.7142    70.5082
1934   65.7142    69.9503
1935   65.7142    68.5686
1936   65.7142    68.4031
1937   65.7142    68.3895
1938   65.7142    70.527
1939   65.7142    70.1408
1940   65.7142    69.7852
1941   65.7142    69.4508
1942   65.7142    69.0591
1943   65.7142    68.0173
1944   65.7142    68.5205
1945   65.7142    68.1953
1946   65.7142    69.451
1947   65.7142    67.0214
1948   65.7142    67.7998
1949   65.7142    68.424
1950   65.7142    68.5537
1951   65.7142    68.4878
1952   65.7142    69.2148
1953   65.7142    67.7131
1954   65.7142    68.3427
1955   65.7142    69.1737
1956   65.7142    67.6752
1957   65.7142    68.6955
1958   65.7142    68.7451
1959   65.7142    71.3306
1960   65.7142    70.9113
1961   65.7142    68.3853
1962   65.7142    66.9265
1963   65.7142    68.8846
1964   65.7142    67.2286
1965   65.7142    67.1744
1966   65.7142    66.3557
1967   65.7142    66.5632
1968   65.7142    67.5386
1969   65.7142    67.8239
1970   65.7142    67.1498
1971   65.7142    67.2787
1972   65.7142    67.0059
1973   65.7142    68.8299
1974   65.7142    68.8903
1975   65.7142    70.7155
1976   65.7142    70.2975
1977   65.7142    70.1195
1978   65.7142    68.3358
1979   65.7142    67.6886
1980   65.7142    68.6872
1981   65.7142    68.4259
1982   65.7142    68.2094
1983   65.7142    67.9343
1984   65.7142    68.2915
1985   65.7142    68.6571
1986   65.7142    69.2693
1987   65.7142    69.5029
1988   65.7142    69.8675
1989   65.7142    72.5983
1990   65.7142    69.5035
1991   65.7142    69.0572
1992   65.7142    71.1275
1993   65.7142    68.9365
1994   65.7142    71.2608
1995   65.7142    72.72
1996   65.7142    72.2953
1997   65.7142    73.5056
1998   65.7142    70.6099
1999   65.7142    70.6922
2000   65.7142    70.0025
