1   452.709    492.159
2   435.109    477.712
3   429.064    462.589
4   417.242    450.466
5   417.242    444.268
6   393.358    434.543
7   390.856    423.617
8   381.842    411.522
9   379.106    401.668
10   372.362    392.787
11   363.061    385.397
12   353.737    378.822
13   353.737    372.777
14   351.254    366.346
15   347.398    362.884
16   342.793    358.836
17   342.14    352.541
18   330.729    348.873
19   329.695    344.149
20   326.436    339.241
21   321.924    335.882
22   317.911    331.326
23   312.574    327.888
24   311.628    324.506
25   310.554    320.48
26   309.133    316.554
27   301.188    314.423
28   298.294    312.167
29   290.112    308.36
30   286.703    303.259
31   281.598    296.858
32   281.598    294.221
33   278.189    291.266
34   276.699    286.858
35   273.457    284.187
36   268.687    282.191
37   266.885    279.188
38   266.885    276.214
39   255.779    273.668
40   250.721    270.095
41   250.721    267.554
42   250.241    264.528
43   246.245    258.398
44   242.447    255.924
45   236.607    252.251
46   233.817    248.404
47   233.774    245.285
48   231.684    243.276
49   231.621    241.199
50   231.199    238.322
51   228.531    237.048
52   228.531    236.308
53   225.972    234.668
54   225.972    233.373
55   225.88    233.382
56   224.313    233.48
57   224.313    231.693
58   224.313    232.14
59   222.296    230.54
60   220.065    227.962
61   219.411    228.425
62   218.83    227.597
63   217.265    226.913
64   217.265    226.845
65   216.684    224.365
66   214.762    221.806
67   212.904    220.331
68   211.558    219.034
69   210.977    217.754
70   210.977    215.863
71   206.033    215.584
72   205.451    213.849
73   203.344    212.979
74   203.344    212.574
75   202.182    210.749
76   202.182    209.428
77   201.835    208.934
78   201.835    207.95
79   201.399    204.776
80   201.052    204.573
81   200.62    203.861
82   200.411    203.197
83   200.411    202.749
84   197.997    203.671
85   196.244    204.29
86   196.244    204.213
87   195.488    203.66
88   194.787    202.696
89   193.149    201.315
90   191.93    197.972
91   191.546    196.123
92   191.271    197.086
93   189.908    196.17
94   189.8    196.947
95   189.8    196.553
96   188.451    199.675
97   188.451    198.179
98   186.674    195.665
99   186.674    193.975
100   186.674    192.677
101   185.872    192.445
102   185.872    191.569
103   185.625    189.693
104   184.475    190.17
105   184.049    191.081
106   182.446    191.39
107   182.446    192.211
108   181.875    192.804
109   180.459    192.463
110   180.459    188.95
111   180.459    188.253
112   180.459    188.324
113   179.666    186.412
114   178.988    184.472
115   178.988    184.313
116   178.103    184.003
117   178.103    182.192
118   173.436    182.331
119   173.436    180.291
120   172.859    181.258
121   171.447    179.573
122   171.447    178.512
123   170.134    177.184
124   170.134    176.656
125   170.134    177.507
126   170.134    177.257
127   170.119    176.817
128   169.407    176.122
129   168.362    175.384
130   168.056    174.895
131   167.214    173.618
132   167.214    172.577
133   167.214    173.436
134   167.214    172.421
135   166.284    171.276
136   166.284    170.312
137   161.402    169.48
138   160.831    168.966
139   160.237    166.325
140   160.164    164.214
141   157.793    162.377
142   156.998    162.171
143   156.998    160.785
144   156.998    160.848
145   156.998    160.544
146   156.998    158.532
147   156.953    158.209
148   156.406    160.052
149   156.406    159.504
150   155.855    160.022
151   155.855    160.396
152   155.439    160.592
153   155.439    160.498
154   154.621    160.693
155   154.621    159.924
156   151.137    159.452
157   150.588    157.918
158   150.588    159.009
159   150.588    158.611
160   150.588    157.67
161   150.368    156.916
162   150.368    154.797
163   150.173    157.614
164   150.173    156.472
165   148.792    155.188
166   148.792    154.679
167   148.792    155.332
168   148.364    154.429
169   147.508    156.323
170   147.508    154.68
171   147.508    155.686
172   145.567    154.913
173   145.567    156.692
174   145.567    154.841
175   145.567    154.305
176   145.361    153.106
177   145.361    152.395
178   145.361    149.513
179   145.361    148.385
180   145.361    148.917
181   144.803    147.948
182   144.803    148.737
183   144.41    148.453
184   144.15    149.177
185   144.144    147.227
186   142.221    147.405
187   141.065    148.122
188   140.799    148.161
189   140.473    146.921
190   140.473    144.215
191   140.473    144.945
192   139.968    146.374
193   139.236    145.024
194   139.236    143.616
195   138.686    142.352
196   138.39    142.405
197   137.105    140.697
198   136.347    141.978
199   136.347    142.338
200   136.327    140.819
201   135.721    141.071
202   135.418    139.487
203   134.969    139.191
204   134.189    139.818
205   134.189    137.806
206   133.618    136.898
207   133.073    137.712
208   133.073    138.534
209   133.073    141.4
210   133.073    142.915
211   133.073    143.523
212   133.073    144.566
213   133.073    143.777
214   133.073    141.806
215   133.073    141.185
216   133.073    140.624
217   132.925    138.54
218   132.925    137.343
219   132.816    137.068
220   132.816    138.695
221   132.509    137.935
222   132.509    138.657
223   130.447    137.021
224   130.308    136.464
225   130.308    134.769
226   130.308    134.305
227   130.308    134.833
228   129.969    133.996
229   129.969    137.788
230   129.969    138.135
231   129.969    139.3
232   129.278    139.261
233   128.866    139.45
234   128.866    137.055
235   128.866    136.661
236   128.841    135.15
237   128.841    134.985
238   128.834    134.761
239   128.808    133.233
240   128.263    132.429
241   128.001    130.943
242   126.712    131.429
243   126.712    131.399
244   126.29    131.274
245   126.29    129.539
246   125.978    129.146
247   125.325    129.052
248   125.325    129.305
249   124.906    128.548
250   124.906    127.487
251   124.253    126.785
252   124.253    127.067
253   124.253    128.483
254   123.582    127.313
255   123.163    128.806
256   122.511    127.249
257   122.511    126.248
258   121.682    125.685
259   121.682    126.692
260   121.682    126.126
261   121.682    127.337
262   121.682    126.474
263   121.585    128.122
264   121.585    127.305
265   121.585    127.14
266   120.913    127.214
267   120.816    126.114
268   120.816    124.626
269   120.805    125.291
270   120.542    125.334
271   118.01    125.222
272   118.01    124.115
273   117.864    125.074
274   117.864    123.345
275   117.864    123.336
276   117.728    121.565
277   117.728    121.684
278   117.728    121.371
279   117.728    120.793
280   117.728    120.334
281   117.728    121.134
282   117.728    121.062
283   117.728    120.429
284   117.728    120.529
285   117.02    121.091
286   117.02    121.843
287   116.658    123.178
288   116.658    121.276
289   116.432    121.249
290   115.733    118.366
291   115.733    119.83
292   115.201    119.292
293   115.201    118.51
294   114.557    117.87
295   114.557    117.122
296   114.557    118.329
297   114.557    118.814
298   113.972    119.16
299   113.972    117.044
300   113.972    117.507
301   113.972    116.762
302   113.972    116.879
303   113.972    117.351
304   113.972    117.804
305   112.756    117.749
306   112.756    117.156
307   112.756    115.59
308   111.908    115.836
309   110.691    116.364
310   110.691    114.841
311   110.691    115.535
312   110.691    114.503
313   110.691    115.493
314   110.691    113.876
315   110.691    113.837
316   108.278    113.019
317   108.278    114.05
318   108.193    113.994
319   108.193    112.695
320   107.788    112.403
321   107.788    113.467
322   107.703    112.197
323   107.703    111.122
324   107.703    110.873
325   107.703    110.419
326   107.703    111.174
327   107.451    110.642
328   107.451    111.89
329   103.105    111.848
330   103.105    110.6
331   103.105    111.214
332   101.784    109.461
333   101.212    108.47
334   101.212    106.86
335   101.212    107.419
336   101.212    106.279
337   101.212    107.371
338   101.212    104.679
339   101.212    104.098
340   101.212    103.99
341   101.212    103.883
342   101.212    104.876
343   101.212    105.007
344   101.212    105.834
345   101.212    106.065
346   101.212    104.96
347   101.212    103.219
348   101.212    103.72
349   101.212    104.229
350   101.212    104.078
351   101.212    104.35
352   101.212    104.236
353   101.212    104.079
354   101.212    103.205
355   101.212    103.562
356   101.212    103.456
357   101.212    104.313
358   101.212    107.63
359   101.212    108.589
360   101.212    109.961
361   101.212    112.268
362   100.424    111.582
363   100.424    111.366
364   100.424    110.557
365   100.424    108.342
366   100.424    107.1
367   100.424    107.203
368   100.424    107.445
369   100.424    107.118
370   100.424    106.258
371   100.424    105.813
372   100.424    105.272
373   100.424    104.394
374   100.424    104.523
375   100.424    106.278
376   99.385    106.277
377   99.385    105.969
378   99.385    105.355
379   99.385    105.197
380   99.385    105.766
381   99.385    105.165
382   99.3353    104.87
383   99.3353    103.969
384   98.4586    104.74
385   98.4586    104.321
386   98.4586    102.701
387   98.4586    103.364
388   98.4586    101.507
389   98.4586    102.106
390   97.7816    101.496
391   97.7816    102.365
392   96.7263    101.306
393   96.4484    99.6966
394   95.1763    100.777
395   95.1763    99.1475
396   95.1763    100.037
397   95.1763    98.5122
398   95.1763    97.9337
399   95.1763    99.0772
400   95.1763    99.4534
401   95.1763    98.524
402   95.1763    98.7664
403   95.099    97.6767
404   95.099    98.4177
405   95.099    97.6325
406   95.099    96.8837
407   95.099    97.4207
408   95.099    97.4463
409   94.8921    97.4692
410   94.8921    96.3887
411   94.8921    95.3151
412   94.8921    96.657
413   93.9792    95.8938
414   93.9792    97.361
415   93.9792    98.2664
416   92.91    96.655
417   92.7031    95.5583
418   92.7031    95.4955
419   92.7031    95.6868
420   92.7031    95.3271
421   92.7031    94.23
422   92.7031    94.3399
423   92.7031    93.4326
424   92.7031    94.3661
425   92.7031    94.7716
426   92.7031    96.1364
427   92.7031    96.0547
428   92.7031    94.9762
429   92.2867    95.5215
430   92.2867    94.3886
431   92.2867    94.5139
432   92.2867    93.6074
433   92.2867    93.7728
434   92.2867    94.8995
435   92.2867    94.2598
436   91.8817    94.9636
437   91.8817    94.63
438   91.8817    97.1681
439   91.8817    97.5112
440   91.4708    95.0795
441   91.4708    94.9944
442   91.0658    94.7067
443   91.0658    95.9415
444   90.8772    93.8669
445   90.8772    92.8365
446   90.8772    93.2612
447   90.8772    92.3402
448   90.8772    92.463
449   90.786    92.4717
450   90.786    93.1223
451   90.786    93.62
452   90.786    93.9652
453   90.786    92.7282
454   90.786    93.8157
455   90.786    93.6965
456   90.786    93.8969
457   90.786    94.5437
458   90.786    96.0848
459   90.786    94.2305
460   90.786    93.946
461   90.786    93.3187
462   90.786    92.7851
463   90.786    92.6903
464   90.786    94.4207
465   90.786    93.6981
466   90.786    93.8014
467   90.786    94.0073
468   90.786    93.0717
469   90.786    94.2585
470   90.786    93.7082
471   90.786    93.7554
472   90.786    91.7306
473   90.786    93.9514
474   90.786    95.3996
475   90.786    95.656
476   90.786    96.0204
477   90.786    95.99
478   90.786    94.9821
479   90.786    94.3824
480   90.786    93.9118
481   90.786    95.0699
482   90.786    94.4259
483   90.786    95.2052
484   90.4311    94.7671
485   90.4311    94.2535
486   90.4311    93.503
487   90.4311    93.2456
488   90.4311    92.8772
489   90.2901    93.1091
490   90.2901    94.6257
491   90.2901    94.153
492   89.7671    94.3632
493   89.7671    94.1888
494   89.7671    94.2249
495   89.5763    94.723
496   89.5763    93.1515
497   89.5763    91.5991
498   89.2283    91.6535
499   89.2283    91.3377
500   89.2283    90.5235
501   89.2283    90.4097
502   89.2283    92.8765
503   89.2283    93.6686
504   89.2283    93.6618
505   89.2283    91.2437
506   89.2283    93.2554
507   89.2283    93.3454
508   89.2283    91.861
509   89.2283    90.4478
510   89.2283    91.8163
511   89.2283    91.0259
512   89.2283    91.0029
513   89.2283    91.9776
514   89.2283    92.0177
515   88.912    90.6779
516   88.912    90.1762
517   88.8792    90.7878
518   88.3295    90.4582
519   88.3295    89.6219
520   88.3295    90.8144
521   88.2463    90.5378
522   87.8693    89.5632
523   87.8693    89.7466
524   87.8693    89.9045
525   87.8693    88.9843
526   87.8693    90.1152
527   87.8693    89.789
528   87.8693    89.6832
529   87.8693    89.6357
530   87.8693    89.8225
531   87.7838    89.6657
532   87.7838    89.7426
533   87.7838    89.2609
534   87.7838    90.9216
535   87.7838    90.3887
536   87.7838    90.6269
537   87.7838    90.394
538   87.7838    89.7346
539   87.5311    89.9671
540   87.5311    90.5867
541   87.5311    91.0112
542   87.5311    90.8619
543   87.4265    90.2282
544   87.4265    90.4252
545   87.4265    91.7831
546   87.4265    93.5904
547   87.4265    92.4284
548   87.4265    92.0116
549   87.4265    91.4094
550   87.4265    91.3311
551   87.4265    92.9649
552   87.4265    95.1975
553   87.4265    95.9304
554   87.4265    97.1135
555   87.4265    98.4715
556   87.4265    99.3117
557   87.4265    97.9881
558   87.4265    96.027
559   87.4265    96.3725
560   87.4265    97.1828
561   87.4265    96.8332
562   87.4265    95.4157
563   87.4265    96.5788
564   87.4265    95.8772
565   87.4265    93.5536
566   87.4265    91.2736
567   87.4265    90.8874
568   87.4265    91.1397
569   87.4265    91.8821
570   87.4265    90.1232
571   87.4265    89.5707
572   87.4265    89.3632
573   87.4265    89.3235
574   87.3903    90.1018
575   87.3903    89.2286
576   87.3903    88.7715
577   87.3903    89.2872
578   87.3903    89.2298
579   86.611    89.8315
580   86.611    89.8533
581   86.611    91.7088
582   86.611    93.1546
583   86.611    96.2827
584   86.611    99.8023
585   86.611    99.4676
586   86.611    100.147
587   86.611    100.876
588   86.611    97.8184
589   86.611    96.8612
590   86.611    97.6446
591   86.611    100.447
592   86.611    99.8034
593   86.5537    96.6644
594   86.5537    95.7703
595   86.5537    93.1407
596   86.5537    93.1943
597   86.5537    92.5026
598   86.5537    92.4685
599   86.5537    91.4842
600   86.5537    91.8935
601   86.5537    90.4814
602   86.5301    89.3737
603   86.4728    90.0643
604   86.4728    88.9972
605   86.4728    88.5719
606   86.4728    89.08
607   86.4728    88.5232
608   86.4728    89.724
609   86.4728    89.5643
610   86.4728    91.8475
611   86.4728    92.461
612   86.4728    91.9614
613   86.4728    91.5729
614   86.4728    90.828
615   86.4728    91.393
616   86.4728    89.2009
617   86.4728    89.3888
618   86.4728    88.8984
619   86.4728    88.5036
620   86.4728    89.9138
621   86.4728    89.4692
622   85.6856    90.4462
623   85.6856    91.4635
624   85.6856    91.6495
625   85.6856    90.8048
626   85.6856    89.9191
627   85.6856    88.8525
628   85.1596    88.3185
629   85.1596    88.7291
630   85.1596    89.694
631   85.1596    88.0574
632   85.1596    86.58
633   85.1596    88.1361
634   85.1596    88.0894
635   85.1596    88.4873
636   85.1596    87.5596
637   85.1596    88.4009
638   85.1596    88.7445
639   85.1596    88.8749
640   85.1596    86.7027
641   85.1596    86.2591
642   85.1596    86.8067
643   85.1596    87.108
644   85.1596    87.308
645   85.1596    87.0351
646   85.1596    87.7574
647   85.1596    88.3069
648   85.1596    88.8465
649   85.1596    88.236
650   85.1596    88.0604
651   85.1596    87.6902
652   85.1596    88.6282
653   85.1596    87.3955
654   85.1596    87.0545
655   85.1596    87.224
656   85.1596    87.2355
657   85.1596    87.2174
658   85.1596    86.681
659   85.1596    88.294
660   85.1596    87.8008
661   85.035    89.1029
662   85.035    89.222
663   84.4845    88.8981
664   84.4845    87.8285
665   84.4845    88.7099
666   84.4845    88.787
667   84.4845    89.5005
668   84.1134    89.9904
669   84.1134    88.7586
670   84.1134    88.7648
671   84.1134    89.0905
672   84.1134    90.1688
673   83.4586    90.6852
674   83.0874    90.7438
675   83.0874    91.7795
676   83.0874    90.5539
677   83.0874    92.2921
678   83.0874    92.4406
679   83.0874    92.0176
680   82.6254    88.8814
681   82.6254    87.5111
682   82.6254    86.7322
683   82.4751    85.9835
684   82.4751    86.8268
685   82.4751    87.3353
686   82.4751    86.9847
687   82.263    84.5825
688   82.263    85.2382
689   82.263    84.6965
690   82.263    85.2132
691   82.263    84.2765
692   82.263    85.5306
693   82.263    84.1138
694   82.0611    84.4684
695   82.0611    85.0322
696   82.0611    86.0616
697   82.0611    83.8183
698   81.556    84.4882
699   81.3541    84.2881
700   81.3541    84.6728
701   81.3541    84.1592
702   81.3541    84.4811
703   81.3541    84.1021
704   81.3541    84.6683
705   81.3541    84.4208
706   81.3541    84.0468
707   81.3541    83.7522
708   81.3541    83.3879
709   81.3541    85.1732
710   81.3541    85.6567
711   81.3541    85.1324
712   81.3541    84.6687
713   81.2577    84.0988
714   81.2577    85.1753
715   81.2577    85.5453
716   81.2577    84.5337
717   81.2577    82.8408
718   81.2221    83.5916
719   80.7158    83.9591
720   80.7158    84.0251
721   80.7158    84.9564
722   80.7158    83.0799
723   80.7158    82.2187
724   80.2352    82.3475
725   80.2352    81.6475
726   80.2352    81.8076
727   80.2352    82.4416
728   80.2352    83.779
729   80.2352    83.622
730   80.2352    85.8402
731   80.2352    85.6716
732   80.2352    85.2764
733   80.2352    84.1687
734   80.2352    84.025
735   80.2352    83.1061
736   80.2352    84.1223
737   80.2352    83.9138
738   80.2352    84.4063
739   80.2352    84.1458
740   80.2352    83.1559
741   80.2352    82.3868
742   80.2352    83.4134
743   80.2352    83.5302
744   80.2352    83.9791
745   80.2352    83.237
746   80.2352    84.2761
747   80.2352    83.8351
748   79.4931    82.9931
749   79.4931    83.4809
750   79.4931    84.76
751   79.4931    85.2938
752   79.4931    87.6855
753   79.4931    85.5531
754   79.4931    82.2583
755   79.4931    82.1527
756   79.4931    81.6108
757   79.2405    82.1881
758   79.2405    81.902
759   79.2405    81.2225
760   79.2405    81.223
761   78.7212    80.6378
762   78.7212    82.2908
763   78.7212    82.1514
764   78.7212    83.0144
765   78.7212    82.4483
766   78.6612    81.1786
767   78.6612    82.5329
768   78.6612    80.8939
769   78.6612    80.3213
770   78.6612    80.4063
771   78.6612    79.6978
772   78.6612    80.492
773   78.6612    82.0221
774   78.4508    82.5197
775   78.4508    82.7962
776   78.4508    82.1843
777   78.4508    82.3319
778   78.4508    83.0248
779   78.4508    82.9634
780   78.4508    84.3163
781   78.4508    84.5227
782   78.4508    82.1711
783   78.4508    83.6929
784   78.4508    83.3723
785   78.4508    81.782
786   78.4508    82.8496
787   78.4508    80.3911
788   78.4508    81.2498
789   78.4508    81.9835
790   78.4508    82.0645
791   78.4508    81.6764
792   78.4508    80.9013
793   78.4508    80.2537
794   78.4508    83.377
795   78.4508    83.3566
796   78.4508    82.7184
797   78.4508    83.2688
798   78.4508    83.7085
799   78.4508    80.8586
800   78.4508    81.2111
801   78.2203    82.9089
802   78.2203    83.0298
803   78.2203    84.1875
804   78.2203    84.5275
805   78.2203    82.5851
806   78.2203    81.1127
807   78.2203    82.4282
808   78.2203    81.9738
809   78.2203    80.924
810   78.2203    79.5495
811   78.1109    79.5359
812   78.1109    80.291
813   78.1109    81.4403
814   78.1109    82.2336
815   78.1109    80.7751
816   78.1109    80.1946
817   78.1109    79.4577
818   78.1109    79.7888
819   78.1109    80.612
820   78.1109    81.7986
821   78.1109    81.892
822   78.1109    81.6742
823   78.1109    83.5849
824   78.1109    81.2671
825   78.1109    81.2457
826   78.1109    80.6673
827   78.0816    79.649
828   78.0816    80.2674
829   78.0201    80.7056
830   78.0201    80.2076
831   77.3046    81.4087
832   77.3046    81.5009
833   77.3046    82.1186
834   77.3046    81.098
835   77.3046    80.6709
836   77.3046    79.4229
837   77.3046    78.9585
838   77.3046    78.4136
839   77.3046    80.957
840   77.3046    80.6379
841   77.3046    79.533
842   77.3046    79.517
843   77.3046    78.9531
844   77.3046    80.9363
845   77.3046    81.6893
846   76.9249    80.553
847   76.9249    80.8709
848   76.9249    80.5284
849   76.9249    80.5153
850   76.9249    79.1662
851   76.9249    79.8441
852   76.9249    78.8301
853   76.9249    79.3179
854   76.9249    79.8406
855   76.9249    81.595
856   76.9249    83.454
857   76.9249    85.1966
858   76.9249    86.1631
859   76.9249    87.0933
860   76.9249    86.3347
861   76.9249    85.5984
862   76.9249    84.7831
863   76.9249    84.565
864   76.9249    86.5051
865   76.9163    83.648
866   76.9163    83.4265
867   76.9163    82.7179
868   76.9163    81.1923
869   76.9163    79.938
870   76.9163    79.8544
871   76.9163    81.347
872   76.9163    79.6451
873   76.9163    81.4007
874   76.9163    81.98
875   76.9163    82.2914
876   76.9163    81.717
877   76.9163    81.4613
878   76.9163    82.0016
879   76.9163    81.4676
880   76.9163    82.3453
881   76.9163    80.9871
882   76.9163    81.5497
883   76.9163    79.4098
884   76.9163    79.0669
885   76.9163    79.5967
886   76.9163    79.4555
887   76.9163    78.467
888   76.9163    78.235
889   76.9163    79.8763
890   76.9163    78.7995
891   76.9163    77.8679
892   76.9163    79.5275
893   76.9163    79.6514
894   76.9163    78.281
895   76.9163    79.1756
896   76.9163    79.139
897   76.9163    79.5811
898   76.2641    78.6084
899   76.2641    79.7012
900   76.2641    78.6867
901   75.651    79.3785
902   75.651    77.9576
903   75.651    78.7504
904   75.651    80.3591
905   75.651    78.1853
906   75.651    80.5997
907   75.651    81.7771
908   75.651    81.7409
909   75.651    80.8011
910   75.651    80.382
911   75.651    78.5258
912   75.651    79.2746
913   75.651    79.1943
914   75.651    80.5104
915   75.651    80.1327
916   75.651    80.7207
917   75.651    81.4449
918   75.651    80.1197
919   75.651    78.5842
920   75.651    80.1989
921   75.651    82.1899
922   75.651    80.1933
923   75.651    79.9925
924   75.651    79.1364
925   75.651    79.9661
926   75.651    79.2045
927   75.651    78.8277
928   75.651    78.6831
929   75.651    78.3094
930   75.651    77.6519
931   75.651    76.6474
932   75.651    78.1154
933   75.651    78.7418
934   75.651    79.0341
935   75.651    78.8698
936   75.651    78.5874
937   75.651    78.7265
938   75.651    78.4502
939   75.651    78.603
940   75.651    77.8704
941   75.651    78.0777
942   75.651    77.067
943   75.651    77.1687
944   75.651    78.5518
945   75.651    77.4117
946   75.651    77.3442
947   75.651    78.1963
948   75.651    78.1734
949   75.651    78.8337
950   75.651    78.0145
951   75.651    76.9086
952   75.651    76.769
953   75.651    77.0792
954   75.651    78.1862
955   75.651    79.7192
956   75.651    80.123
957   75.651    79.7271
958   75.651    77.5015
959   75.651    79.7467
960   75.651    80.4294
961   75.651    79.3596
962   75.651    79.162
963   75.651    78.2344
964   75.651    79.6555
965   75.651    78.7407
966   75.651    77.5462
967   75.651    78.8541
968   75.651    80.0593
969   75.651    80.3236
970   75.651    79.1792
971   75.651    77.7346
972   75.651    80.2374
973   75.651    80.4959
974   75.651    82.0829
975   75.651    79.8914
976   75.651    79.893
977   75.651    80.3009
978   75.651    80.5248
979   75.651    78.9964
980   75.651    77.3985
981   75.651    77.1516
982   75.651    78.6249
983   75.651    78.3368
984   75.651    78.4771
985   75.651    79.2911
986   75.651    78.3126
987   75.651    77.8181
988   75.651    78.4104
989   75.651    78.8678
990   75.651    79.3069
991   75.651    78.9221
992   75.651    78.975
993   75.651    80.4965
994   75.651    79.7982
995   75.651    78.848
996   75.651    78.672
997   75.651    80.2199
998   74.8789    80.0746
999   74.8789    79.2831
1000   74.8789    78.3836
1001   74.8789    78.0749
1002   74.8789    76.5517
1003   74.8789    76.0493
1004   74.8789    76.9921
1005   74.8789    77.5548
1006   74.8789    78.4546
1007   74.8789    81.9642
1008   74.8789    84.6372
1009   74.8789    85.6617
1010   74.8789    84.6924
1011   74.8789    83.9655
1012   74.8789    83.3142
1013   74.8789    82.7794
1014   74.8789    82.3946
1015   74.8789    81.6576
1016   74.8789    80.2932
1017   74.8789    77.1883
1018   74.8789    75.9369
1019   74.8789    76.2504
1020   74.8789    76.8498
1021   74.8789    76.4329
1022   74.8789    77.1374
1023   74.8789    77.9913
1024   74.8789    77.0377
1025   74.8789    77.6481
1026   74.8789    77.376
1027   74.8789    78.5466
1028   74.8789    77.1992
1029   74.7993    77.6977
1030   74.7993    77.4232
1031   74.7993    79.1051
1032   74.7993    79.9693
1033   74.7993    78.337
1034   74.7993    78.4262
1035   74.7993    77.0463
1036   74.7993    76.6285
1037   74.7993    76.8173
1038   74.7993    76.3297
1039   74.7993    75.3598
1040   74.7993    76.937
1041   74.7993    76.8679
1042   74.7993    78.27
1043   74.7993    79.9885
1044   74.7993    79.6835
1045   74.7993    80.5319
1046   74.7993    78.1693
1047   74.7993    78.1284
1048   74.7993    76.4522
1049   74.7993    77.1649
1050   74.7993    77.6076
1051   74.7993    76.9546
1052   74.7183    77.9159
1053   74.7183    77.0793
1054   74.7183    76.4901
1055   74.6165    76.5182
1056   73.826    77.0563
1057   73.826    77.5453
1058   73.7451    77.6628
1059   73.7451    77.3104
1060   73.7451    78.338
1061   73.7451    77.0953
1062   73.7451    76.9833
1063   73.7451    76.736
1064   73.7451    76.6198
1065   73.7451    77.0876
1066   73.7451    78.1718
1067   73.7451    78.9995
1068   73.7451    77.2216
1069   73.7451    78.6506
1070   73.7451    76.9832
1071   73.7451    76.9352
1072   73.7451    76.4242
1073   73.7451    76.0462
1074   73.7451    78.1429
1075   73.7451    79.5856
1076   73.7451    77.7376
1077   73.7451    78.4712
1078   73.7451    77.276
1079   73.7451    78.4204
1080   73.7451    79.0861
1081   73.7451    78.7704
1082   73.7451    77.5417
1083   73.7451    76.9792
1084   73.7451    76.5873
1085   73.7451    75.964
1086   73.7451    77.6754
1087   73.7451    77.0796
1088   73.7451    76.5566
1089   73.5816    77.3781
1090   73.5816    77.2628
1091   73.5816    78.3351
1092   73.5816    77.3634
1093   73.5816    78.1907
1094   73.5816    78.2633
1095   73.5816    79.1555
1096   73.5816    76.4679
1097   73.5816    78.6383
1098   73.5816    79.3938
1099   73.5816    78.1632
1100   73.5816    76.1666
1101   73.5816    75.0635
1102   73.5816    76.335
1103   73.5816    76.4199
1104   73.5816    77.1664
1105   73.5816    76.3992
1106   73.5816    77.3598
1107   73.5816    76.7047
1108   73.5816    76.031
1109   73.5816    76.9129
1110   73.5816    76.4301
1111   73.5816    78.4076
1112   73.5816    76.2698
1113   73.5816    76.994
1114   73.5816    75.9034
1115   73.5816    78.7079
1116   73.5816    77.0463
1117   73.5816    78.4645
1118   73.5816    77.4089
1119   73.5816    75.7685
1120   73.5816    75.2355
1121   73.5816    76.7037
1122   73.5816    75.71
1123   73.5816    76.2295
1124   73.5816    75.9526
1125   73.5816    76.2244
1126   73.5816    76.5714
1127   73.5816    76.2953
1128   73.5816    75.4725
1129   73.5816    76.8221
1130   73.5816    76.8552
1131   73.5816    75.9431
1132   73.5816    75.6104
1133   73.5816    76.5363
1134   73.5816    76.6045
1135   73.5816    75.5704
1136   73.5816    76.4628
1137   73.5816    76.0776
1138   73.5816    78.3883
1139   73.326    77.7933
1140   73.326    77.016
1141   73.326    76.1972
1142   73.326    80.2881
1143   73.326    79.7252
1144   73.326    78.1742
1145   73.326    79.1875
1146   73.326    78.4099
1147   73.326    77.1017
1148   73.326    76.3778
1149   73.326    75.4081
1150   73.1941    76.75
1151   73.1941    75.8377
1152   73.1941    77.4437
1153   73.1941    79.1715
1154   73.1941    77.7218
1155   73.1941    77.5281
1156   73.1941    77.5998
1157   73.1941    77.4887
1158   73.1941    76.7544
1159   73.1941    75.7134
1160   73.1941    77.1197
1161   73.1941    76.9155
1162   73.1941    76.8264
1163   73.1941    75.1785
1164   73.1941    75.8914
1165   73.1941    75.0149
1166   73.1941    74.7255
1167   73.1941    74.7499
1168   73.1941    74.8083
1169   73.1941    75.5283
1170   73.1941    75.6189
1171   73.1941    75.3786
1172   73.1941    76.238
1173   73.1941    75.9219
1174   73.1941    74.941
1175   73.1941    77.1024
1176   73.1941    78.1731
1177   73.1941    78.2448
1178   73.1941    76.4984
1179   73.1941    75.1061
1180   73.1941    75.9695
1181   73.1941    77.089
1182   73.1941    78.3893
1183   73.1941    77.3394
1184   73.1941    77.6064
1185   73.1941    76.5199
1186   73.1941    75.4787
1187   73.1941    75.2293
1188   73.1941    74.3709
1189   73.1941    75.8503
1190   73.1941    75.5639
1191   73.1941    76.1674
1192   73.1941    75.9268
1193   73.1941    76.4097
1194   73.1941    75.3169
1195   73.1941    74.7557
1196   73.1941    74.3381
1197   73.1941    74.1906
1198   73.1941    74.8133
1199   73.1941    75.9898
1200   73.1941    74.9861
1201   73.1941    76.0879
1202   73.1941    77.3278
1203   73.1941    77.3031
1204   73.1941    77.699
1205   73.1941    78.9917
1206   73.1941    78.6496
1207   73.1941    78.2489
1208   73.1941    78.2384
1209   73.1941    78.072
1210   72.8721    77.5142
1211   72.8721    78.7871
1212   72.8721    77.0314
1213   72.8721    76.751
1214   72.8721    76.5082
1215   72.8721    77.7592
1216   72.8721    76.8387
1217   72.8721    76.7598
1218   72.8721    75.7648
1219   72.8721    76.1878
1220   72.8721    76.8879
1221   72.6336    77.5506
1222   72.6336    76.4403
1223   72.6336    77.2827
1224   72.6336    77.439
1225   72.6336    75.4757
1226   72.6336    79.0206
1227   72.6336    78.269
1228   72.6336    76.3002
1229   72.6336    77.1625
1230   72.6336    76.6509
1231   72.6336    76.6558
1232   72.6336    76.4316
1233   72.6336    76.4384
1234   72.6336    75.859
1235   72.6336    74.7767
1236   72.6336    75.0777
1237   72.6336    77.92
1238   72.6336    77.4103
1239   72.6336    76.4181
1240   72.6336    76.1861
1241   72.6336    75.7103
1242   72.6336    75.7835
1243   72.6336    74.8197
1244   72.6336    77.3823
1245   72.6336    77.3688
1246   72.6336    78.4925
1247   72.6336    77.9172
1248   72.6336    77.9871
1249   72.6336    78.3634
1250   72.6336    75.6378
1251   72.6336    75.1093
1252   72.6336    75.4107
1253   72.6336    76.649
1254   72.6336    75.2973
1255   72.6336    75.6941
1256   72.6336    77.365
1257   72.6336    76.1361
1258   72.6336    76.0369
1259   72.6336    76.3801
1260   72.6336    76.5584
1261   72.6336    75.9742
1262   72.6336    76.5042
1263   72.6336    75.9746
1264   72.6336    74.157
1265   72.6336    74.9735
1266   72.6336    74.8976
1267   72.6336    77.2177
1268   72.6336    75.2524
1269   72.6336    74.5517
1270   72.6336    74.757
1271   72.6336    74.9898
1272   72.6336    77.2218
1273   72.6336    77.7166
1274   72.6336    77.7292
1275   72.6336    77.3795
1276   72.6336    77.3906
1277   72.6336    76.7927
1278   72.6336    78.5915
1279   72.6336    76.203
1280   72.6336    76.1069
1281   72.6336    75.2492
1282   72.6336    75.1858
1283   72.6336    75.7675
1284   72.6336    76.3153
1285   72.6336    76.1068
1286   72.6336    75.8605
1287   72.6336    76.9903
1288   72.6336    78.7745
1289   72.6336    76.9934
1290   72.6336    74.2933
1291   72.6336    73.2986
1292   72.6336    73.9993
1293   72.6336    74.9398
1294   72.6336    73.3399
1295   72.6336    75.7231
1296   72.6336    75.4637
1297   72.6336    75.0424
1298   72.6336    75.473
1299   72.6336    76.9389
1300   72.6336    76.7036
1301   72.6336    76.4937
1302   72.6336    78.1073
1303   72.6336    75.4201
1304   72.6336    74.3649
1305   72.6336    74.9991
1306   72.6336    76.2371
1307   72.6336    74.3682
1308   72.6336    74.3025
1309   72.6336    74.7259
1310   72.6336    74.2464
1311   72.6336    76.7227
1312   72.6336    78.1729
1313   72.6336    78.3399
1314   72.6336    77.3203
1315   72.6336    76.9323
1316   72.6336    77.5879
1317   72.6336    77.955
1318   72.6336    79.2321
1319   72.6336    78.7585
1320   72.6336    78.1742
1321   72.6336    77.1334
1322   72.6336    78.0803
1323   72.6336    78.4462
1324   72.6336    76.3856
1325   72.6336    76.3929
1326   72.6336    77.3556
1327   72.6336    77.1224
1328   72.6336    78.8095
1329   72.6336    77.9527
1330   72.6336    78.7596
1331   72.6336    78.2576
1332   72.6336    78.5241
1333   72.6336    76.8187
1334   72.6336    76.0762
1335   72.6336    76.8849
1336   72.5797    76.9276
1337   72.5797    77.8191
1338   72.5797    77.4461
1339   72.5797    77.197
1340   72.5797    75.2395
1341   72.5797    75.6547
1342   72.5797    75.4825
1343   72.5797    74.2078
1344   72.5797    74.4612
1345   72.5797    73.4836
1346   72.5797    74.4373
1347   72.5797    73.9085
1348   72.5797    74.034
1349   72.5797    74.8346
1350   72.5797    76.5328
1351   72.5797    74.7113
1352   72.5797    74.6429
1353   72.5797    75.5037
1354   72.5797    75.3015
1355   72.5797    74.6238
1356   72.5797    75.1085
1357   72.5797    74.9583
1358   72.5797    76.4877
1359   72.5797    76.1879
1360   72.5797    76.4761
1361   72.5797    77.633
1362   72.5797    77.4452
1363   72.5797    77.97
1364   72.5797    77.0157
1365   72.5797    76.8015
1366   72.5797    75.2475
1367   72.5797    75.0094
1368   72.5797    74.7096
1369   72.5797    75.4609
1370   72.5797    74.9941
1371   72.5797    75.2093
1372   72.5797    74.773
1373   72.5797    75.59
1374   72.5797    76.7843
1375   72.5797    76.1207
1376   72.5797    77.0337
1377   72.5797    74.4924
1378   72.5797    77.0847
1379   72.5797    76.619
1380   72.5797    76.085
1381   72.5797    76.1411
1382   72.5797    77.2639
1383   72.5797    76.6402
1384   72.5797    76.4916
1385   72.5797    78.8687
1386   72.572    76.6174
1387   72.572    75.5149
1388   72.572    75.1981
1389   72.572    74.1202
1390   72.549    74.1368
1391   72.549    75.6345
1392   72.549    75.484
1393   72.549    74.7428
1394   72.549    75.0061
1395   72.549    76.726
1396   72.549    76.7734
1397   72.549    74.398
1398   72.549    74.0091
1399   72.549    75.3638
1400   72.4018    74.1655
1401   72.4018    75.174
1402   72.4018    74.8993
1403   72.4018    75.2446
1404   72.4018    75.1868
1405   72.4018    74.5744
1406   72.4018    74.594
1407   72.4018    75.6343
1408   72.4018    78.2577
1409   72.4018    77.1413
1410   72.4018    75.881
1411   72.4018    74.5161
1412   72.4018    73.8524
1413   72.4018    73.4602
1414   72.4018    74.4907
1415   72.4018    74.2976
1416   72.4018    75.2175
1417   72.4018    75.9829
1418   71.8555    76.4287
1419   71.8555    74.9373
1420   71.8555    74.3656
1421   71.8555    74.274
1422   71.8555    73.8078
1423   71.8555    73.9458
1424   71.8555    74.6891
1425   71.8555    74.1274
1426   71.8555    72.9523
1427   71.8555    74.5637
1428   71.8555    74.9868
1429   71.8555    73.0232
1430   71.8555    74.0462
1431   71.8555    74.4527
1432   71.8555    74.033
1433   71.8555    74.1684
1434   71.8555    74.1403
1435   71.8555    74.6586
1436   71.8555    76.0402
1437   71.8555    77.2772
1438   71.8555    75.4797
1439   71.8555    74.5292
1440   71.8555    73.6262
1441   71.8555    72.3294
1442   71.8555    73.8868
1443   71.8555    74.708
1444   71.8555    75.3058
1445   71.8555    74.9699
1446   71.8555    76.1406
1447   71.8555    75.5511
1448   71.8555    73.8623
1449   71.8555    73.2023
1450   71.8555    73.5714
1451   71.8555    73.9922
1452   71.8555    75.5468
1453   71.8555    74.5491
1454   71.8555    74.2942
1455   71.8555    75.9514
1456   71.8555    74.7753
1457   71.8555    73.7839
1458   71.8555    74.2761
1459   71.8555    74.191
1460   71.8555    74.8649
1461   71.8555    74.622
1462   71.8555    75.0829
1463   71.8555    76.7498
1464   71.8555    77.6705
1465   71.8555    77.02
1466   71.8555    76.087
1467   71.8555    75.8834
1468   71.8555    76.0421
1469   71.8555    76.4026
1470   71.8555    75.0999
1471   71.8555    74.7434
1472   71.8555    73.7316
1473   71.8555    75.3431
1474   71.8555    75.8512
1475   71.8555    74.6013
1476   71.8555    73.456
1477   71.8555    74.5763
1478   71.8555    75.5546
1479   71.8555    75.3353
1480   71.8555    75.1152
1481   71.8555    74.0734
1482   71.8555    74.9154
1483   71.8555    73.9393
1484   71.8555    73.509
1485   71.8555    74.3298
1486   71.8555    75.9495
1487   71.8555    74.9019
1488   71.8555    74.4096
1489   71.8555    73.7948
1490   71.4237    74.2413
1491   71.4237    75.2913
1492   71.4237    76.1646
1493   71.4237    74.7481
1494   71.4237    74.9279
1495   71.4237    75.7921
1496   71.4237    75.9604
1497   71.4237    74.6847
1498   71.4237    74.6484
1499   71.4237    75.2076
1500   71.4237    74.8759
1501   71.4237    74.7757
1502   71.4237    74.5293
1503   71.4237    74.1778
1504   71.4237    74.8536
1505   71.4237    75.3981
1506   71.4237    75.0619
1507   71.4237    76.0721
1508   71.4237    76.1867
1509   71.4237    75.1234
1510   71.4237    74.3165
1511   71.4237    73.9146
1512   71.4237    73.6679
1513   71.4237    76.0339
1514   71.4237    74.3064
1515   71.4237    75.1731
1516   71.4237    75.8404
1517   71.4237    75.8415
1518   71.4237    76.7277
1519   71.4237    75.7837
1520   71.4237    74.7654
1521   71.4237    74.638
1522   71.4237    73.6754
1523   71.4237    74.6755
1524   71.4237    75.3993
1525   71.4237    73.3477
1526   71.4237    73.1477
1527   71.4237    72.5306
1528   71.4237    72.5755
1529   71.4237    73.9216
1530   71.4237    74.8085
1531   71.4237    75.0997
1532   71.4237    74.2048
1533   71.4237    73.4173
1534   71.4237    73.5668
1535   71.4237    73.9749
1536   71.4237    73.3264
1537   71.4237    72.5448
1538   71.4237    72.8283
1539   71.4237    72.5838
1540   71.4237    72.3228
1541   71.4237    71.8654
1542   71.4237    73.6155
1543   71.4237    74.8873
1544   71.4237    75.541
1545   71.4237    75.0665
1546   71.4237    74.0712
1547   71.4237    73.4648
1548   71.4237    73.4063
1549   71.4237    73.0498
1550   71.4237    75.8188
1551   71.4237    74.0687
1552   71.4237    74.9955
1553   71.4237    76.6149
1554   71.4237    75.4684
1555   71.4237    76.5808
1556   71.4237    75.0469
1557   71.4237    75.2345
1558   71.4237    75.2052
1559   71.4237    76.2147
1560   71.4237    76.3043
1561   71.4237    74.5575
1562   71.4237    75.6977
1563   71.4237    74.1277
1564   71.4237    74.9585
1565   71.4237    75.671
1566   71.4237    76.3706
1567   71.4237    75.5758
1568   71.4237    76.3136
1569   71.4237    78.223
1570   71.4237    75.794
1571   71.4237    78.1245
1572   71.4237    79.2638
1573   71.4237    77.304
1574   71.4237    75.9012
1575   71.4237    75.7355
1576   71.4237    74.2849
1577   71.4237    74.3215
1578   71.4237    74.2034
1579   71.4237    74.5772
1580   71.4237    74.987
1581   71.4237    75.0674
1582   71.4237    74.1706
1583   71.4237    74.9158
1584   71.4237    73.3735
1585   71.4237    72.4509
1586   71.4237    71.6589
1587   71.4237    71.9779
1588   71.4237    72.8705
1589   71.4237    74.3031
1590   71.4237    73.2796
1591   71.4237    75.1375
1592   71.4237    75.8476
1593   71.4237    74.283
1594   71.4237    73.8732
1595   71.4237    73.4869
1596   71.4237    73.3649
1597   71.4237    72.7176
1598   71.4237    74.4842
1599   71.4237    73.2924
1600   71.4237    72.2883
1601   71.4237    73.5796
1602   71.4237    72.7321
1603   71.4237    72.9818
1604   71.4237    72.8538
1605   71.4237    74.755
1606   71.4237    73.491
1607   71.4237    73.6527
1608   71.4237    74.1002
1609   71.4237    74.2978
1610   71.4237    74.6257
1611   71.4237    76.5225
1612   71.4237    79.7553
1613   71.4237    79.4427
1614   71.4237    78.6589
1615   71.4237    80.8887
1616   71.4237    79.8911
1617   71.4237    77.0655
1618   71.4237    77.3206
1619   71.4237    76.5571
1620   71.4237    77.2907
1621   71.4237    75.4664
1622   71.4237    74.7776
1623   71.1421    74.2324
1624   71.1421    75.2086
1625   70.9716    74.0058
1626   70.69    74.6819
1627   70.69    74.7754
1628   70.69    75.6857
1629   70.69    72.925
1630   70.69    74.4269
1631   70.69    73.924
1632   70.69    73.9803
1633   70.69    73.4172
1634   70.69    74.0683
1635   70.69    73.697
1636   70.69    72.7132
1637   70.69    74.2123
1638   70.69    74.4375
1639   70.69    74.8536
1640   70.69    74.2833
1641   70.69    74.2233
1642   70.69    73.5194
1643   70.69    73.3626
1644   70.69    74.4922
1645   70.69    75.1211
1646   70.69    76.4667
1647   70.69    74.7975
1648   70.69    73.5779
1649   70.69    72.9632
1650   70.69    72.7985
1651   70.69    73.5955
1652   70.69    74.1454
1653   70.69    73.8221
1654   70.69    74.6563
1655   70.69    72.6014
1656   70.642    72.0201
1657   70.642    73.1618
1658   70.642    73.1956
1659   70.642    74.3201
1660   70.642    75.1484
1661   70.642    73.0725
1662   70.642    73.3704
1663   70.642    73.4911
1664   70.642    72.9
1665   70.642    72.7535
1666   70.642    72.3749
1667   70.642    72.3818
1668   70.642    74.2046
1669   70.642    73.928
1670   70.642    76.9298
1671   70.642    80.2035
1672   70.642    81.231
1673   70.642    80.6029
1674   70.642    79.4215
1675   70.642    80.4361
1676   70.642    76.3502
1677   70.642    73.3443
1678   70.642    72.0355
1679   70.642    72.4366
1680   70.0491    72.732
1681   70.0491    73.504
1682   70.0491    72.6827
1683   70.0491    71.7431
1684   70.0491    71.9056
1685   70.0491    73.2212
1686   70.0491    74.5424
1687   70.0491    73.4129
1688   70.0491    72.5043
1689   70.0491    72.2817
1690   70.0491    73.209
1691   70.0491    73.9247
1692   70.0491    72.3418
1693   70.0491    72.1698
1694   69.994    71.2697
1695   69.994    71.6386
1696   69.994    71.4805
1697   69.994    70.8473
1698   69.994    72.2586
1699   69.994    72.5506
1700   69.994    72.2141
1701   69.994    70.9923
1702   69.994    70.7734
1703   69.994    72.2801
1704   69.994    72.4383
1705   69.994    71.1381
1706   69.994    71.7215
1707   69.994    70.8124
1708   69.994    71.3218
1709   69.994    71.6813
1710   69.994    73.0467
1711   69.994    72.7722
1712   69.994    72.347
1713   69.994    73.8464
1714   69.994    72.7811
1715   69.994    73.0612
1716   69.994    74.2577
1717   69.994    74.7294
1718   69.994    74.2403
1719   69.994    73.4614
1720   69.994    74.1566
1721   69.994    73.3037
1722   69.994    73.5001
1723   69.994    73.7478
1724   69.994    73.271
1725   69.994    73.2941
1726   69.994    72.909
1727   69.994    74.5896
1728   69.994    73.2296
1729   69.994    72.5023
1730   69.994    72.5041
1731   69.994    74.8501
1732   69.994    73.7444
1733   69.994    72.02
1734   69.994    73.3932
1735   69.994    74.9212
1736   69.994    75.4313
1737   69.994    73.6106
1738   69.994    72.7718
1739   69.994    73.4552
1740   69.994    73.1293
1741   69.994    73.7779
1742   69.994    74.0785
1743   69.994    73.6709
1744   69.994    73.3591
1745   69.994    74.0757
1746   69.994    73.2361
1747   69.994    73.994
1748   69.994    75.1735
1749   69.994    74.6989
1750   69.994    75.0067
1751   69.994    74.7742
1752   69.994    76.77
1753   69.994    74.1174
1754   69.994    73.623
1755   69.994    73.1962
1756   69.994    72.6516
1757   69.994    71.8469
1758   69.994    73.3657
1759   69.994    72.667
1760   69.994    73.281
1761   69.994    74.7366
1762   69.994    72.5958
1763   69.994    71.6241
1764   69.994    71.6891
1765   69.994    72.0126
1766   69.994    72.2086
1767   69.994    72.8744
1768   69.994    72.1541
1769   69.994    71.5829
1770   69.994    72.1406
1771   69.994    71.8265
1772   69.994    73.0001
1773   69.994    72.4129
1774   69.994    73.8124
1775   69.994    72.342
1776   69.994    72.1123
1777   69.994    72.3105
1778   69.994    72.4365
1779   69.994    72.9902
1780   69.994    73.0647
1781   69.994    72.2703
1782   69.994    73.2402
1783   69.994    74.1578
1784   69.994    75.8946
1785   69.994    73.4329
1786   69.994    74.4204
1787   69.994    74.3209
1788   69.994    73.7762
1789   69.994    74.5372
1790   69.994    73.6143
1791   69.994    72.8534
1792   69.994    74.5593
1793   69.994    73.0283
1794   69.994    72.6106
1795   69.994    74.0923
1796   69.994    73.8795
1797   69.994    73.9475
1798   69.994    75.9922
1799   69.994    75.6566
1800   69.994    75.6482
1801   69.994    75.5421
1802   69.994    74.9691
1803   69.994    73.5801
1804   69.994    71.7898
1805   69.994    72.9777
1806   69.994    72.5601
1807   69.994    72.1644
1808   69.994    72.0774
1809   69.994    74.2349
1810   69.994    73.7405
1811   69.994    74.533
1812   69.994    76.268
1813   69.994    73.3516
1814   69.994    73.9127
1815   69.7451    74.7549
1816   69.7451    73.5576
1817   69.7451    73.7731
1818   69.7451    73.7198
1819   69.7451    74.4572
1820   69.7451    73.7175
1821   69.7451    74.1941
1822   69.7451    73.9421
1823   69.7451    76.2265
1824   69.7451    73.9263
1825   69.7451    74.8744
1826   69.7451    74.2273
1827   69.7451    73.4532
1828   69.7451    72.1665
1829   69.7451    71.6214
1830   69.7451    71.6028
1831   69.7451    72.0595
1832   69.7451    72.4749
1833   69.7451    72.2849
1834   69.7451    71.8533
1835   69.7451    71.217
1836   69.7451    72.2243
1837   69.7451    72.5118
1838   69.7451    72.827
1839   69.7451    71.9255
1840   69.7451    72.1069
1841   69.7451    73.5083
1842   69.7451    74.8522
1843   69.7451    73.613
1844   69.7451    72.9941
1845   69.7451    72.0393
1846   69.7451    72.4146
1847   69.7451    72.8318
1848   69.7451    72.8137
1849   69.7451    73.0014
1850   69.7451    72.4717
1851   69.7451    71.0555
1852   69.7451    71.1388
1853   69.7451    71.2342
1854   69.7451    72.2515
1855   69.7451    73.6217
1856   69.7451    72.8339
1857   69.7451    73.4633
1858   69.7451    71.7782
1859   69.7451    71.8849
1860   69.7451    70.4617
1861   69.7451    71.2951
1862   69.7451    72.1447
1863   69.7451    73.0868
1864   69.7451    73.2492
1865   69.7451    74.7314
1866   69.7451    73.2254
1867   69.7451    73.1372
1868   69.7451    73.5962
1869   69.7451    71.9933
1870   69.7451    72.5111
1871   69.7451    72.2131
1872   69.7451    72.3837
1873   69.7451    70.8796
1874   69.7451    70.6836
1875   69.7451    71.2223
1876   69.7451    71.3077
1877   69.7451    71.9206
1878   69.7451    73.2383
1879   69.7451    72.9867
1880   69.7451    73.8407
1881   69.7451    74.443
1882   69.7451    72.3384
1883   69.7451    72.5581
1884   69.7451    73.1797
1885   69.7451    74.2266
1886   69.7451    72.5802
1887   69.7451    73.4384
1888   69.7451    72.5037
1889   69.7451    72.388
1890   69.7451    70.6655
1891   69.7451    71.0704
1892   69.7451    71.1206
1893   69.7451    71.6687
1894   69.7451    73.0484
1895   69.7451    75.6384
1896   69.7451    74.1858
1897   69.7451    74.846
1898   69.7451    74.7479
1899   69.7451    74.3776
1900   69.7451    73.477
1901   69.7451    72.9421
1902   69.7451    72.0636
1903   69.7451    72.7592
1904   69.7451    72.4414
1905   69.7451    73.191
1906   69.7451    73.4298
1907   69.7451    72.0012
1908   69.7451    72.1967
1909   69.7451    69.9071
1910   69.7451    69.8835
1911   69.7451    70.5753
1912   69.7451    71.5412
1913   69.7451    71.0099
1914   69.7451    72.1336
1915   69.7451    72.3664
1916   69.7451    72.766
1917   69.7451    72.7956
1918   69.7451    73.1878
1919   69.7451    72.1259
1920   69.7451    71.6195
1921   69.7451    71.2519
1922   69.7451    71.9542
1923   69.7451    72.8837
1924   69.7451    74.1388
1925   69.7451    73.6754
1926   69.7451    71.389
1927   69.7451    72.2392
1928   69.7451    72.9394
1929   69.7451    73.3557
1930   69.7451    74.6079
1931   69.7451    75.1268
1932   69.7451    72.5089
1933   69.7451    74.3469
1934   69.7451    72.7602
1935   69.7451    74.853
1936   69.7451    75.4911
1937   69.7451    73.8541
1938   69.7451    73.3625
1939   69.7451    72.5055
1940   69.7451    72.3579
1941   69.7451    72.2477
1942   69.7451    72.3933
1943   69.7451    72.0062
1944   69.7451    71.0138
1945   69.7451    72.2554
1946   69.7451    72.8173
1947   69.7451    73.584
1948   69.7451    73.7051
1949   69.7451    73.576
1950   69.7451    73.9898
1951   69.7451    72.8256
1952   69.7451    72.5531
1953   69.7451    73.0591
1954   69.7451    71.4614
1955   69.7451    70.9642
1956   69.7451    71.4169
1957   69.7451    73.0036
1958   69.7451    74.9205
1959   69.7451    74.0674
1960   69.7451    73.8149
1961   69.7451    73.0474
1962   69.7451    73.1813
1963   69.7451    74.5144
1964   69.7451    73.3845
1965   69.7451    73.8362
1966   69.7451    74.3363
1967   69.7451    72.8318
1968   69.7451    73.6226
1969   69.7451    74.6758
1970   69.7451    73.3537
1971   69.7451    71.4156
1972   69.7451    71.7394
1973   69.7451    72.7299
1974   69.7451    71.8305
1975   69.7451    73.0566
1976   69.7451    74.632
1977   69.7451    75.5199
1978   69.7451    74.0945
1979   69.7451    73.17
1980   69.7451    73.6497
1981   69.7451    72.6015
1982   69.7451    71.551
1983   69.7451    71.0201
1984   69.7451    72.1057
1985   69.7451    72.7171
1986   69.7451    72.3049
1987   69.7451    72.2534
1988   69.7451    72.5578
1989   69.7451    73.4894
1990   69.7451    72.5395
1991   69.7451    72.1663
1992   69.7451    72.3987
1993   69.7451    71.3606
1994   69.7451    72.742
1995   69.7451    73.7619
1996   69.7451    73.8877
1997   69.7451    74.6002
1998   69.7451    74.385
1999   69.7451    72.94
2000   69.7451    73.9513
