1   442.645    494.004
2   437.765    477.226
3   419.622    459.007
4   403.993    442.911
5   404.209    430.147
6   394.085    420.988
7   394.085    415.287
8   382.93    407.236
9   378.692    400.833
10   373.571    395.124
11   373.571    389.232
12   363.021    384.585
13   360.279    381.826
14   358.997    376.642
15   356.323    375.186
16   343.745    368.896
17   342.875    359.208
18   327.714    353.184
19   327.188    347.297
20   321.681    337.445
21   321.681    333.125
22   319.911    329.879
23   298.038    326.344
24   296.144    319.564
25   295.144    312.56
26   291.974    308.113
27   291.499    302.961
28   290.734    299.728
29   288.599    298.628
30   288.216    296.212
31   284.058    294.916
32   279.238    291.89
33   277.6    288.189
34   273.333    286.169
35   272.09    283.255
36   269.752    279.578
37   262.448    276.767
38   260.996    273.276
39   260.996    270.974
40   255.166    268.047
41   254.975    265.251
42   250.491    261.494
43   250.491    259.657
44   249.425    257.762
45   248.759    257.752
46   247.109    255.82
47   245.719    254.806
48   243.628    254.471
49   243.628    252.263
50   241.244    252.26
51   237.714    249.063
52   235.758    246.997
53   234.477    246.746
54   234.477    244.807
55   233.264    242.977
56   231.153    241.258
57   230.876    239.386
58   229.874    236.782
59   229.874    235.28
60   229.117    233.896
61   227.38    231.953
62   226.396    231.048
63   225.406    229.772
64   225.253    228.575
65   223.369    228.833
66   223.369    229.54
67   222.158    228.633
68   222.003    227.193
69   218.11    227.132
70   218.11    225.582
71   216.78    223.89
72   214.265    223.61
73   209.923    222.028
74   209.923    221.872
75   206.032    220.094
76   206.032    219.495
77   205.72    213.972
78   205.72    214.835
79   203.838    214.178
80   203.838    212.697
81   203.838    211.309
82   203.435    211.525
83   203.435    211.456
84   202.688    209.585
85   202.688    207.46
86   202.688    206.829
87   201.987    207.135
88   201.194    206.545
89   201.103    205.33
90   200.624    205.584
91   198.823    204.397
92   198.823    204.718
93   198.823    203.924
94   194.135    203.998
95   194.135    202.779
96   185.385    201.253
97   180.696    198.759
98   180.696    196.288
99   180.112    192.817
100   180.112    190.392
101   179.806    187.331
102   178.068    185.188
103   177.385    185.013
104   169.909    183.186
105   169.909    182.198
106   169.909    180.602
107   169.158    180.078
108   168.639    178.844
109   167.953    175.849
110   166.746    173.689
111   166.746    172.136
112   162.888    170.617
113   162.888    170.908
114   162.888    170.962
115   161.879    169.57
116   161.749    169.401
117   161.749    168.42
118   160.553    167.431
119   160.553    166.113
120   159.712    164.237
121   159.712    163.863
122   158.875    163.413
123   156.866    163.871
124   156.866    164.081
125   154.638    162.693
126   154.638    162.727
127   154.638    161.299
128   153.628    160.337
129   153.628    157.588
130   153.628    156.828
131   152.845    156.718
132   152.845    156.8
133   151.765    157.102
134   151.765    157.753
135   151.765    158.682
136   151.765    159.05
137   150.119    159.047
138   150.119    159.352
139   149.751    156.664
140   148.569    155.944
141   147.789    155.798
142   146.311    153.585
143   139.975    151.575
144   139.975    148.401
145   139.975    148.565
146   139.975    147.816
147   139.975    146.383
148   138.973    147.887
149   138.973    144.464
150   138.548    143.239
151   138.548    142.744
152   137.077    141.548
153   137.077    140.657
154   137.077    141.144
155   136.666    140.456
156   136.086    139.815
157   135.36    139.995
158   134.444    139.896
159   134.444    140.586
160   134.104    139.218
161   134.104    140.131
162   133.671    138.005
163   132.959    138.766
164   132.959    137.828
165   132.959    139.935
166   132.959    141.805
167   131.598    139.974
168   131.598    139.307
169   131.598    139.571
170   131.598    140.825
171   131.598    140.92
172   131.598    140.51
173   131.598    139.097
174   131.598    139.111
175   131.598    136.441
176   130.532    136.524
177   130.532    136.858
178   130.532    137.116
179   130.532    137.85
180   130.532    137.123
181   130.532    138.621
182   130.532    135.676
183   129.746    134.533
184   129.746    135.243
185   129.746    133.743
186   129.065    135.588
187   129.065    133.762
188   128.392    134.348
189   128.392    134.289
190   128.392    133.372
191   128.392    134.153
192   128.392    133.306
193   128.392    132.868
194   126.722    133.056
195   126.722    133.462
196   126.722    131.676
197   126.722    131.182
198   126.722    129.461
199   126.722    129.217
200   126.469    128.584
201   126.469    128.848
202   124.211    128.726
203   124.211    129.443
204   123.979    129.71
205   123.979    131.719
206   123.979    133.108
207   123.979    133.428
208   122.614    132.751
209   120.229    133.185
210   120.229    131.77
211   119.461    131.586
212   119.461    129.782
213   119.461    131.52
214   118.736    129.622
215   118.736    127.929
216   118.736    126.159
217   118.736    125.088
218   118.736    125.733
219   118.736    126.498
220   118.53    126.26
221   118.53    126.401
222   118.53    127.148
223   118.419    127.114
224   118.419    127.014
225   118.419    127.266
226   118.419    129.327
227   118.419    128.377
228   118.419    130.306
229   118.419    129.004
230   118.419    126.732
231   118.419    124.955
232   118.367    123.861
233   118.367    123.206
234   118.367    122.114
235   118.367    122.082
236   117.835    121.82
237   117.835    121.967
238   117.656    121.764
239   117.656    121.391
240   117.656    121.182
241   117.656    119.927
242   117.656    120.92
243   117.656    121.181
244   116.158    120.597
245   116.158    121.982
246   116.158    124.003
247   116.158    124.928
248   116.158    123.048
249   116.158    123.702
250   116.158    121.564
251   116.158    120.535
252   116.158    119.587
253   115.783    122.041
254   115.783    120.526
255   115.783    118.11
256   115.783    118.402
257   115.783    117.593
258   115.783    116.501
259   113.988    119.183
260   113.988    120.894
261   113.988    123.132
262   113.988    122.161
263   113.6    119.954
264   113.6    118.271
265   113.6    118.72
266   112.929    120.379
267   112.226    119.423
268   112.226    117.576
269   112.226    117.3
270   112.226    117.388
271   112.226    117.561
272   112.226    117.492
273   112.226    114.878
274   112.226    115.392
275   112.216    113.841
276   112.216    113.951
277   112.143    114.992
278   112.143    117.756
279   111.628    118.797
280   111.628    121.473
281   111.583    121.446
282   110.803    117.406
283   110.803    114.277
284   110.803    114.19
285   110.758    114.947
286   110.758    114.948
287   110.758    113.963
288   110.745    112.931
289   110.745    112.98
290   110.745    114.944
291   110.422    114.333
292   110.422    112.859
293   110.422    113.48
294   110.422    114.161
295   110.283    115.636
296   110.283    113.74
297   110.022    113.224
298   109.501    112.232
299   109.501    113.323
300   109.501    112.779
301   109.501    112.006
302   109.304    110.326
303   109.304    111.131
304   109.081    111.615
305   109.081    112.389
306   108.884    113.006
307   108.884    113.093
308   108.787    112.645
309   108.184    112.476
310   108.184    111.982
311   108.184    111.473
312   108.057    111.943
313   108.057    111.777
314   108.057    115.541
315   108.057    113.253
316   108.057    110.792
317   108.057    112.141
318   108.057    112.759
319   108.057    114.884
320   108.057    112.917
321   108.057    112.895
322   108.057    112.383
323   106.666    112.101
324   106.666    112.333
325   106.666    114.816
326   106.666    116.114
327   106.666    116.989
328   106.666    118.634
329   106.666    117.661
330   106.666    116.853
331   106.666    114.9
332   106.666    113.803
333   106.666    112.965
334   106.666    112.274
335   106.494    112.845
336   106.494    111.814
337   106.494    112.869
338   106.494    114.377
339   106.494    114.702
340   106.494    116.836
341   106.324    115.072
342   106.324    112.723
343   105.39    109.463
344   105.39    108.775
345   105.39    109.586
346   105.39    108.616
347   105.39    107.903
348   105.39    108.208
349   105.304    108.54
350   104.838    107.691
351   104.838    106.86
352   104.838    107.465
353   104.751    107.057
354   104.751    107.446
355   104.751    107.043
356   104.288    106.112
357   104.288    108.171
358   104.288    108.77
359   104.288    109.775
360   104.288    111.649
361   104.288    110.033
362   104.288    109.362
363   104.288    108.936
364   104.288    108.267
365   104.288    109.077
366   104.288    109.475
367   104.288    110.257
368   104.14    108.978
369   104.14    109.253
370   104.14    108.277
371   104.14    108.402
372   104.14    108.468
373   104.14    106.826
374   103.953    107.632
375   103.953    109.183
376   103.953    110.701
377   103.953    109.93
378   103.482    111.129
379   103.482    109.73
380   103.482    107.094
381   103.401    106.675
382   102.931    107.339
383   102.931    107.31
384   102.931    106.353
385   102.931    106.423
386   102.931    106.788
387   102.762    104.466
388   102.762    105.237
389   102.762    106.136
390   102.762    107.485
391   102.762    105.949
392   102.762    105.759
393   102.762    105.263
394   102.525    104.563
395   102.525    104.826
396   102.525    104.448
397   102.525    105.24
398   101.668    106.418
399   101.668    106.461
400   101.668    107.239
401   101.361    106.553
402   101.361    108.024
403   101.125    104.255
404   99.9057    104.82
405   99.9057    104.69
406   99.9057    103.725
407   99.3806    104.363
408   99.3806    103.391
409   99.3091    102.682
410   99.1443    101.825
411   99.1443    100.861
412   99.0728    101.492
413   98.8365    101.306
414   98.8365    101.931
415   98.8365    101.871
416   97.9461    102.079
417   97.9461    102.014
418   97.9461    102.579
419   97.0624    100.276
420   97.0624    99.941
421   96.9909    98.8393
422   96.9909    99.9883
423   96.9909    98.4156
424   96.9909    97.9646
425   96.9909    98.3534
426   96.9909    98.9273
427   96.7002    98.181
428   96.7002    98.3703
429   96.7002    98.14
430   96.7002    98.1457
431   95.9052    99.0722
432   95.9052    98.6722
433   95.9052    98.3855
434   93.0167    99.0154
435   93.0167    99.5031
436   93.0167    99.1951
437   92.3728    98.8875
438   92.3728    98.2839
439   92.3728    94.8353
440   92.3728    95.4457
441   92.3728    93.6363
442   92.1688    95.4968
443   91.525    95.0281
444   91.525    95.2026
445   91.525    95.1331
446   91.525    96.0445
447   91.525    94.2949
448   91.525    94.2118
449   91.525    92.7459
450   91.525    92.9288
451   91.2025    93.2778
452   91.2025    93.107
453   90.9479    93.7463
454   90.9479    93.9593
455   90.9479    93.7281
456   90.9479    92.789
457   90.9479    94.6634
458   90.9479    94.5849
459   90.9479    92.5918
460   90.9479    94.3639
461   90.9086    94.0654
462   90.9086    93.5668
463   90.9086    93.2329
464   90.9086    92.9662
465   90.6685    93.8773
466   90.6685    94.8385
467   90.6685    95.2024
468   90.6685    94.7669
469   90.6685    95.6318
470   90.666    93.9462
471   90.666    93.6531
472   90.666    93.1398
473   90.666    93.5498
474   90.666    93.6192
475   90.666    92.3891
476   90.666    92.9748
477   90.0882    93.5285
478   90.0882    93.5004
479   90.0882    93.056
480   90.0882    92.6667
481   90.0882    92.3024
482   90.0882    91.6417
483   89.6591    92.9107
484   89.6591    92.4818
485   89.6591    92.4842
486   89.6591    92.9281
487   89.6591    92.3921
488   89.6591    93.3578
489   89.6591    92.3271
490   89.6591    93.6031
491   89.6591    91.9676
492   89.6591    92.3773
493   89.6591    92.3921
494   89.6591    91.2162
495   89.6591    91.7137
496   89.6591    91.2905
497   89.6591    91.6603
498   89.6591    91.8766
499   89.6591    93.8204
500   89.6591    93.0836
501   89.6591    93.789
502   89.6591    94.2012
503   89.6591    92.0464
504   89.5119    92.9522
505   89.5119    92.9396
506   89.5119    92.2424
507   89.5119    91.7842
508   89.316    92.1904
509   89.316    92.2616
510   89.0055    93.4857
511   89.0055    94.7046
512   89.0055    96.1616
513   89.0055    96.0173
514   89.0055    95.3538
515   89.0055    93.2925
516   89.0055    94.2832
517   89.0055    93.87
518   89.0055    92.6736
519   88.4551    92.1168
520   88.4303    92.4859
521   88.3801    92.5667
522   87.8798    92.2681
523   87.8049    90.7617
524   87.8049    90.3006
525   87.8049    90.3331
526   87.5208    89.6718
527   87.3906    90.4046
528   87.3906    90.4004
529   87.3906    93.3552
530   86.559    91.0476
531   86.559    91.845
532   86.559    90.4118
533   86.559    88.9661
534   86.559    88.8024
535   86.559    89.4793
536   86.1202    89.0616
537   86.1202    90.0177
538   86.1202    89.2744
539   86.1202    90.2793
540   86.1202    88.6258
541   86.1202    88.4937
542   85.716    89.2048
543   85.716    91.4313
544   85.716    90.7995
545   85.716    90.569
546   85.716    90.4141
547   85.716    89.4538
548   85.716    89.5054
549   85.716    89.017
550   85.716    90.107
551   85.716    88.7055
552   85.716    88.0288
553   85.716    87.5504
554   85.716    90.1845
555   85.716    91.1918
556   85.716    92.9363
557   85.716    92.9451
558   85.716    93.9143
559   85.716    94.4981
560   85.716    95.2282
561   85.716    95.3337
562   85.716    93.9828
563   85.716    93.0244
564   85.716    91.9353
565   85.716    89.8245
566   85.716    89.1871
567   85.716    89.3045
568   85.716    89.9529
569   84.8469    89.1874
570   84.8469    90.8637
571   84.8469    90.1834
572   84.8469    88.781
573   84.7357    87.5119
574   84.7357    88.037
575   84.7357    87.6321
576   84.7357    87.2176
577   84.7357    87.7956
578   84.6442    86.8117
579   84.6442    87.8751
580   84.6442    88.0328
581   84.6442    86.5849
582   84.6442    87.833
583   84.6442    87.972
584   84.6442    87.4386
585   84.6442    88.2035
586   84.6442    87.9017
587   84.6442    86.9841
588   84.6442    87.1868
589   84.0883    85.9675
590   84.0883    85.9593
591   84.0883    86.4481
592   84.0883    87.1468
593   84.0883    86.958
594   84.0883    87.5262
595   84.0883    87.4224
596   84.0883    87.6773
597   84.0883    87.0996
598   84.0883    86.7568
599   84.0848    85.7394
600   84.0848    87.0221
601   84.0848    87.3221
602   84.0848    87.0565
603   84.0848    86.7536
604   84.0095    86.3712
605   84.0095    87.6223
606   84.0095    87.7257
607   84.0095    89.5379
608   84.0095    88.0518
609   84.0095    86.1256
610   84.0095    85.3535
611   84.0095    86.2957
612   84.0095    85.5322
613   84.0095    86.6984
614   84.0095    86.8617
615   84.0095    89.3154
616   83.8913    86.4392
617   83.8913    86.676
618   83.8913    87.1307
619   83.4197    86.994
620   83.4197    88.8421
621   83.2364    88.5251
622   83.2364    88.1616
623   83.112    88.6409
624   83.112    87.7343
625   82.9287    87.1061
626   82.9287    86.1993
627   82.9287    86.8783
628   82.9287    85.6162
629   82.9287    86.3799
630   82.9287    85.1571
631   82.9287    85.0767
632   82.9287    85.4187
633   82.9287    85.6165
634   82.9287    85.7213
635   82.9287    84.7038
636   82.5518    85.6661
637   82.5518    86.8268
638   82.5518    86.6813
639   82.5518    85.461
640   82.5518    85.4037
641   82.5518    84.8163
642   82.5518    85.3272
643   82.5518    85.3615
644   82.5518    85.7592
645   82.5518    86.5658
646   82.5518    86.7138
647   82.5518    86.4087
648   82.5518    85.6526
649   82.5518    85.1389
650   82.5518    85.5488
651   82.5518    86.3401
652   82.5518    84.4424
653   82.5518    85.016
654   82.5518    85.9495
655   82.5518    86.3942
656   82.5518    87.5244
657   82.0431    85.643
658   81.8045    84.5149
659   81.2958    85.2739
660   81.2958    86.4419
661   81.2958    84.6298
662   81.2958    84.5254
663   81.2958    83.8133
664   81.2958    84.1348
665   81.2958    84.0541
666   81.2958    84.4954
667   81.2958    84.1672
668   81.2958    83.865
669   81.2958    84.001
670   81.2958    83.2356
671   81.2958    82.9221
672   81.2958    83.9623
673   81.2958    83.8216
674   81.2958    84.3586
675   81.2958    85.0754
676   81.2958    83.6703
677   81.2958    83.7201
678   81.2722    83.6627
679   81.2722    83.6325
680   81.0224    84.4649
681   81.0224    83.0044
682   81.0224    84.2439
683   81.0224    84.1039
684   80.5911    84.0769
685   80.5911    83.5915
686   80.5911    85.4859
687   80.5911    85.3537
688   80.5911    84.1967
689   80.5911    85.3484
690   80.5911    85.2623
691   80.5911    84.7464
692   80.5621    83.8891
693   80.5621    84.9995
694   80.5621    84.3739
695   80.5621    85.6095
696   80.2507    84.1013
697   80.2268    84.7479
698   80.1977    83.4365
699   80.1977    84.3156
700   80.1977    84.8432
701   80.1373    84.8982
702   80.1373    83.235
703   80.1373    84.8267
704   80.1373    83.7733
705   80.1373    83.4127
706   80.1373    82.7861
707   80.1373    82.4436
708   80.1373    83.4193
709   80.1373    85.1117
710   80.1373    84.4857
711   80.1373    85.0705
712   79.5351    84.3487
713   79.5351    82.5561
714   79.5351    82.4281
715   79.5351    82.517
716   79.5351    82.9147
717   79.5351    82.4096
718   79.5351    81.7036
719   79.5351    81.8191
720   79.5351    81.2076
721   79.5351    83.3851
722   79.5351    83.5528
723   79.5351    83.4825
724   79.5351    84.4318
725   79.5351    82.6739
726   79.5351    82.1698
727   79.3636    81.8257
728   79.3636    82.6136
729   79.3636    82.2617
730   79.3636    83.4469
731   78.9767    83.9298
732   78.8053    84.5096
733   78.8053    82.3731
734   78.8053    81.4536
735   78.8053    81.6271
736   78.8053    81.1365
737   78.8053    82.0497
738   78.8053    82.4103
739   78.8053    82.8588
740   78.8053    82.339
741   78.8053    81.7741
742   78.8053    81.2743
743   78.6176    82.3748
744   78.6176    82.1561
745   78.6176    82.7564
746   78.6176    82.1671
747   78.6176    80.9471
748   78.6176    80.3238
749   78.3551    80.9734
750   78.3551    81.3918
751   78.3551    80.3107
752   78.3551    80.2097
753   78.3551    81.1694
754   78.3551    80.3261
755   78.3551    80.56
756   78.3551    80.9262
757   78.3551    81.7302
758   78.3551    81.4169
759   78.3551    81.6257
760   78.3551    80.7649
761   78.3551    82.1195
762   78.3551    82.8205
763   78.3551    82.8691
764   78.3551    83.8778
765   78.0352    83.4676
766   78.0352    81.6034
767   78.0352    81.4893
768   78.0352    81.5172
769   78.0352    82.1261
770   78.0352    81.9336
771   78.0352    81.7009
772   78.0352    79.2045
773   78.0352    80.0031
774   78.0352    81.6921
775   78.0352    81.3019
776   78.0352    82.1532
777   78.0352    81.9075
778   78.0352    81.1938
779   78.0352    82.6039
780   77.7965    81.46
781   77.7965    81.8226
782   77.7965    83.3155
783   77.7965    85.9061
784   77.7965    85.518
785   77.7965    84.3148
786   77.7965    82.9321
787   77.7965    82.2711
788   77.7965    81.5845
789   77.7965    80.938
790   77.7965    80.0535
791   77.7965    80.7764
792   77.7965    81.2429
793   77.7156    81.69
794   77.7156    81.2563
795   77.7156    79.1684
796   77.7156    78.8233
797   77.7156    80.6454
798   77.7156    79.4696
799   77.7156    79.8631
800   77.7156    81.1927
801   77.7156    81.0602
802   77.7156    81.0048
803   77.7156    80.329
804   77.7156    80.9519
805   77.7156    83.0779
806   77.7156    86.0709
807   77.7156    86.2694
808   77.7156    86.7594
809   77.7156    87.1051
810   77.7156    87.1348
811   77.7156    85.0627
812   77.5714    84.1529
813   77.5714    84.9186
814   77.5714    85.5227
815   77.5714    87.5205
816   77.5714    87.2899
817   77.5714    87.2845
818   77.5714    85.7419
819   77.5714    83.9474
820   77.5714    82.5234
821   77.5714    84.0598
822   77.5714    81.7458
823   77.5714    81.4442
824   77.5714    80.9945
825   77.5714    80.4444
826   77.5714    79.1168
827   77.5714    80.6547
828   77.5714    81.6565
829   77.5714    80.5906
830   77.5714    81.8198
831   77.5714    80.1247
832   77.5714    80.8987
833   77.5714    81.5666
834   77.5211    81.3205
835   77.5211    80.8151
836   77.5211    80.0451
837   77.5211    80.0134
838   77.5211    79.6811
839   77.5211    80.183
840   77.4431    81.1212
841   77.4431    80.9382
842   76.8644    80.0379
843   76.8644    80.3895
844   76.8333    79.2628
845   76.676    79.1986
846   75.8752    78.9984
847   75.8752    79.1618
848   75.8752    78.4649
849   75.8752    79.6155
850   75.8752    80.7297
851   75.8752    80.5922
852   75.8752    81.2722
853   75.8752    78.7165
854   75.8752    78.9853
855   75.8752    80.081
856   75.8752    77.7506
857   75.8752    78.2633
858   75.8752    79.2795
859   75.8752    80.2565
860   75.8752    80.7165
861   75.8752    80.0093
862   75.8752    79.375
863   75.8752    79.9509
864   75.8752    80.6747
865   75.8752    80.7867
866   75.8752    79.9151
867   75.8752    79.9903
868   75.8752    80.4965
869   75.8752    78.3816
870   75.8752    79.5138
871   75.8752    79.508
872   75.8752    77.9485
873   75.8752    77.9656
874   75.8752    79.3737
875   75.8752    79.5088
876   75.8752    78.2689
877   75.8752    78.6544
878   75.8752    78.5674
879   75.8752    79.509
880   75.8752    79.9655
881   75.8752    79.4876
882   75.8752    79.7189
883   75.8752    80.7917
884   75.8752    80.7689
885   75.8752    78.4198
886   75.8752    78.4056
887   75.8752    80.3479
888   75.8752    81.4715
889   75.8752    80.256
890   75.8752    79.1268
891   75.8752    80.2366
892   75.8752    81.1311
893   75.8752    81.4076
894   75.8752    81.3903
895   75.8752    81.0689
896   75.8752    81.9081
897   75.8752    83.0266
898   75.8752    83.6091
899   75.8752    81.8735
900   75.8752    80.0498
901   75.8752    80.6172
902   75.8752    81.1534
903   75.8752    80.2508
904   75.8752    81.9065
905   75.8752    82.697
906   75.8752    80.721
907   75.8752    79.7659
908   75.8752    78.1647
909   75.8752    78.1559
910   75.8752    79.3425
911   75.8752    80.7203
912   75.8752    80.7204
913   75.8752    81.3387
914   75.8752    81.4305
915   75.8752    80.6844
916   75.8752    80.0121
917   75.8752    78.7947
918   75.8752    78.6722
919   75.8752    77.9156
920   75.8752    78.0207
921   75.8752    77.7697
922   75.8752    77.6434
923   75.8752    79.5843
924   75.8752    79.5073
925   75.8752    77.6609
926   75.8752    78.9147
927   75.8752    79.8719
928   75.8752    79.7205
929   75.8752    79.1442
930   75.8752    82.6846
931   75.8752    83.6729
932   75.8752    84.5794
933   75.8752    85.5425
934   75.8752    86.9106
935   75.8752    87.8246
936   75.8752    84.3116
937   75.8752    81.5056
938   75.8752    80.6503
939   75.8752    81.8049
940   75.8752    80.331
941   75.8752    80.8233
942   75.8752    78.8245
943   75.8752    78.4808
944   75.8752    76.8257
945   75.8752    77.0165
946   75.8752    76.5295
947   75.8752    77.4878
948   75.8752    78.8432
949   75.8752    79.6047
950   75.8752    79.1068
951   75.8752    76.7327
952   75.8752    77.1053
953   75.8752    77.497
954   75.6617    78.9059
955   75.6617    79.3032
956   75.6617    79.8642
957   75.2175    80.2003
958   75.2175    79.6162
959   75.2175    81.0559
960   75.2175    80.6742
961   75.2175    79.6235
962   75.2175    79.2179
963   75.2175    78.8115
964   75.2175    78.278
965   75.2175    78.0699
966   75.2175    78.4236
967   75.2175    78.1279
968   75.2175    78.4933
969   75.2175    77.4486
970   75.2175    79.4541
971   75.1317    79.5449
972   75.1317    78.4251
973   75.1317    79.5412
974   75.1317    80.281
975   74.3623    78.9203
976   74.3623    80.9168
977   74.3623    81.7111
978   74.3623    80.5219
979   74.3623    79.4054
980   74.3623    78.4846
981   74.3623    77.403
982   74.3623    77.3471
983   74.3623    76.6933
984   74.3623    75.1241
985   74.3623    75.8799
986   74.3623    77.2426
987   74.3623    76.4366
988   74.3623    77.294
989   74.3623    76.7281
990   74.3623    75.1895
991   74.3623    76.1618
992   74.3623    76.6874
993   74.3623    76.9092
994   74.3623    79.0525
995   74.3623    78.0062
996   74.3623    77.6295
997   74.3623    77.1783
998   74.3623    77.2084
999   74.3623    76.9201
1000   74.3623    75.8699
1001   74.0567    77.0673
1002   74.0567    75.4996
1003   74.0567    75.339
1004   74.0567    76.6385
1005   74.0567    78.0947
1006   74.0567    77.7302
1007   74.0567    79.0519
1008   74.0567    78.2356
1009   74.0567    80.3759
1010   74.0567    78.0336
1011   74.0567    78.7878
1012   74.0567    79.4445
1013   74.0567    79.1854
1014   74.0567    78.3936
1015   74.0567    76.2625
1016   74.0567    75.9106
1017   74.0567    76.1924
1018   74.0567    77.5802
1019   74.0567    79.4464
1020   74.0567    78.3478
1021   74.0567    76.7143
1022   74.0567    75.6607
1023   74.0567    76.2869
1024   74.0567    77.5514
1025   74.0567    76.1393
1026   74.0567    75.7163
1027   74.0567    76.6348
1028   74.0567    76.4893
1029   74.0567    74.9999
1030   74.0567    75.7081
1031   74.0567    75.8016
1032   74.0567    75.3809
1033   74.0567    76.2227
1034   73.9994    76.5385
1035   73.9994    76.8397
1036   73.9994    78.8643
1037   73.9994    77.8329
1038   73.9994    76.4575
1039   73.9994    77.1807
1040   73.9994    76.5018
1041   73.9994    76.7436
1042   73.9994    76.764
1043   73.9994    76.7658
1044   73.9994    75.9456
1045   73.9994    76.6072
1046   73.9994    77.3132
1047   73.9994    76.8963
1048   73.9994    78.0945
1049   73.9994    79.0758
1050   73.9994    77.4934
1051   73.9994    76.9962
1052   73.9994    77.5559
1053   73.9994    79.0234
1054   73.9994    78.2119
1055   73.9994    77.2998
1056   73.9994    76.7802
1057   73.9994    78.6313
1058   73.9994    81.2412
1059   73.9994    82.0871
1060   73.9994    76.6333
1061   73.9314    75.9571
1062   73.9314    75.8181
1063   73.9314    76.8527
1064   73.9314    76.0708
1065   73.9314    75.5783
1066   73.9314    75.7981
1067   73.9314    77.28
1068   73.9314    77.4474
1069   73.9314    79.0459
1070   73.9314    78.759
1071   73.9314    77.6064
1072   73.9314    75.0895
1073   73.9314    74.9542
1074   73.9314    76.5341
1075   73.9314    76.6995
1076   73.9314    76.9774
1077   73.9314    76.2704
1078   73.9314    75.164
1079   73.9314    75.9365
1080   73.9314    76.9392
1081   73.9314    76.8202
1082   73.9314    76.5522
1083   73.9314    77.1328
1084   73.9314    77.5794
1085   73.9314    76.0134
1086   73.9314    78.6824
1087   73.9314    77.171
1088   73.9314    76.7587
1089   73.9314    78.8692
1090   73.9314    79.2645
1091   73.9314    78.6319
1092   73.9314    77.8106
1093   73.9314    76.7398
1094   73.9314    76.9742
1095   73.9314    77.2181
1096   73.9314    79.1752
1097   73.9314    76.8384
1098   73.9314    77.244
1099   73.9314    76.891
1100   73.9314    76.3594
1101   73.9314    76.0676
1102   73.9314    76.5129
1103   73.9314    79.2975
1104   73.9314    77.4038
1105   73.9314    78.1003
1106   73.9314    77.8666
1107   73.9314    77.1186
1108   73.9314    78.263
1109   73.9314    78.7596
1110   73.9314    78.9228
1111   73.9314    78.8128
1112   73.9314    76.7396
1113   73.9314    77.6533
1114   73.9314    77.067
1115   73.9314    76.8085
1116   73.9314    76.8475
1117   73.9314    75.8604
1118   73.9314    75.2702
1119   73.9314    75.5638
1120   73.9314    75.2269
1121   73.9314    77.7624
1122   73.9314    77.1255
1123   73.9314    76.1293
1124   73.9314    77.443
1125   73.9314    77.4509
1126   73.9314    78.8706
1127   73.9115    78.8268
1128   73.9115    79.5274
1129   73.9115    78.0727
1130   73.9115    78.648
1131   73.9115    76.223
1132   73.9115    77.9152
1133   73.9115    78.2178
1134   73.9115    77.9121
1135   73.9115    77.8865
1136   73.9115    76.6675
1137   73.9115    75.1884
1138   73.9115    75.7387
1139   73.9115    75.7256
1140   73.9115    75.9284
1141   73.9115    77.3416
1142   73.9115    77.3365
1143   73.9115    77.1737
1144   73.9115    78.8454
1145   73.9115    77.3418
1146   73.9115    80.9785
1147   73.9115    78.3714
1148   73.9115    77.5265
1149   73.9115    75.4011
1150   73.9115    76.1156
1151   73.9115    75.5828
1152   73.9115    75.9703
1153   73.9115    76.3194
1154   73.9115    76.3979
1155   73.9115    76.1672
1156   73.9115    76.8326
1157   73.9115    76.3993
1158   73.9115    75.8241
1159   73.9115    75.8594
1160   73.9115    77.5549
1161   73.9115    77.3371
1162   73.9115    77.7667
1163   73.9115    78.8478
1164   73.9115    78.0252
1165   73.9115    77.5778
1166   73.9115    76.1488
1167   73.9115    75.5931
1168   73.9115    76.0927
1169   73.9115    76.5965
1170   73.9115    76.4374
1171   73.6845    77.2025
1172   73.6845    77.0092
1173   73.6845    76.8333
1174   73.6845    77.0383
1175   73.6845    75.7526
1176   73.6845    74.7716
1177   73.6845    75.9648
1178   73.6845    76.4294
1179   73.6845    77.2269
1180   73.6845    78.5353
1181   73.6845    78.5636
1182   73.6845    78.5843
1183   72.7241    77.9016
1184   72.7241    79.2652
1185   72.7241    76.1164
1186   72.7241    75.7902
1187   72.7241    77.4313
1188   72.7241    76.718
1189   72.7241    76.1532
1190   72.7241    76.1509
1191   72.7241    76.6189
1192   72.7241    77.0793
1193   72.7241    76.5469
1194   72.7241    74.76
1195   72.7241    74.1473
1196   72.7241    74.4681
1197   72.7241    74.1468
1198   72.7241    75.3404
1199   72.7241    76.6295
1200   72.7241    77.1286
1201   72.7241    75.8647
1202   72.7241    75.4354
1203   72.7241    75.6466
1204   72.7241    76.3364
1205   72.7241    75.5949
1206   72.7241    75.1686
1207   72.7241    76.1085
1208   72.7241    75.8074
1209   72.7241    75.1478
1210   72.7241    77.4122
1211   72.7241    79.0914
1212   72.7241    78.7193
1213   72.7241    77.1895
1214   72.7241    77.5842
1215   72.7241    76.0642
1216   72.7241    74.9117
1217   72.7241    76.0953
1218   72.7241    76.4494
1219   72.7241    75.7075
1220   72.7241    75.6654
1221   72.7241    76.167
1222   72.7241    76.3576
1223   72.7241    77.0832
1224   72.7241    77.4129
1225   72.7241    78.0413
1226   72.7241    77.9797
1227   72.7241    78.1059
1228   72.7241    77.0607
1229   72.7241    75.8738
1230   72.7241    74.4987
1231   72.7241    75.7991
1232   72.7241    75.5558
1233   72.7241    76.4588
1234   72.7241    75.499
1235   72.7241    74.4661
1236   72.7241    74.3544
1237   72.7241    74.722
1238   72.7241    75.5175
1239   72.7241    74.3073
1240   72.7241    74.2154
1241   72.7241    74.229
1242   72.7241    73.9374
1243   72.7241    74.3874
1244   72.7241    75.0475
1245   72.7241    75.9974
1246   72.7241    75.7976
1247   72.7241    78.5776
1248   72.7241    76.1053
1249   72.7241    75.849
1250   72.7241    75.2047
1251   72.7241    75.5023
1252   72.7241    75.3161
1253   72.7241    76.1197
1254   72.7241    76.0591
1255   72.7241    75.6936
1256   72.7241    75.8448
1257   72.7241    76.3951
1258   72.5507    75.6564
1259   72.5507    77.1298
1260   72.5507    76.6519
1261   72.5507    75.7904
1262   72.5507    75.5881
1263   72.5507    75.1177
1264   72.5507    74.7498
1265   72.5507    74.4615
1266   72.5507    76.0533
1267   72.5507    76.6887
1268   72.5507    75.9453
1269   72.5507    75.7018
1270   72.5507    74.2488
1271   72.5507    73.1892
1272   72.5507    75.4889
1273   72.5507    75.4359
1274   72.5507    75.503
1275   72.5507    76.7123
1276   72.5507    74.7124
1277   72.5507    76.1678
1278   72.5507    76.6275
1279   72.5507    77.7413
1280   72.0699    77.2688
1281   72.0699    76.549
1282   72.0699    75.8599
1283   71.8055    77.1928
1284   71.8055    77.0304
1285   71.8055    77.0867
1286   71.8055    78.859
1287   71.8055    77.7476
1288   71.8055    78.2587
1289   71.8055    78.1782
1290   71.8055    78.3262
1291   71.8055    75.7831
1292   71.8055    75.8195
1293   71.8055    74.9486
1294   71.8055    75.2505
1295   71.8055    76.4271
1296   71.8055    75.3552
1297   71.8055    74.4697
1298   71.8055    73.9746
1299   71.8055    74.5866
1300   71.8055    75.4346
1301   71.8055    74.3967
1302   71.8055    75.4268
1303   71.8055    76.5549
1304   71.8055    77.0414
1305   71.8055    76.3511
1306   71.8055    76.3456
1307   71.8055    77.042
1308   71.8055    77.0621
1309   71.8055    76.0788
1310   71.8055    77.375
1311   71.8055    77.2826
1312   71.8055    78.196
1313   71.8055    77.1512
1314   71.8055    77.2387
1315   71.8055    77.391
1316   71.8055    75.2206
1317   71.8055    75.8376
1318   71.8055    74.9258
1319   71.8055    74.7483
1320   71.8055    75.3655
1321   71.8055    76.0766
1322   71.8055    75.6884
1323   71.8055    75.5303
1324   71.8055    74.1635
1325   71.8055    74.8976
1326   71.8055    75.1813
1327   71.8055    75.5087
1328   71.8055    74.7881
1329   71.8055    73.7929
1330   71.8055    75.2163
1331   71.8055    76.2169
1332   71.8055    77.2427
1333   71.8055    75.3586
1334   71.8055    74.9815
1335   71.8055    74.8836
1336   71.8055    74.3624
1337   71.8055    75.0167
1338   71.8055    74.2905
1339   71.8055    73.4407
1340   71.8055    74.4003
1341   71.4539    75.7999
1342   71.4539    75.5107
1343   71.4539    75.0757
1344   71.4539    74.212
1345   71.4539    75.2419
1346   71.4539    74.8219
1347   71.4539    74.7002
1348   71.4539    74.5573
1349   71.4539    75.9385
1350   71.4539    78.7201
1351   71.4539    78.5638
1352   71.4539    77.014
1353   71.4539    77.2679
1354   71.4539    75.8288
1355   71.4539    75.6352
1356   71.4539    76.2505
1357   71.4539    75.492
1358   71.4539    74.7165
1359   71.4539    74.8818
1360   71.4539    74.4785
1361   71.4539    73.5437
1362   71.4539    73.944
1363   71.4539    74.1584
1364   71.4539    74.5352
1365   71.2502    74.2776
1366   71.2502    73.2664
1367   71.2502    73.7102
1368   71.2502    72.8314
1369   71.2502    74.0897
1370   71.2502    73.4293
1371   71.2502    72.9951
1372   71.2502    73.7605
1373   71.2502    74.2961
1374   71.2502    74.9895
1375   71.2502    75.5226
1376   71.2502    73.2468
1377   71.2502    73.9987
1378   71.2502    74.4536
1379   71.2502    73.8659
1380   71.2502    75.4929
1381   71.2502    75.2122
1382   71.2502    75.9898
1383   71.2502    76.1043
1384   71.2502    76.2226
1385   71.2502    76.0122
1386   71.2502    76.576
1387   71.2502    75.4753
1388   71.2502    75.8625
1389   71.2502    75.0968
1390   71.2502    74.7109
1391   71.2502    76.4897
1392   71.2502    77.6573
1393   71.2502    76.17
1394   71.2502    76.4697
1395   71.2502    75.5475
1396   71.2502    75.1414
1397   71.2502    75.6335
1398   71.2502    75.516
1399   71.2502    75.6907
1400   71.2502    74.439
1401   71.2502    74.6812
1402   71.2502    75.292
1403   71.2502    75.9708
1404   71.2502    75.0174
1405   71.2502    75.6301
1406   71.2502    74.8986
1407   71.2502    73.9345
1408   71.2502    74.3867
1409   71.2502    75.0632
1410   71.2502    74.863
1411   71.2502    72.6416
1412   71.2502    73.8737
1413   71.2502    72.9826
1414   71.2502    73.7331
1415   71.2502    74.6841
1416   71.2502    75.3579
1417   71.2502    73.8725
1418   71.2502    72.8627
1419   71.2502    73.9819
1420   71.2502    75.04
1421   71.2502    74.2318
1422   71.2502    74.4783
1423   71.2502    73.303
1424   71.2502    73.9173
1425   71.2502    73.8613
1426   71.2502    74.1959
1427   71.2502    74.111
1428   71.2502    74.6458
1429   71.2502    74.6563
1430   71.2502    75.2351
1431   71.2502    74.0178
1432   71.2502    73.9952
1433   71.2502    76.1435
1434   71.2502    78.2671
1435   71.2502    76.4508
1436   71.2502    75.918
1437   71.2502    77.1911
1438   71.2502    76.6283
1439   71.2502    77.5988
1440   71.2502    75.521
1441   71.2502    74.8962
1442   71.2502    75.6001
1443   71.2502    73.8413
1444   71.2502    74.2239
1445   71.2502    75.9814
1446   71.2502    77.0121
1447   71.2502    75.8043
1448   71.2502    75.5529
1449   71.2502    76.0058
1450   71.2502    74.9539
1451   71.2502    74.5079
1452   71.2502    74.5614
1453   71.2502    74.9458
1454   71.2502    73.2005
1455   71.2502    75.5514
1456   71.2502    74.8912
1457   71.2502    75.5416
1458   71.2502    73.5683
1459   71.2502    73.2389
1460   71.2502    72.6211
1461   71.2502    73.069
1462   71.2502    72.7144
1463   71.2502    72.6592
1464   71.2502    75.0376
1465   71.2502    76.2647
1466   71.2502    76.1665
1467   71.2502    76.0391
1468   71.2502    74.5193
1469   71.2502    74.1068
1470   71.2502    74.9424
1471   71.2502    73.5686
1472   71.2502    73.0542
1473   71.2502    73.1574
1474   71.2502    73.9585
1475   71.1473    73.3742
1476   71.1473    75.922
1477   71.1473    75.2236
1478   71.1473    75.822
1479   71.1473    75.4904
1480   71.1473    76.539
1481   71.1473    75.4227
1482   71.1473    74.9959
1483   71.1473    77.3515
1484   71.1473    75.8412
1485   71.1473    76.0716
1486   71.1473    75.1713
1487   71.1473    74.7498
1488   71.1473    74.8346
1489   71.1473    76.1198
1490   71.1473    76.0068
1491   71.1473    74.889
1492   71.1473    77.013
1493   71.1473    77.5144
1494   71.1473    76.2264
1495   71.1333    75.453
1496   70.8528    74.6318
1497   70.8528    73.217
1498   70.8528    72.6408
1499   70.8389    73.4666
1500   70.8389    73.6708
1501   70.8389    75.0169
1502   70.8389    74.7029
1503   70.8389    74.7159
1504   70.8389    73.212
1505   70.8389    73.5934
1506   70.8389    75.3775
1507   70.8389    74.3044
1508   70.8389    73.7448
1509   70.8389    73.649
1510   70.8389    74.1047
1511   70.8389    74.2997
1512   70.8389    73.1474
1513   70.8389    73.1028
1514   70.8389    73.6749
1515   70.8389    74.4201
1516   70.8389    74.4044
1517   70.8389    76.0688
1518   70.8389    74.8256
1519   70.7219    74.877
1520   70.7219    75.6057
1521   70.7219    77.0167
1522   70.52    75.4159
1523   70.52    75.7665
1524   70.52    76.0291
1525   70.52    75.4306
1526   70.52    75.0093
1527   70.52    75.4856
1528   70.52    75.3959
1529   70.52    75.9843
1530   70.52    74.7602
1531   70.52    75.0768
1532   70.52    73.9791
1533   70.52    74.8747
1534   70.52    73.8725
1535   70.52    73.3976
1536   70.52    73.5859
1537   70.52    74.042
1538   70.52    74.5107
1539   70.52    75.4445
1540   70.52    73.8056
1541   70.52    72.893
1542   70.52    72.263
1543   70.52    71.895
1544   70.52    73.5963
1545   70.52    74.1083
1546   70.52    73.2842
1547   70.52    74.8874
1548   70.52    72.4517
1549   70.52    72.6413
1550   70.52    73.2896
1551   70.52    74.7436
1552   70.52    75.9307
1553   70.52    73.7897
1554   70.52    75.3653
1555   70.52    75.7494
1556   70.52    73.6139
1557   70.52    74.095
1558   70.52    73.4057
1559   70.52    74.4484
1560   70.52    75.0236
1561   70.52    74.3462
1562   70.52    73.7508
1563   70.52    73.8564
1564   70.52    73.7705
1565   70.52    73.5635
1566   70.52    73.1733
1567   70.52    73.0835
1568   70.52    74.7024
1569   70.52    75.4418
1570   70.52    73.307
1571   70.52    73.9563
1572   70.52    74.464
1573   70.52    75.683
1574   70.52    75.8577
1575   70.52    76.1279
1576   70.52    74.3209
1577   70.52    72.7897
1578   70.52    73.4479
1579   70.52    74.5967
1580   70.52    75.532
1581   70.52    74.8438
1582   70.52    74.864
1583   70.52    75.5728
1584   70.52    74.8833
1585   70.52    72.6892
1586   70.52    73.2307
1587   70.52    72.9267
1588   70.52    74.7275
1589   70.52    74.8599
1590   70.52    73.3727
1591   70.52    73.0786
1592   70.52    75.3332
1593   70.52    73.8842
1594   70.52    74.8053
1595   70.52    73.772
1596   70.52    74.6134
1597   70.52    74.7136
1598   70.52    74.8033
1599   70.52    73.8444
1600   70.52    74.4451
1601   70.52    74.4262
1602   70.52    75.1374
1603   70.52    72.6218
1604   70.52    72.7013
1605   70.52    72.2739
1606   70.52    74.8263
1607   70.52    74.006
1608   70.52    75.1434
1609   70.52    77.2954
1610   70.52    77.0736
1611   70.52    73.6797
1612   70.52    72.3945
1613   70.52    72.82
1614   70.52    71.8975
1615   70.52    72.4673
1616   70.52    72.7501
1617   70.52    73.4746
1618   70.52    74.1135
1619   70.52    72.3042
1620   70.52    72.803
1621   70.52    73.0159
1622   70.52    72.811
1623   70.52    73.4462
1624   70.52    73.1773
1625   70.52    72.9126
1626   70.52    73.9087
1627   70.52    74.3647
1628   70.52    75.4619
1629   70.52    75.0872
1630   70.52    74.3453
1631   70.52    72.3552
1632   70.52    72.0075
1633   70.52    74.7751
1634   70.52    74.4613
1635   70.52    74.8909
1636   70.52    74.6362
1637   70.52    73.3064
1638   70.52    72.5944
1639   70.52    73.6088
1640   70.52    72.9467
1641   70.52    73.3586
1642   70.52    74.1168
1643   70.52    73.0621
1644   70.52    73.6591
1645   70.52    74.6709
1646   70.52    75.7858
1647   70.52    75.3275
1648   70.52    75.9056
1649   70.52    73.5274
1650   70.52    74.0381
1651   70.52    74.5892
1652   70.52    76.2581
1653   70.52    74.3519
1654   70.52    75.3817
1655   70.52    74.8189
1656   70.52    73.4627
1657   70.52    72.6039
1658   70.52    72.7851
1659   70.52    74.2469
1660   70.52    72.5575
1661   70.52    71.4644
1662   70.52    72.2462
1663   70.52    72.6569
1664   70.52    71.9349
1665   70.52    71.8575
1666   70.52    71.5897
1667   70.52    72.0943
1668   70.52    72.4692
1669   70.52    74.7247
1670   70.52    73.3368
1671   70.52    71.6406
1672   70.52    72.4762
1673   70.52    73.7309
1674   70.52    72.5175
1675   70.52    73.2694
1676   70.52    73.9067
1677   70.52    72.1781
1678   70.52    72.3681
1679   70.52    72.9934
1680   70.52    72.5503
1681   70.52    73.3938
1682   70.52    74.5267
1683   70.52    73.4807
1684   70.52    73.0551
1685   70.52    75.0287
1686   70.52    76.2172
1687   70.52    75.3214
1688   70.52    76.2561
1689   70.52    77.6126
1690   70.52    74.4328
1691   70.52    73.6365
1692   70.52    74.844
1693   70.52    72.7022
1694   70.52    72.5409
1695   70.52    73.3356
1696   70.52    72.8097
1697   70.52    71.6325
1698   70.52    72.7375
1699   70.52    72.5513
1700   70.52    72.3072
1701   70.52    73.5985
1702   70.52    73.6556
1703   70.52    73.5017
1704   70.52    74.454
1705   70.52    73.9494
1706   70.52    74.4841
1707   70.52    73.9359
1708   70.52    75.8525
1709   70.52    76.1907
1710   70.52    74.3638
1711   70.52    73.6368
1712   70.52    72.0671
1713   70.52    72.0001
1714   70.52    72.3022
1715   70.52    71.6886
1716   70.52    71.8441
1717   70.52    73.6983
1718   70.5149    72.5494
1719   70.5149    74.3889
1720   70.5149    72.7712
1721   70.5149    71.7758
1722   70.5149    72.3956
1723   70.5149    73.6842
1724   70.5149    73.066
1725   70.5149    74.8154
1726   70.5149    73.4294
1727   70.5149    74.6035
1728   70.5149    74.3652
1729   70.5149    73.8878
1730   70.5149    73.5606
1731   70.5149    74.0284
1732   70.5149    74.1408
1733   70.5149    73.8607
1734   70.5149    73.5595
1735   70.5149    73.7063
1736   70.5149    73.1294
1737   70.5149    73.1295
1738   70.5149    74.3234
1739   70.5149    74.9632
1740   70.5149    74.899
1741   70.5149    75.2549
1742   70.5149    74.666
1743   70.5149    73.8543
1744   70.5149    74.2165
1745   70.5149    75.9055
1746   70.5149    73.4013
1747   70.5149    73.9785
1748   70.5149    75.5484
1749   70.5149    74.3874
1750   70.5149    73.5662
1751   70.5149    74.7886
1752   70.5149    74.3128
1753   70.5149    74.887
1754   70.5149    74.1053
1755   70.5149    73.6318
1756   70.5149    74.0698
1757   70.5149    75.7547
1758   70.5149    76.3432
1759   70.5149    76.8825
1760   70.5149    76.3723
1761   70.5149    73.6473
1762   70.5149    74.968
1763   70.5149    75.8678
1764   70.5149    74.8147
1765   70.5149    75.3994
1766   70.5149    74.9006
1767   70.5149    75.5362
1768   70.5149    74.9309
1769   70.5149    74.6332
1770   70.5149    74.6018
1771   70.5149    73.8184
1772   70.5149    73.0706
1773   70.5149    71.9749
1774   70.5149    72.1137
1775   70.5149    72.827
1776   70.5149    73.2491
1777   70.5149    73.5372
1778   70.5149    73.9808
1779   70.5149    73.564
1780   70.5149    74.3235
1781   70.5149    74.4321
1782   70.5149    72.8381
1783   70.5149    73.9095
1784   70.5149    75.1422
1785   70.5149    75.6073
1786   70.5149    74.8547
1787   70.5149    74.3901
1788   70.5149    74.6436
1789   70.5149    74.4023
1790   70.5149    75.0584
1791   70.5149    74.7959
1792   70.5149    73.7186
1793   70.5149    74.6064
1794   70.5149    74.8937
1795   70.5149    74.4319
1796   70.5149    74.2203
1797   70.5149    72.2644
1798   70.5149    72.2082
1799   70.5149    72.7088
1800   70.5149    71.5466
1801   70.5149    72.0963
1802   70.5149    73.2824
1803   70.5149    73.4932
1804   70.5149    74.2072
1805   70.5149    73.7626
1806   70.5149    73.1514
1807   70.5149    73.6746
1808   70.5149    72.5841
1809   70.5149    73.2247
1810   70.5149    72.7833
1811   70.5149    74.4051
1812   70.5149    72.9451
1813   70.5149    72.1675
1814   70.5149    71.9272
1815   70.5149    72.2594
1816   70.5149    72.22
1817   70.5149    73.1513
1818   70.5149    72.1089
1819   70.5149    73.0249
1820   70.5149    72.8152
1821   70.5149    72.2357
1822   70.5149    72.0928
1823   70.5149    73.2069
1824   70.5149    72.6297
1825   70.5149    73.1752
1826   70.5149    72.4982
1827   70.5149    73.3414
1828   70.5149    72.6229
1829   70.5149    73.6101
1830   70.5149    72.7256
1831   70.5149    74.2691
1832   70.5149    74.5159
1833   70.5149    73.9998
1834   70.5149    73.9563
1835   70.5149    74.1366
1836   70.5149    73.3626
1837   70.5149    75.6524
1838   70.5149    75.7622
1839   70.5149    75.5953
1840   70.5149    74.9979
1841   70.5149    74.0492
1842   70.5149    75.0901
1843   70.5149    74.8707
1844   70.5149    76.2554
1845   70.5149    75.6382
1846   70.5149    75.4303
1847   70.5149    74.2233
1848   70.5149    73.9548
1849   70.5149    75.1013
1850   70.5149    75.4651
1851   70.5149    75.756
1852   70.5149    75.9838
1853   70.5149    73.5283
1854   70.5149    73.1608
1855   70.5149    72.7343
1856   70.5149    73.8671
1857   70.5149    73.3193
1858   70.5149    74.2017
1859   70.5149    73.122
1860   70.5149    74.471
1861   70.5149    72.9299
1862   70.5149    72.7256
1863   70.5149    73.0943
1864   70.5149    74.3075
1865   70.5149    74.1669
1866   70.4059    73.511
1867   70.4059    73.6459
1868   70.4059    73.9527
1869   70.4059    72.7992
1870   70.4059    72.72
1871   70.4059    73.1097
1872   70.4059    73.1552
1873   70.4059    73.432
1874   70.4059    72.8436
1875   70.4059    72.8715
1876   70.4059    72.6691
1877   70.4059    72.1571
1878   70.4059    71.6191
1879   70.4059    72.796
1880   70.4059    73.8483
1881   70.4059    73.3186
1882   70.4059    74.8102
1883   70.4059    74.5311
1884   70.4059    75.1661
1885   70.4059    74.2319
1886   70.4059    74.6006
1887   70.4059    73.8758
1888   70.4059    73.4709
1889   70.4059    73.545
1890   70.4059    74.8036
1891   70.4059    74.4104
1892   70.4059    74.7204
1893   70.4059    73.5175
1894   70.4059    73.5791
1895   70.4059    73.4766
1896   70.4059    74.3246
1897   70.4059    74.6899
1898   70.4059    72.8844
1899   70.4059    73.9046
1900   70.4059    73.0168
1901   70.4059    73.0229
1902   70.4059    73.0608
1903   70.4059    72.3742
1904   70.4059    73.7109
1905   70.4059    74.2103
1906   70.4059    75.5506
1907   70.4059    75.0824
1908   70.4059    73.7875
1909   70.4059    75.4861
1910   70.4059    77.9809
1911   70.4059    75.3064
1912   70.4059    74.0263
1913   70.4059    72.5264
1914   70.4059    72.3635
1915   70.4059    72.9336
1916   70.4059    73.671
1917   70.4059    74.3069
1918   70.4059    73.7097
1919   70.4059    74.1547
1920   70.4059    73.852
1921   70.4059    72.5929
1922   70.4059    71.8049
1923   70.4059    71.8624
1924   70.4059    71.4749
1925   70.4059    72.0261
1926   70.4059    72.1103
1927   70.4059    73.3939
1928   70.4059    73.0254
1929   70.4059    71.444
1930   70.4059    71.6728
1931   70.4059    72.3215
1932   70.4059    72.6412
1933   70.4059    72.2085
1934   70.4059    72.8243
1935   70.4059    73.1675
1936   70.4059    73.3275
1937   70.4059    74.8764
1938   70.4059    73.3753
1939   70.4059    73.6626
1940   70.4059    73.8311
1941   70.4059    73.5542
1942   70.4059    74.3428
1943   70.4059    73.2436
1944   70.4059    71.8992
1945   70.4059    72.7319
1946   70.4059    72.2686
1947   70.4059    71.8533
1948   70.4059    71.3274
1949   70.4059    71.9826
1950   70.4059    72.4665
1951   70.4059    74.2477
1952   70.4059    74.1537
1953   70.4059    74.9281
1954   70.4059    76.3402
1955   70.4059    75.5553
1956   70.4059    75.8326
1957   70.4059    74.1893
1958   70.4059    73.2746
1959   70.4059    74.6582
1960   70.4059    74.3826
1961   70.4059    74.7028
1962   70.4059    74.4581
1963   70.4059    74.1697
1964   70.4059    74.7884
1965   70.4059    74.583
1966   70.4059    74.526
1967   70.4059    74.8598
1968   70.4059    75.1587
1969   70.4059    74.4801
1970   70.4059    74.0974
1971   70.4059    74.4603
1972   70.4059    75.5589
1973   70.4059    75.3906
1974   70.4059    74.7267
1975   70.4059    75.7483
1976   70.4059    74.6557
1977   70.4059    75.103
1978   70.4059    75.3305
1979   70.4059    74.1907
1980   70.4059    74.1136
1981   70.4059    76.3807
1982   70.4059    75.4622
1983   70.4059    74.4972
1984   70.4059    75.6817
1985   70.4059    74.9862
1986   70.4059    73.9484
1987   70.4059    73.8488
1988   70.4059    73.6018
1989   70.4059    73.6249
1990   70.4059    72.2221
1991   70.4059    72.6996
1992   70.4059    73.5188
1993   70.4059    73.6219
1994   70.4059    71.5652
1995   70.4059    72.3066
1996   70.4059    72.8409
1997   70.4059    72.9523
1998   70.4059    72.4554
1999   70.4059    71.8828
2000   70.4059    72.3154
