1   436.983    495.26
2   433.1    475.108
3   419.766    455.919
4   411.483    443.342
5   392.16    432.753
6   384.425    420.533
7   378.261    406.435
8   372.969    396.977
9   368.817    390.398
10   358.083    381.897
11   357.429    375.17
12   357.429    371.844
13   350.53    370.532
14   342.082    364.764
15   333.431    357.53
16   330.623    352.378
17   330.623    344.176
18   326.154    339.683
19   324.113    336.332
20   321.225    332.126
21   317.154    329.096
22   314.548    326.823
23   310.156    323.305
24   308.579    318.875
25   304.061    316.818
26   300.005    312.678
27   296.619    311.19
28   291.685    308.207
29   285.237    303.035
30   285.237    298.795
31   284.59    295.102
32   283.172    290.636
33   282.498    289.146
34   280.926    287.126
35   274.769    285.577
36   274.769    285.174
37   272.279    283.54
38   269.697    280.689
39   262.406    279.155
40   262.406    277.946
41   262.406    275.475
42   262.406    271.904
43   257.51    267.526
44   255.295    265.725
45   254.341    262.427
46   253.404    260.846
47   247.333    260.94
48   241.502    259.685
49   241.502    255.267
50   237.377    250.561
51   237.158    250.019
52   233.55    247.043
53   233.55    243.857
54   233.033    240.954
55   230.703    239.721
56   229.55    236.508
57   229.55    235.442
58   228.149    233.723
59   225.365    232.578
60   225.365    231.746
61   223.502    229.319
62   223.252    227.979
63   223.252    227.463
64   222.291    227.24
65   220.108    226.477
66   217.29    225.877
67   215.002    224.533
68   213.715    222.228
69   212.703    221.959
70   212.703    220.027
71   210.971    219.57
72   209.442    217.416
73   209.442    214.381
74   208.393    214.393
75   208.393    215.288
76   208.078    215.825
77   208.078    214.573
78   207.502    213.837
79   205.408    212.747
80   205.408    212.54
81   204.08    212.077
82   203.316    210.623
83   202.688    211.163
84   202.688    210.105
85   202.68    209.502
86   201.465    207.564
87   196.692    206.377
88   196.692    205.69
89   193.987    204.512
90   193.987    203.396
91   192.085    200.708
92   192.085    199.666
93   192.085    199.214
94   186.48    197.73
95   186.48    197.251
96   186.064    196.495
97   186.064    194.039
98   183.973    192.946
99   182.071    193.044
100   182.071    191.386
101   179.35    190.728
102   178.129    190.598
103   178.021    188.645
104   177.254    186.039
105   175.924    184.579
106   175.924    183.944
107   175.857    180.461
108   174.43    179.24
109   174.43    179.052
110   174.43    181.111
111   173.416    181.089
112   172.02    180.684
113   168.996    180.167
114   168.996    179.728
115   168.09    180.088
116   167.663    178.206
117   167.663    178.945
118   167.319    179.709
119   167.152    179.091
120   167.152    178.48
121   166.427    174.798
122   165.854    172.742
123   163.955    172.383
124   163.955    172.214
125   163.955    172.607
126   163.955    171.412
127   163.955    169.451
128   163.955    167.26
129   163.955    168.15
130   163.955    168.192
131   163.955    168.496
132   163.901    168.39
133   162.554    167.461
134   162.554    167.017
135   161.357    165.501
136   160.81    166.985
137   160.356    166.616
138   160.356    166.388
139   160.356    167.973
140   160.356    163.829
141   159.973    163.94
142   158.327    162.791
143   157.484    162.826
144   156.209    165.28
145   156.209    166.173
146   156.209    167.351
147   156.209    165.482
148   156.209    166.479
149   156.209    165.199
150   156.209    165.074
151   156.209    163.183
152   155.784    162.868
153   155.784    160.687
154   155.784    162.148
155   155.245    159.466
156   154.678    160.263
157   154.253    159.096
158   148.502    158.325
159   148.502    158.885
160   148.502    156.684
161   148.502    154.032
162   148.502    152.025
163   148.273    152.313
164   146.804    150.273
165   146.386    149.604
166   144.869    148.925
167   144.688    149.862
168   144.429    151.818
169   143.805    151.583
170   143.805    150.5
171   143.129    150.445
172   141.848    147.913
173   141.848    147.343
174   139.541    146.91
175   139.541    145.581
176   139.312    145.641
177   138.466    144.85
178   138.466    144.513
179   138.466    143.732
180   138.466    145.447
181   138.466    143.258
182   136.94    142.403
183   136.94    140.934
184   136.909    141.724
185   135.978    141.287
186   135.978    141.418
187   135.978    141.383
188   135.978    140.613
189   135.622    141.223
190   135.622    141.558
191   135.622    140.992
192   135.622    141.134
193   134.795    140.337
194   134.466    141.219
195   134.466    141.026
196   134.466    142.25
197   133.669    142.011
198   133.669    142.604
199   133.669    140.656
200   133.669    140.307
201   133.669    138.521
202   133.669    137.864
203   133.095    137.954
204   133.095    136.46
205   133.095    136.895
206   131.529    134.958
207   130.505    135.238
208   130.505    133.868
209   130.505    133.541
210   130.505    133.866
211   129.403    134.494
212   129.403    134.746
213   129.403    135.939
214   129.403    138.542
215   129.403    136.842
216   129.403    134.732
217   129.403    135.246
218   129.107    134.89
219   128.886    133.939
220   128.886    133.838
221   128.781    132.283
222   128.559    132.451
223   126.983    134.026
224   126.983    132.379
225   126.983    132.428
226   126.983    132.913
227   125.522    131.06
228   125.522    130.477
229   125.501    129.497
230   125.501    128.575
231   125.341    128.603
232   125.341    127.723
233   125.054    128.366
234   124.433    127.588
235   124.144    126.802
236   123.076    128.203
237   122.925    126.882
238   122.925    125.964
239   122.831    126.836
240   122.058    124.787
241   121.77    124.271
242   121.77    123.805
243   121.226    123.718
244   120.966    123.547
245   119.691    123.552
246   119.691    123.764
247   119.135    124.173
248   119.135    125.292
249   119.135    125.849
250   119.135    126.344
251   119.135    126.78
252   118.878    126.903
253   118.878    126.974
254   118.878    127.793
255   118.878    128.131
256   118.878    124.003
257   118.878    125.038
258   118.395    122.568
259   118.068    122.527
260   118.068    124.631
261   118.062    124.866
262   117.586    125.62
263   116.226    124.418
264   116.22    124.274
265   116.22    125.177
266   115.688    123.748
267   115.688    123.687
268   115.688    121.744
269   115.688    121.169
270   115.688    122.63
271   115.688    119.302
272   115.688    120.828
273   115.688    119.371
274   115.688    118.707
275   115.23    118.948
276   115.23    120.295
277   115.23    119.497
278   114.703    119.87
279   114.703    119.011
280   114.703    118.86
281   114.702    121.399
282   113.906    120.544
283   113.906    120.74
284   113.906    119.346
285   113.906    118.697
286   113.906    117.1
287   113.906    115.012
288   113.545    115.254
289   113.545    115.043
290   113.545    115.901
291   113.545    116.594
292   113.545    121.166
293   113.545    123.62
294   113.545    126.441
295   113.545    126.239
296   112.035    126.188
297   112.035    123.087
298   112.035    121.97
299   111.91    117.218
300   111.91    116.156
301   110.782    115.122
302   110.782    116.459
303   110.685    117.257
304   110.685    117.513
305   110.685    117.428
306   110.673    117.378
307   110.673    118.795
308   110.673    118.83
309   110.673    119.098
310   110.673    123.364
311   110.673    122.296
312   110.673    122.613
313   110.673    121.321
314   110.673    120.086
315   110.673    120.921
316   110.673    118.317
317   110.673    117.414
318   110.673    114.388
319   110.673    115.865
320   110.673    115.345
321   110.673    114.254
322   110.673    113.972
323   110.673    113.675
324   110.673    116.203
325   110.673    116.53
326   110.511    116.77
327   110.511    117.359
328   109.99    119.337
329   109.99    118.13
330   109.99    116.037
331   109.99    114.21
332   108.983    115.056
333   108.983    116.024
334   108.983    115.746
335   108.983    115.455
336   108.983    115.088
337   108.983    116.199
338   108.983    115.056
339   108.983    112.978
340   108.983    113.733
341   108.983    112.481
342   108.983    111.257
343   108.801    112.117
344   108.801    113.176
345   108.801    112.507
346   108.801    111.874
347   108.801    111.616
348   108.681    113.081
349   108.681    112.544
350   108.635    112.416
351   108.515    112.047
352   108.515    112.547
353   106.894    111.386
354   106.894    112.74
355   106.894    113.312
356   106.894    112.079
357   106.787    111.128
358   106.475    111.389
359   106.475    111.666
360   106.369    111.141
361   106.369    112.077
362   106.196    111.334
363   105.791    110.375
364   105.791    109.389
365   105.313    109.114
366   105.313    111.296
367   105.313    111.86
368   104.432    112.977
369   104.432    113.447
370   104.432    111.629
371   104.432    112.553
372   104.432    111.134
373   104.432    109.707
374   104.432    108.655
375   103.167    106.204
376   103.167    105.917
377   103.167    105.702
378   103.167    105.982
379   103.167    106.09
380   102.592    105.826
381   102.592    105.581
382   101.709    104.235
383   101.709    105.032
384   101.709    108.299
385   101.709    109.365
386   101.709    109.554
387   101.709    112.504
388   101.709    112.875
389   101.709    112.758
390   100.686    111.658
391   100.686    112.964
392   100.686    109.205
393   100.686    108.056
394   100.686    108.604
395   100.686    108.363
396   100.686    106.588
397   100.686    105.04
398   100.686    104.749
399   100.669    103.261
400   100.625    103.068
401   100.608    103.812
402   100.438    103.957
403   100.289    103.372
404   100.289    104.211
405   100.289    104.385
406   100.272    103.749
407   100.272    103.852
408   100.272    103.008
409   99.8165    102.735
410   99.8165    103.441
411   99.8165    102.471
412   99.8165    102.84
413   99.8165    101.801
414   99.8165    102.266
415   99.8165    103.678
416   99.8165    105.121
417   99.8165    104.176
418   99.8165    102.802
419   99.6728    105.134
420   99.6728    104.807
421   99.6728    105.64
422   99.6175    105.115
423   99.6175    105.55
424   99.3052    105.674
425   99.3052    104.498
426   99.3052    105.377
427   99.3052    102.136
428   99.3052    101.047
429   99.3052    101.595
430   99.3052    100.265
431   99.3052    100.742
432   99.3052    100.086
433   98.9683    101.056
434   98.9683    100.783
435   98.9683    100.786
436   98.9683    102.631
437   98.9683    101.164
438   98.9683    101.338
439   98.9683    101.251
440   98.9683    100.587
441   98.9683    100.716
442   98.9683    101.166
443   98.9683    101.255
444   98.9683    102.113
445   98.9683    101.8
446   98.5073    102.106
447   98.1525    100.893
448   98.1525    100.747
449   98.1525    100.938
450   97.988    100.554
451   97.988    100.212
452   97.988    101.71
453   97.988    101.99
454   97.988    101.24
455   97.988    101.058
456   97.988    100.928
457   97.988    100.857
458   97.4251    100.173
459   97.4251    100.708
460   97.4251    98.9758
461   97.4251    99.0578
462   97.4251    100.128
463   97.2678    99.9488
464   97.2658    99.5841
465   97.2658    99.0626
466   96.3824    98.3582
467   96.3824    99.3411
468   96.3824    101.086
469   96.3824    99.8372
470   96.3824    100.49
471   96.3824    100.232
472   96.3824    99.7025
473   96.3824    98.9374
474   96.3824    99.0138
475   96.3824    99.8538
476   95.7592    100.712
477   95.7592    100.726
478   95.5259    98.8449
479   95.5259    98.2821
480   95.3202    97.8569
481   94.349    99.7102
482   94.349    100.517
483   94.349    100.44
484   93.6627    100.393
485   93.6627    99.903
486   93.6026    100.675
487   93.6026    99.3872
488   93.6026    98.7774
489   93.6026    99.3343
490   93.6026    98.3681
491   93.6026    97.7352
492   93.6026    97.1486
493   93.6026    96.4446
494   93.6026    96.2088
495   93.6026    97.1728
496   93.6026    95.9844
497   92.7968    95.391
498   92.7968    95.1259
499   92.7968    96.7497
500   92.7968    95.8084
501   92.5227    96.5401
502   92.5227    95.8058
503   92.5227    96.2102
504   92.5227    94.8764
505   92.5227    95.1331
506   92.5227    93.9543
507   91.8533    94.2975
508   91.8533    94.1538
509   91.5792    95.4244
510   91.5792    94.5389
511   91.5792    95.0394
512   91.5792    96.0943
513   91.5792    95.882
514   91.5792    96.6965
515   91.5792    96.4832
516   91.5792    95.8683
517   91.5792    94.7851
518   91.5724    94.3663
519   91.5724    95.5128
520   91.2532    96.1931
521   91.2532    96.663
522   91.2532    95.8925
523   91.2532    96.497
524   90.9016    97.6989
525   90.718    96.3883
526   90.718    96.3408
527   90.718    97.5197
528   90.4137    97.4303
529   90.3664    95.1922
530   90.3664    93.4271
531   90.3664    92.8629
532   90.3664    93.0034
533   90.3664    93.0644
534   90.3664    92.9931
535   90.3664    93.5117
536   89.5311    92.589
537   89.5311    92.2328
538   89.3284    93.2541
539   89.3284    92.779
540   89.3284    92.28
541   88.753    91.9122
542   87.3755    91.9079
543   87.3755    92.591
544   86.8677    93.3985
545   86.8677    92.5802
546   86.8677    91.1383
547   86.8677    90.8495
548   86.8677    91.0103
549   86.8677    89.4825
550   86.8677    91.2144
551   86.8677    88.8428
552   86.8677    89.3669
553   86.8677    88.2802
554   86.8677    90.0155
555   86.8677    89.7133
556   86.8677    89.3306
557   86.8677    89.985
558   86.5135    89.345
559   86.5135    88.5019
560   86.5135    90.1103
561   86.5135    87.7783
562   86.5135    88.728
563   85.2765    90.1163
564   85.2765    88.4449
565   85.2765    88.4193
566   85.2765    89.182
567   85.2765    88.7636
568   85.2765    92.8011
569   85.2765    91.3236
570   85.2765    93.1793
571   85.2765    92.8562
572   85.2765    93.2821
573   85.2765    94.2571
574   85.2765    93.3026
575   85.2765    91.0129
576   85.2765    91.6157
577   85.2765    91.9996
578   84.0166    89.3278
579   84.0166    88.8225
580   84.0166    89.5657
581   84.0166    89.6111
582   83.9995    90.142
583   82.7396    89.971
584   82.7396    88.4105
585   82.7396    87.3059
586   82.7396    86.2258
587   82.7396    85.721
588   82.7396    85.7716
589   82.7396    84.2765
590   82.7396    84.9234
591   82.7396    85.2379
592   82.7396    85.4405
593   82.7396    85.3734
594   82.7396    85.8546
595   82.7396    85.5621
596   82.7396    86.22
597   82.7396    86.0246
598   82.7396    85.0247
599   82.7396    86.1154
600   82.7396    87.0404
601   82.7396    85.8833
602   82.1285    87.0305
603   82.1285    87.177
604   82.1285    87.1762
605   82.1285    86.4934
606   82.1285    84.8688
607   82.1285    84.5183
608   82.1285    86.5538
609   82.1285    86.1781
610   82.1285    84.5633
611   82.1285    83.4881
612   82.1285    83.2102
613   82.1285    85.1899
614   82.1285    88.6172
615   82.1285    90.8649
616   82.1285    91.8099
617   82.1285    95.0441
618   82.1285    93.0625
619   82.1285    92.2508
620   82.1285    92.7486
621   82.1285    92.1215
622   82.1285    90.23
623   82.1285    87.8801
624   82.1285    85.5728
625   82.1285    85.7345
626   81.9331    85.567
627   81.9331    84.2843
628   81.9331    84.7061
629   81.9331    84.7898
630   81.8846    85.2856
631   81.8846    84.7875
632   81.8846    86.1319
633   81.8846    86.7232
634   81.8846    86.2292
635   81.8846    85.5517
636   81.8846    85.2817
637   81.8846    85.5234
638   81.8846    87.4999
639   81.8846    86.5742
640   81.8846    84.8231
641   81.8846    83.2374
642   81.8846    84.65
643   81.8846    84.4088
644   81.8846    85.1419
645   81.8846    86.2812
646   81.8846    86.3341
647   81.8846    85.8252
648   81.8846    86.0707
649   81.8846    86.4049
650   81.8846    84.8172
651   81.8846    83.7767
652   81.8846    83.6151
653   81.8846    84.6926
654   81.8846    84.2679
655   81.8846    85.6087
656   81.8846    86.1495
657   81.8846    85.6351
658   81.8846    85.4969
659   81.8846    85.8222
660   81.8846    85.5454
661   81.8846    85.6879
662   81.8846    85.0762
663   81.8378    84.4634
664   81.8378    85.8553
665   81.8378    85.877
666   81.8378    88.5865
667   80.4921    87.0325
668   80.4921    85.8686
669   80.4921    85.3701
670   80.4921    84.5172
671   80.4921    84.9202
672   80.4921    82.9005
673   80.4921    83.1277
674   80.4921    83.1559
675   80.4921    84.1148
676   80.4921    84.0578
677   80.4921    86.4857
678   80.4921    86.1883
679   80.4921    85.3232
680   80.4921    84.238
681   80.4921    84.9222
682   80.4921    84.6737
683   80.4921    85.82
684   80.4921    84.8426
685   80.4921    85.9098
686   80.4921    82.9503
687   80.4921    81.4967
688   80.4921    81.9347
689   80.4921    81.6836
690   80.4921    81.5932
691   80.4921    83.3622
692   80.4921    83.8479
693   80.4921    82.0654
694   80.4921    82.4412
695   80.4921    83.4552
696   80.4921    83.8481
697   80.4921    83.4386
698   80.4921    84.1358
699   80.4921    85.1003
700   80.4921    83.8596
701   80.4921    83.9502
702   80.4921    84.3016
703   80.4921    82.8004
704   80.4921    82.358
705   80.4921    84.2359
706   80.4921    84.6158
707   80.4921    84.1315
708   80.4921    84.6571
709   80.4921    84.4008
710   80.4921    83.4129
711   80.4921    83.329
712   80.4921    82.4902
713   80.4921    84.0757
714   80.4921    84.191
715   80.4921    83.8899
716   80.4921    84.6257
717   80.4921    83.8652
718   80.4921    84.5524
719   80.4921    84.2485
720   80.4921    84.3969
721   80.4921    83.4681
722   80.4921    83.6691
723   80.4921    83.0277
724   80.4921    82.743
725   80.4921    83.2419
726   80.4921    82.3034
727   80.4921    82.7512
728   80.4921    83.1035
729   80.4921    84.1731
730   79.5795    84.4707
731   79.5795    85.2979
732   79.5795    84.9476
733   79.5795    85.9586
734   79.5795    83.8792
735   79.5795    84.6229
736   79.5795    84.9944
737   79.5233    82.7072
738   79.5233    83.7754
739   79.5233    83.0185
740   79.5233    82.5642
741   79.5233    81.1982
742   79.5233    81.809
743   79.5233    80.7476
744   79.5233    80.2301
745   79.5233    81.0749
746   79.5233    81.8428
747   79.5233    83.3591
748   79.5233    83.6294
749   79.5233    82.7723
750   79.5233    83.4538
751   79.4793    83.5247
752   79.4793    83.8752
753   79.4793    82.7223
754   79.4793    82.347
755   79.4793    81.8638
756   79.4793    83.406
757   79.4793    83.2397
758   79.4793    82.4708
759   79.4793    81.8059
760   79.4793    81.5686
761   79.3368    80.4641
762   79.3368    82.5928
763   79.3368    81.7578
764   79.3368    81.6922
765   79.1851    81.4005
766   79.1851    80.8851
767   79.1851    82.3407
768   79.1851    81.3418
769   79.1851    82.3795
770   79.1851    81.2887
771   79.1851    81.0379
772   79.1851    80.946
773   79.1851    82.1195
774   79.1851    81.1054
775   79.1851    80.9113
776   79.1851    82.7131
777   79.1851    82.4239
778   79.1851    81.2037
779   79.1851    81.2576
780   79.1851    82.9481
781   79.1851    82.0215
782   79.1851    80.9691
783   79.1851    80.878
784   79.1851    81.2711
785   79.1851    80.8864
786   79.1851    80.2956
787   79.1851    81.5923
788   79.1851    81.1028
789   79.1851    81.1257
790   79.1851    81.8133
791   79.1851    81.3224
792   79.1851    79.9586
793   79.1851    80.6305
794   79.1851    81.1111
795   79.1851    81.4637
796   79.1851    81.4345
797   79.1851    82.1077
798   79.1404    82.3866
799   79.1404    83.9368
800   79.1259    83.4405
801   79.1259    83.6181
802   79.1259    82.7222
803   79.1259    82.2795
804   79.1259    83.1204
805   79.1259    83.2943
806   79.1259    83.6919
807   78.6367    81.5137
808   78.6367    80.9162
809   78.6367    82.416
810   78.6367    81.6575
811   78.6367    80.7273
812   78.6367    82.3291
813   78.6367    82.6052
814   78.6367    82.1385
815   78.6367    82.6857
816   78.6367    81.9547
817   78.6367    81.5908
818   78.6367    81.8606
819   78.6367    80.87
820   78.6367    81.3757
821   78.6367    81.9722
822   78.6367    83.7096
823   78.6367    84.9025
824   78.6367    82.4777
825   78.6367    82.5579
826   78.4429    82.9463
827   78.3636    83.0849
828   78.3636    82.1728
829   78.3636    81.4977
830   78.3636    82.7301
831   78.3636    82.8846
832   78.3636    82.9933
833   78.3636    81.3383
834   78.3636    81.2133
835   78.3636    80.9859
836   78.3636    80.155
837   78.3636    80.7602
838   78.3636    80.2185
839   78.3636    81.0674
840   78.3636    81.5712
841   78.3636    82.0675
842   78.3636    80.9107
843   78.3636    81.2107
844   78.3636    82.6218
845   78.3636    82.2749
846   78.3636    82.2375
847   78.3636    83.1961
848   78.3636    82.35
849   78.3636    84.7679
850   78.3636    83.7106
851   78.3636    82.7696
852   78.3636    81.7482
853   78.3636    81.2839
854   78.3636    80.8039
855   78.3636    80.7111
856   78.3636    80.763
857   78.3636    79.8187
858   78.3636    80.6961
859   78.3636    79.9075
860   78.3636    80.9061
861   78.3636    81.6542
862   78.3636    82.2929
863   78.3636    82.3658
864   78.3636    84.5818
865   78.3636    84.4969
866   78.3636    84.1574
867   78.3636    83.1124
868   78.3636    83.6836
869   78.3636    84.1044
870   78.3636    82.0466
871   78.3636    81.7408
872   78.3636    81.6886
873   78.3636    83.0657
874   78.3636    82.3805
875   78.3636    82.9907
876   78.3636    82.8973
877   78.3636    82.7451
878   78.3636    81.376
879   78.3636    81.0566
880   78.1929    81.4194
881   78.1929    80.589
882   78.1929    80.7629
883   77.5443    81.4165
884   77.5443    81.0273
885   77.5443    80.4731
886   77.5443    80.908
887   77.5443    79.4216
888   77.5443    79.3921
889   77.5443    81.3251
890   77.5443    80.59
891   76.99    80.2932
892   76.6489    81.3844
893   76.6489    80.5531
894   76.6489    81.9075
895   76.6489    82.0785
896   76.6489    81.0913
897   76.2827    79.895
898   76.2827    79.2613
899   76.2827    78.6692
900   76.2827    76.7929
901   76.2827    78.1047
902   76.2827    77.6384
903   76.2827    77.9294
904   76.2827    78.3732
905   76.2827    79.3763
906   76.2827    78.0708
907   76.2827    80.1897
908   76.2827    80.1581
909   76.2827    80.3797
910   76.2827    80.8516
911   76.2827    81.316
912   76.2827    81.7917
913   76.2827    80.1467
914   76.2827    78.7463
915   76.2827    78.8238
916   75.8227    79.2353
917   75.8227    79.1441
918   75.8227    78.5605
919   75.8227    80.4146
920   75.8227    81.2142
921   75.8227    80.8409
922   75.8227    81.1205
923   75.8227    81.8194
924   75.8227    80.719
925   75.8227    78.9449
926   75.8227    78.656
927   75.8227    78.8419
928   75.8227    78.6451
929   75.1988    79.2381
930   75.1988    79.8823
931   75.1988    79.8816
932   75.1988    80.8937
933   75.1988    78.9165
934   75.1988    77.7562
935   75.1988    77.5932
936   75.0662    76.8903
937   75.0662    78.1336
938   75.0662    78.5805
939   75.0662    79.3748
940   75.0662    79.7656
941   75.0662    78.7676
942   75.0662    79.4804
943   75.0662    79.3261
944   75.0662    78.3934
945   75.0662    76.7182
946   75.0662    77.9512
947   75.0662    77.7368
948   75.0662    78.9662
949   75.0662    76.5428
950   75.0662    77.2273
951   75.0662    76.0253
952   75.0662    76.5375
953   75.0662    77.5528
954   75.0662    77.1643
955   75.0662    77.1717
956   75.0662    75.2775
957   75.0662    77.0778
958   75.0662    77.7471
959   75.0662    78.2592
960   75.0662    78.5753
961   75.0662    77.4768
962   75.0662    80.3654
963   75.0662    79.8454
964   75.0662    78.5406
965   75.0662    78.0948
966   75.0662    77.8395
967   74.8352    76.5637
968   74.8352    78.4254
969   74.8352    77.6936
970   74.8352    78.0718
971   74.8352    77.9205
972   74.7235    77.8347
973   74.7235    77.0426
974   74.7235    76.8989
975   74.7235    75.9606
976   74.7235    75.6484
977   74.7235    76.4657
978   74.7235    77.5435
979   74.7235    78.326
980   74.7235    78.8111
981   74.5179    78.7841
982   74.5179    78.9116
983   74.5179    79.2464
984   74.5179    80.2663
985   74.5179    79.5881
986   74.5179    80.1231
987   74.5179    78.5836
988   74.5179    75.8795
989   74.5179    75.0259
990   74.5179    74.9005
991   74.5179    74.6888
992   74.5179    75.8661
993   74.5179    75.6188
994   74.5179    76.5351
995   74.5179    75.8805
996   74.5179    75.1362
997   74.5179    76.1871
998   74.5179    77.9102
999   74.5179    78.9184
1000   74.5179    77.06
1001   74.5179    76.3516
1002   74.5179    77.3729
1003   74.5179    77.046
1004   74.5179    76.6461
1005   74.5179    76.91
1006   74.5179    78.223
1007   74.5179    78.0454
1008   74.5179    78.2456
1009   74.5179    78.4651
1010   74.5179    78.3297
1011   74.5179    77.7154
1012   74.5179    78.7959
1013   74.2048    77.0598
1014   74.1442    76.0936
1015   74.1442    78.2362
1016   73.8311    77.2499
1017   73.2957    76.9005
1018   73.2957    77.578
1019   73.2957    77.5887
1020   73.2957    77.9688
1021   73.2957    77.2512
1022   73.2957    76.4361
1023   73.2957    77.2838
1024   73.2957    76.4081
1025   73.2957    74.5804
1026   73.2957    74.5185
1027   73.2957    75.3177
1028   73.2957    76.1361
1029   73.2957    76.5729
1030   73.2957    78.2768
1031   73.2957    78.1203
1032   73.2957    77.1621
1033   73.2957    76.5703
1034   73.2957    76.1376
1035   73.2957    74.9514
1036   73.2957    76.7436
1037   73.2957    76.6871
1038   73.2957    76.3864
1039   73.2957    77.7999
1040   73.2957    76.418
1041   73.2957    76.3268
1042   73.2957    76.3319
1043   73.2957    75.8477
1044   73.2957    76.8412
1045   73.2957    74.8802
1046   73.2957    74.798
1047   73.2957    74.4471
1048   73.2957    75.3232
1049   73.2957    75.7837
1050   73.2957    76.9297
1051   73.2957    76.5746
1052   73.2957    75.7509
1053   73.2957    77.6979
1054   73.2957    77.4166
1055   73.2957    76.3547
1056   73.2957    76.5916
1057   73.2957    77.6766
1058   73.2957    78.2996
1059   73.2957    76.2255
1060   73.2957    75.8979
1061   73.2957    76.2009
1062   73.2957    77.7773
1063   73.2957    76.9711
1064   73.2957    76.4104
1065   73.2957    76.7771
1066   73.2957    76.3411
1067   73.2957    74.2642
1068   73.2957    73.997
1069   73.2957    75.3326
1070   73.2957    74.9277
1071   73.2957    76.6744
1072   73.2957    76.8591
1073   73.2957    75.5819
1074   73.2957    75.4592
1075   73.2957    75.8626
1076   73.2957    77.0473
1077   73.2957    76.9713
1078   73.2957    75.4296
1079   73.2957    77.1757
1080   73.2957    78.0166
1081   73.2957    77.8768
1082   73.2957    77.3533
1083   73.2957    76.8673
1084   73.2957    76.4811
1085   73.2957    76.3068
1086   73.2957    76.4461
1087   73.2957    76.5418
1088   73.2957    75.8272
1089   73.2957    76.3285
1090   73.2957    77.6466
1091   73.2957    76.6262
1092   73.2957    76.5388
1093   73.2957    75.6965
1094   73.2957    76.4438
1095   73.2957    78.5691
1096   73.2957    76.9949
1097   73.2957    76.9659
1098   73.2957    75.5952
1099   73.2957    75.2939
1100   73.2957    75.7927
1101   73.2957    76.2165
1102   73.2957    74.9861
1103   73.2957    73.6724
1104   73.2957    78.1248
1105   73.2957    77.4429
1106   73.2957    77.8026
1107   73.2957    77.0595
1108   73.2957    75.9165
1109   73.2957    76.2475
1110   73.2957    75.5029
1111   73.2957    76.9624
1112   73.2957    76.1344
1113   73.2957    76.9063
1114   73.2957    77.7993
1115   73.2957    77.0951
1116   73.2957    75.3241
1117   73.2957    75.5324
1118   73.2957    75.4221
1119   73.2957    74.262
1120   73.2957    74.5521
1121   73.2957    74.8196
1122   73.2957    74.6661
1123   73.2957    75.1307
1124   73.2957    76.2208
1125   73.2957    76.3309
1126   73.2432    76.3665
1127   73.2432    77.4582
1128   73.2432    76.7595
1129   73.2432    75.8488
1130   73.2432    75.1079
1131   73.2432    75.4662
1132   73.2432    74.621
1133   73.2432    76.4775
1134   73.2432    75.686
1135   73.2432    76.6175
1136   73.2432    75.8372
1137   73.2432    77.8155
1138   73.2432    77.4321
1139   73.2432    76.5121
1140   73.2432    77.9502
1141   73.2432    77.7292
1142   73.2432    78.4755
1143   73.2432    77.697
1144   73.2432    75.1131
1145   73.2432    75.4223
1146   73.2432    75.1592
1147   73.2432    75.2643
1148   73.2432    77.0288
1149   73.2432    76.8152
1150   73.2432    77.201
1151   73.2432    76.0658
1152   73.2432    76.4931
1153   73.2432    76.2378
1154   73.2432    77.7488
1155   73.2432    76.6749
1156   73.2432    77.3684
1157   73.2432    76.8202
1158   73.2432    77.5741
1159   73.2432    76.1391
1160   73.2432    76.7041
1161   73.2432    76.775
1162   73.2432    77.3181
1163   73.2432    76.3486
1164   73.2432    75.8902
1165   73.2432    76.747
1166   73.2432    76.2775
1167   73.2432    77.6951
1168   73.2432    77.6613
1169   73.2432    76.4803
1170   73.2432    77.6995
1171   73.2432    76.9957
1172   73.2432    78.6799
1173   73.2432    78.95
1174   73.2432    79.8468
1175   73.2432    79.4828
1176   73.2432    79.1569
1177   73.2432    79.108
1178   73.2432    78.0215
1179   73.2432    77.7466
1180   73.2432    77.3697
1181   73.1614    76.7757
1182   73.1614    76.8905
1183   73.1614    78.2888
1184   73.1614    78.3801
1185   73.1614    76.8888
1186   73.1614    76.4923
1187   73.1614    76.6616
1188   73.1614    75.248
1189   73.1614    74.4274
1190   73.1614    74.7983
1191   73.1614    75.4382
1192   73.1614    75.421
1193   73.1614    74.6515
1194   73.1614    76.5739
1195   73.1614    76.0457
1196   73.1614    77.372
1197   73.1614    78.4003
1198   73.1614    79.2921
1199   73.1614    77.1464
1200   73.1614    77.1989
1201   73.1614    74.5661
1202   73.1614    74.8826
1203   73.1614    74.8536
1204   73.1614    75.6467
1205   73.1614    76.3959
1206   73.1614    76.2495
1207   73.1614    76.5603
1208   73.1614    76.2897
1209   73.1614    75.781
1210   73.1614    76.7067
1211   73.1614    76.4512
1212   73.1614    76.3093
1213   73.1614    75.8775
1214   73.1614    77.2406
1215   73.1614    77.1982
1216   73.1614    77.0663
1217   73.1614    75.7715
1218   73.1614    76.9366
1219   73.1614    76.9266
1220   73.1614    77.5703
1221   73.1614    76.6307
1222   73.1614    75.5861
1223   73.1614    75.1452
1224   73.1614    76.042
1225   73.1614    76.8175
1226   73.1614    78.4822
1227   73.1614    78.0425
1228   73.1614    76.5911
1229   73.1614    76.7638
1230   73.1614    77.1709
1231   73.1614    78.1167
1232   73.1614    76.3835
1233   73.1614    75.8841
1234   73.1614    74.531
1235   73.1614    74.842
1236   73.1614    74.7245
1237   73.1614    76.4718
1238   73.1614    77.1652
1239   73.1614    77.6794
1240   73.1614    76.217
1241   73.1614    74.9975
1242   73.1614    76.0973
1243   73.1614    76.0994
1244   73.1614    75.7473
1245   73.1614    76.7914
1246   73.1614    76.4767
1247   73.1614    75.9077
1248   73.1614    75.2659
1249   73.1614    76.6603
1250   73.1614    76.6102
1251   73.1614    76.2551
1252   73.1614    76.099
1253   73.1614    75.8751
1254   73.1614    74.7834
1255   73.1614    75.2658
1256   73.1614    74.6297
1257   73.1614    76.2188
1258   73.1614    77.0652
1259   73.1614    78.8869
1260   73.1614    75.6647
1261   73.1614    75.6537
1262   73.1614    74.5876
1263   73.1614    74.374
1264   73.1614    74.5461
1265   73.1614    74.5898
1266   73.1614    74.0276
1267   73.1504    75.6825
1268   73.1504    75.4336
1269   73.1504    75.1088
1270   73.1504    75.2295
1271   73.1504    77.791
1272   73.1504    78.2322
1273   73.1504    78.1857
1274   73.1504    77.1011
1275   73.1504    76.2438
1276   73.1504    77.035
1277   73.1504    77.1057
1278   73.1504    75.4212
1279   73.1504    76.7121
1280   73.1504    77.9751
1281   73.1504    76.6081
1282   73.1504    75.373
1283   73.1504    77.6597
1284   73.1504    78.8404
1285   73.1504    77.6449
1286   73.1504    78.2806
1287   73.1504    79.7745
1288   73.1504    79.3176
1289   73.1504    80.9525
1290   73.1504    80.4927
1291   73.1504    77.9328
1292   73.1504    78.6014
1293   72.6797    77.2694
1294   72.6797    77.1402
1295   72.6797    78.0786
1296   72.6797    78.0824
1297   72.6797    76.4255
1298   72.6797    76.6435
1299   72.6797    76.049
1300   72.6797    75.9767
1301   72.6797    75.2784
1302   72.6797    75.0544
1303   72.6797    77.4575
1304   72.6797    77.3016
1305   72.6797    76.4828
1306   72.6797    76.0315
1307   72.6797    75.2572
1308   72.6797    75.96
1309   72.6797    75.5148
1310   72.6797    77.3606
1311   72.6797    77.6099
1312   72.6797    77.899
1313   72.6797    77.6973
1314   72.6797    79.3218
1315   72.6797    77.0628
1316   72.6797    76.6213
1317   72.6797    76.9742
1318   72.6797    77.4162
1319   72.6797    80.2944
1320   72.6797    78.2818
1321   72.6797    77.217
1322   72.6797    74.9851
1323   72.6797    73.9238
1324   72.6797    75.1846
1325   72.6797    74.8733
1326   72.6797    75.2314
1327   72.6797    75.3336
1328   72.6797    74.8911
1329   72.6797    75.0788
1330   72.6797    75.8393
1331   72.6797    75.7999
1332   72.6797    77.4201
1333   72.6797    77.7869
1334   72.6797    77.1462
1335   72.6797    75.1223
1336   72.6797    75.1513
1337   72.6797    76.2541
1338   72.6797    75.1902
1339   72.6797    74.6962
1340   72.6797    75.2981
1341   72.6797    76.3284
1342   72.6797    76.9111
1343   72.6797    76.1239
1344   72.6797    76.1032
1345   72.6797    75.4059
1346   72.6797    75.6818
1347   72.6797    74.6007
1348   72.6797    75.449
1349   72.6797    75.3388
1350   72.6797    78.4412
1351   72.6797    75.8073
1352   72.6797    77.1503
1353   72.6797    75.034
1354   72.6797    74.6298
1355   72.6797    74.831
1356   72.6797    75.2417
1357   72.6797    74.9628
1358   72.6797    73.8298
1359   72.6797    73.7319
1360   72.6797    74.7597
1361   72.6797    74.5841
1362   72.6797    74.2288
1363   72.6797    75.1381
1364   72.6797    76.8089
1365   72.6797    75.8044
1366   72.6797    76.5311
1367   72.6797    76.9546
1368   72.6797    75.7754
1369   72.6797    76.3991
1370   72.6797    76.3335
1371   72.6797    75.3211
1372   72.6797    75.2907
1373   72.6797    75.5367
1374   72.6797    74.216
1375   72.6797    74.7559
1376   72.6797    74.8947
1377   72.6797    76.896
1378   72.6797    76.8609
1379   72.6797    77.4871
1380   72.6797    76.6683
1381   72.6797    75.9192
1382   72.6797    75.273
1383   72.6797    77.3239
1384   72.6797    77.2133
1385   72.6797    77.4911
1386   72.6797    77.3147
1387   72.4473    75.4728
1388   72.4473    76.2306
1389   72.4473    75.9016
1390   72.4473    74.9722
1391   72.4473    75.044
1392   72.4473    74.5778
1393   72.4473    73.2083
1394   72.4473    74.1813
1395   72.4473    75.097
1396   72.4473    75.048
1397   72.4473    75.207
1398   72.4473    75.2578
1399   72.4473    74.7416
1400   72.4473    75.059
1401   72.4473    76.0745
1402   72.4473    77.18
1403   72.4473    76.3378
1404   72.4473    76.5242
1405   72.4473    77.6077
1406   72.4473    77.2022
1407   72.4473    77.6819
1408   72.4473    76.8808
1409   72.4473    75.5461
1410   72.4473    76.4439
1411   72.4473    76.0791
1412   72.4473    77.4041
1413   72.4473    74.2396
1414   72.4473    73.6112
1415   72.4473    72.8962
1416   72.4473    74.1438
1417   72.4473    74.1524
1418   72.4473    75.2109
1419   72.4473    74.3337
1420   72.4473    74.6465
1421   72.4473    75.3054
1422   72.4473    74.9028
1423   72.4473    74.1619
1424   72.4473    74.9505
1425   72.4473    74.0385
1426   72.4473    76.6274
1427   72.4473    75.4626
1428   72.4473    74.2552
1429   72.4473    73.7947
1430   72.4473    73.788
1431   72.4473    74.0547
1432   72.4473    73.9165
1433   72.4473    73.1069
1434   72.4473    73.5372
1435   72.4473    74.1082
1436   72.4473    74.6906
1437   72.4473    73.4427
1438   72.4473    73.7413
1439   72.4473    73.601
1440   72.4473    73.93
1441   72.4473    74.9639
1442   72.4473    75.803
1443   72.4473    75.2055
1444   72.4473    75.7893
1445   72.4473    75.2981
1446   72.4473    74.3268
1447   72.4473    76.4398
1448   72.4473    76.5279
1449   72.4473    77.3894
1450   72.4473    78.2035
1451   72.0842    75.8588
1452   72.0842    76.8328
1453   72.0842    76.9584
1454   72.0842    79.4102
1455   72.0842    78.3813
1456   72.0842    78.4584
1457   72.0842    78.1472
1458   72.0842    75.0427
1459   72.0842    74.8902
1460   72.0842    74.0811
1461   72.0842    74.2794
1462   72.0842    75.014
1463   72.0842    75.8908
1464   72.0842    75.0806
1465   72.0842    74.8285
1466   72.0842    76.1669
1467   72.0842    76.0794
1468   72.0842    77.4363
1469   72.0842    76.2856
1470   72.0842    76.0619
1471   72.0842    77.289
1472   72.0842    75.5819
1473   72.0842    75.3896
1474   72.0842    74.751
1475   72.0842    74.5034
1476   72.0842    73.3989
1477   72.0842    73.5785
1478   72.0842    74.5399
1479   72.0842    74.3225
1480   72.0842    76.2344
1481   72.0842    74.1904
1482   71.3457    74.4781
1483   71.3457    74.8025
1484   71.3457    75.1252
1485   71.3457    75.0045
1486   71.3457    75.1179
1487   70.8679    74.0453
1488   70.8679    75.0393
1489   70.8679    75.9763
1490   70.8679    75.9501
1491   70.8679    74.8325
1492   70.8679    73.8953
1493   70.8679    72.7139
1494   70.8679    75.0842
1495   70.8679    74.2573
1496   70.8679    74.8614
1497   70.8679    77.2004
1498   70.8679    78.6248
1499   70.8679    77.0611
1500   70.8679    73.8234
1501   70.8679    74.3813
1502   70.7644    75.1678
1503   70.7644    74.4926
1504   70.7644    74.1561
1505   70.7644    75.1375
1506   70.7644    74.0846
1507   70.7644    74.2923
1508   70.7644    72.8313
1509   70.7644    73.8766
1510   70.7644    76.3853
1511   70.7644    74.5379
1512   70.7644    75.4533
1513   70.7644    75.4102
1514   70.7644    74.76
1515   70.7644    73.4942
1516   70.7644    74.7877
1517   70.7644    72.9982
1518   70.7644    74.3767
1519   70.7644    74.8194
1520   70.7644    74.133
1521   70.7644    74.045
1522   70.7644    74.4378
1523   70.7644    73.95
1524   70.7644    74.4577
1525   70.7644    73.5505
1526   70.7644    73.8119
1527   70.7644    73.1598
1528   70.7644    72.7147
1529   70.7644    72.5578
1530   70.7644    73.0045
1531   70.7644    72.4503
1532   70.7644    72.677
1533   70.7644    73.2711
1534   70.7644    72.8812
1535   70.7644    72.2267
1536   70.7644    73.5195
1537   70.7644    73.5751
1538   70.7644    73.8135
1539   70.7644    74.9055
1540   70.7644    75.729
1541   70.7644    73.9961
1542   70.7644    74.0931
1543   70.7644    74.2391
1544   70.7644    75.0683
1545   70.7644    73.765
1546   70.7644    73.5382
1547   70.7644    74.1783
1548   70.7644    74.0606
1549   70.7644    73.7912
1550   70.7644    72.8198
1551   70.7644    71.8347
1552   70.7644    73.3593
1553   70.7644    74.9406
1554   70.7644    76.4109
1555   70.7644    75.4145
1556   70.7644    72.9515
1557   70.7644    73.4258
1558   70.7644    74.7761
1559   70.7644    73.5957
1560   70.7644    74.4153
1561   70.7644    74.8823
1562   70.7644    74.5274
1563   70.7644    73.9834
1564   70.7644    74.1088
1565   70.7644    73.5847
1566   70.7644    73.087
1567   70.7644    73.1703
1568   70.7644    74.8508
1569   70.7644    73.04
1570   70.7644    75.5009
1571   70.7644    74.5443
1572   70.7644    74.8383
1573   70.7644    73.6402
1574   70.7644    73.8382
1575   70.7644    73.1083
1576   70.7644    73.5055
1577   70.7644    75.4162
1578   70.7644    73.993
1579   70.7644    75.1229
1580   70.7644    75.0033
1581   70.7644    73.3708
1582   70.7644    73.5244
1583   70.7644    72.7684
1584   70.7644    72.5133
1585   70.7644    71.8677
1586   70.7644    73.2263
1587   70.7644    74.0572
1588   70.7644    75.1886
1589   70.7644    75.6895
1590   70.7644    73.6348
1591   70.7644    74.4186
1592   70.7644    73.7231
1593   70.7644    74.2447
1594   70.7644    73.7563
1595   70.7644    74.0004
1596   70.7644    73.3837
1597   70.7644    73.1979
1598   70.7644    73.5094
1599   70.7644    72.1278
1600   70.7644    72.871
1601   70.7644    73.8794
1602   70.7644    74.0744
1603   70.7644    77.0115
1604   70.7644    74.844
1605   70.7644    73.25
1606   70.473    73.3145
1607   70.473    73.1786
1608   70.473    72.5103
1609   70.473    71.9892
1610   70.473    73.345
1611   70.473    72.3651
1612   70.473    72.4835
1613   70.473    73.4757
1614   70.473    72.9237
1615   70.473    74.3289
1616   70.473    73.9264
1617   70.473    74.0461
1618   70.473    72.8933
1619   70.473    73.8806
1620   70.473    73.7793
1621   70.473    75.3909
1622   70.473    75.0531
1623   70.473    74.5456
1624   70.473    74.1356
1625   70.473    73.1424
1626   70.473    74.2051
1627   70.473    72.7364
1628   70.473    71.9259
1629   70.473    72.2723
1630   70.473    71.914
1631   70.473    74.2352
1632   70.473    73.7448
1633   70.473    72.9026
1634   70.473    74.4441
1635   70.473    77.2066
1636   70.473    74.6388
1637   70.473    75.7402
1638   70.473    72.912
1639   70.473    73.0233
1640   70.473    73.7331
1641   70.2241    73.4024
1642   70.2241    75.1153
1643   70.2241    74.3746
1644   70.2241    74.0898
1645   70.2241    73.909
1646   70.2241    72.3381
1647   70.2241    72.2208
1648   70.2241    72.1313
1649   70.2241    71.6602
1650   70.2241    72.0064
1651   70.2241    72.4021
1652   70.2241    73.4793
1653   70.2241    72.5307
1654   70.2241    72.7666
1655   70.2241    73.5839
1656   70.2241    72.9688
1657   70.2241    74.0137
1658   70.2241    73.8112
1659   70.2241    74.0297
1660   70.2241    75.4598
1661   70.2241    74.5362
1662   70.2241    73.557
1663   70.2241    73.7865
1664   70.2241    73.7743
1665   70.2241    73.8306
1666   70.2241    72.8244
1667   70.2241    72.9583
1668   70.2241    78.0199
1669   70.2241    76.3181
1670   70.2241    75.56
1671   70.2241    74.4007
1672   70.2241    74.4724
1673   70.2241    74.0985
1674   70.2241    76.0589
1675   70.2241    74.249
1676   70.2241    74.7406
1677   70.2241    73.8669
1678   70.2241    73.0632
1679   70.2241    74.5037
1680   70.2241    74.3754
1681   70.2241    74.5781
1682   70.2241    73.8305
1683   70.2241    73.4001
1684   70.2241    72.7299
1685   70.2241    72.2768
1686   70.2241    71.9662
1687   70.2241    71.308
1688   70.2241    72.3678
1689   70.2241    74.0858
1690   70.2241    73.9707
1691   70.2241    74.4777
1692   70.2241    72.7407
1693   70.2241    73.6302
1694   70.2241    76.1502
1695   70.2241    75.6557
1696   70.2241    74.5773
1697   70.2241    73.5385
1698   70.2241    74.9841
1699   70.2241    75.4079
1700   70.2241    75.0341
1701   70.2241    76.3951
1702   70.2241    77.0228
1703   70.2241    75.1163
1704   70.2241    75.106
1705   70.2241    73.8592
1706   70.2241    72.9113
1707   70.2241    74.6785
1708   70.2241    74.6732
1709   70.2241    74.3573
1710   70.2241    74.5928
1711   70.2241    75.1965
1712   70.2241    77.3059
1713   70.2241    75.7364
1714   70.2241    76.2062
1715   70.2241    75.1444
1716   70.2241    72.9314
1717   70.2241    73.5132
1718   70.2241    71.5757
1719   70.2241    71.2936
1720   70.2241    71.1005
1721   70.2241    71.1257
1722   70.2241    72.1166
1723   70.2241    72.5586
1724   70.2241    73.4615
1725   70.2241    73.0835
1726   70.2241    72.467
1727   70.2241    72.0859
1728   70.2241    73.09
1729   70.2241    73.2562
1730   70.2241    71.9071
1731   70.2241    72.4977
1732   70.2241    72.7502
1733   70.2241    74.4045
1734   70.2241    75.8147
1735   70.2241    74.7197
1736   70.2241    76.1562
1737   70.2241    74.749
1738   70.2241    74.7759
1739   70.2241    73.8199
1740   70.2241    71.7902
1741   70.2241    72.2033
1742   70.2241    73.7128
1743   70.2241    73.6584
1744   70.2241    73.0972
1745   70.2241    72.0536
1746   70.2241    72.2248
1747   70.2241    71.5301
1748   70.2241    72.2499
1749   70.2241    72.1148
1750   70.2241    72.9188
1751   70.2241    72.3311
1752   70.2241    73.1926
1753   70.2241    74.5663
1754   70.2241    74.2109
1755   70.2241    72.8319
1756   70.2241    73.4294
1757   70.2241    73.6014
1758   70.2241    72.9788
1759   70.2241    71.9245
1760   70.2241    73.8236
1761   70.2241    74.3102
1762   70.2241    74.2501
1763   70.2241    72.8665
1764   70.2241    72.4184
1765   70.2241    72.8835
1766   70.2241    72.5355
1767   70.2241    72.7751
1768   70.2241    73.8253
1769   70.2241    73.7543
1770   70.2241    72.707
1771   70.2241    74.4166
1772   70.2241    74.8545
1773   70.2241    74.454
1774   70.2241    74.6841
1775   70.2241    72.517
1776   70.2241    71.8913
1777   70.2241    72.1518
1778   70.2241    72.6862
1779   70.2241    73.5628
1780   70.2241    72.3645
1781   70.2241    74.2883
1782   70.2241    74.8251
1783   70.2241    73.0524
1784   70.2241    72.7122
1785   70.2241    72.9901
1786   70.2241    72.0815
1787   70.2241    71.0048
1788   70.2241    72.3723
1789   70.2241    71.5215
1790   70.2241    71.788
1791   70.2241    72.207
1792   70.2241    71.7405
1793   70.2241    71.5012
1794   70.2241    72.107
1795   70.2241    72.0896
1796   70.2241    72.6779
1797   70.2241    72.2593
1798   70.2241    71.932
1799   70.2241    71.8088
1800   70.2241    71.3281
1801   70.2241    71.7325
1802   70.2241    72.5671
1803   70.2241    73.1532
1804   70.2241    73.6111
1805   70.2241    73.176
1806   70.2241    73.2137
1807   70.2241    73.1014
1808   70.2241    73.2824
1809   70.2241    72.7094
1810   70.2241    72.3011
1811   70.2241    71.8204
1812   70.2241    73.4656
1813   70.2241    72.7827
1814   70.2241    73.2155
1815   70.2241    73.1164
1816   70.2241    73.6652
1817   70.2241    74.1158
1818   70.2241    73.9459
1819   70.2241    72.4639
1820   70.2241    73.969
1821   70.2241    74.4605
1822   70.2241    72.6361
1823   70.2241    73.324
1824   70.2241    73.4972
1825   70.2241    73.5005
1826   70.2241    74.7717
1827   70.2241    72.7787
1828   70.2241    73.8941
1829   70.2241    73.6829
1830   70.2241    75.9865
1831   70.2241    76.1238
1832   70.2241    75.0763
1833   70.2241    72.842
1834   70.2241    74.6102
1835   70.2241    74.0298
1836   70.2241    73.04
1837   70.2241    73.0908
1838   70.2241    72.5483
1839   70.2241    72.5287
1840   70.2241    73.0818
1841   70.2241    73.0858
1842   70.2241    72.1268
1843   70.2241    71.4832
1844   70.2241    71.5294
1845   70.2241    72.3017
1846   70.2241    73.2983
1847   70.2241    72.6726
1848   70.2241    73.1806
1849   70.2241    72.0666
1850   70.2241    71.2399
1851   70.2241    72.3188
1852   70.2241    72.4568
1853   70.2241    72.5934
1854   70.2241    72.6981
1855   70.2241    72.7338
1856   70.2241    74.6189
1857   70.2241    73.6975
1858   70.2241    74.4486
1859   70.2241    73.8667
1860   70.2241    73.7523
1861   70.2241    73.0283
1862   70.2241    73.6456
1863   70.2241    73.0193
1864   70.2241    72.5114
1865   70.2241    74.107
1866   70.2241    72.1052
1867   70.2241    72.0055
1868   70.2241    71.9237
1869   70.2241    72.2281
1870   70.2241    72.2746
1871   70.2241    72.8157
1872   70.2241    72.7419
1873   70.2241    71.4733
1874   70.2241    71.9274
1875   70.2241    71.2377
1876   70.2241    73.6913
1877   70.2241    73.3088
1878   70.2241    75.4493
1879   70.2241    74.1924
1880   70.2241    73.9191
1881   70.2241    74.0631
1882   70.2241    72.6057
1883   70.2241    71.8376
1884   70.2241    72.1797
1885   70.2241    72.1554
1886   70.2241    72.5999
1887   70.2241    71.1176
1888   70.2241    71.4257
1889   70.2241    72.05
1890   70.2241    73.423
1891   70.2241    74.3186
1892   70.2241    74.7799
1893   70.2241    73.8475
1894   70.2241    74.0337
1895   70.2241    73.209
1896   70.2241    74.0084
1897   70.2241    74.4866
1898   70.2241    72.6583
1899   70.2241    74.0697
1900   70.2241    73.8399
1901   70.2241    76.4693
1902   70.2241    76.3405
1903   70.2241    74.2702
1904   70.2241    73.5287
1905   70.2241    74.024
1906   70.2241    73.1891
1907   70.2241    72.5361
1908   70.2241    72.6473
1909   70.2241    73.1107
1910   70.2241    72.2505
1911   70.2241    71.6522
1912   70.2241    72.3553
1913   70.2241    72.5698
1914   70.2241    73.2514
1915   70.2241    74.015
1916   70.2241    74.023
1917   70.2241    72.79
1918   70.2241    72.6334
1919   70.2241    73.6585
1920   70.2241    75.0434
1921   70.2241    74.9661
1922   70.2241    77.5637
1923   70.2241    77.4329
1924   70.2241    73.7851
1925   70.2241    74.0145
1926   70.2241    71.4954
1927   70.2241    73.7537
1928   70.2241    73.4524
1929   70.2241    74.7753
1930   70.2241    76.1009
1931   70.2241    73.6222
1932   70.2241    73.8704
1933   70.2241    73.4773
1934   70.2241    76.2172
1935   70.2241    75.0698
1936   70.2241    74.1737
1937   70.2241    73.6446
1938   70.2241    73.729
1939   70.2241    72.792
1940   70.2241    72.9385
1941   70.2241    72.1005
1942   70.2241    72.0999
1943   70.2241    72.4077
1944   70.2241    71.2647
1945   70.2241    71.7781
1946   70.2241    73.474
1947   70.2241    72.7075
1948   70.2241    72.6501
1949   70.2241    73.0925
1950   70.2241    74.4605
1951   70.2241    73.0041
1952   70.2241    73.3927
1953   70.2241    73.3829
1954   70.2241    73.3452
1955   70.2241    74.0317
1956   70.2241    74.2343
1957   70.2241    73.0502
1958   70.2241    72.4516
1959   70.2241    73.5023
1960   70.2241    72.0905
1961   70.2241    71.8606
1962   70.2241    73.2341
1963   70.2241    73.5323
1964   70.2241    72.7692
1965   70.2241    73.0737
1966   70.2241    72.4684
1967   70.2241    75.2856
1968   70.2241    74.8571
1969   70.2241    73.7092
1970   70.2241    73.6323
1971   70.2241    73.5287
1972   70.2241    72.5329
1973   70.2241    72.8762
1974   70.2241    72.961
1975   70.2241    74.158
1976   70.2241    72.9901
1977   70.2241    71.7105
1978   70.2241    72.1922
1979   70.2241    73.9701
1980   70.2241    72.8724
1981   70.2241    73.3111
1982   70.2241    75.2486
1983   70.2241    74.7302
1984   70.2241    73.683
1985   70.2241    72.2986
1986   70.2241    71.9771
1987   70.2241    72.2672
1988   70.2241    72.168
1989   70.2241    72.2061
1990   70.2241    72.0645
1991   70.2241    72.4709
1992   70.2241    71.7027
1993   70.2241    72.5205
1994   70.2241    71.5591
1995   70.2241    73.2947
1996   70.2241    73.2794
1997   70.2241    72.8046
1998   70.2241    73.2042
1999   70.2241    74.6364
2000   70.2241    74.0796
