1   427.372    492.84
2   427.372    473.115
3   420.373    452.611
4   410.999    437.727
5   410.849    428.684
6   395.434    423.564
7   389.257    416.98
8   386.475    407
9   374.941    398.294
10   374.813    390.777
11   365.605    384.144
12   363.387    380.077
13   363.387    376.195
14   354.564    372.265
15   349.666    366.957
16   344.293    360.916
17   343.193    357.059
18   338.808    354.37
19   336.407    351.252
20   324.974    346.887
21   321.517    339.971
22   317.548    334.978
23   316.062    330.298
24   310.614    325.427
25   310.614    321.529
26   310.127    318.74
27   305.166    316.887
28   303.064    314.147
29   301.114    311.096
30   299.806    308.137
31   299.806    306.444
32   294.297    304.365
33   293.114    302.564
34   287.924    300.525
35   282.457    300.27
36   282.457    295.201
37   278.966    290.375
38   278.966    287.476
39   275.591    284.832
40   272.994    282.904
41   270.357    282.579
42   266.577    280.544
43   266.577    277.807
44   266.577    277.474
45   264.794    276.239
46   262.57    272.744
47   257.944    269.466
48   257.807    267.116
49   250.945    264.025
50   248.193    260.568
51   248.193    259.115
52   247.981    256.657
53   246.039    253.482
54   241.394    251.134
55   240.234    251.303
56   240.081    247.768
57   238.92    246.947
58   236.533    245.078
59   234.114    243.797
60   230.779    240.869
61   230.779    238.167
62   230.334    235.727
63   229.084    234.576
64   227.458    233.502
65   227.222    234.784
66   225.944    234.49
67   224.38    234.364
68   224.38    233.964
69   223.875    231.23
70   221.761    231.477
71   220.931    227.8
72   217.48    226.317
73   217.48    223.305
74   213.479    222.224
75   213.479    221.352
76   213.479    219.209
77   205.216    217.755
78   205.216    217.181
79   204.333    215.506
80   203.423    214.12
81   201.651    211.804
82   201.632    210.53
83   199.238    210.608
84   199.238    208.907
85   198.315    207.605
86   198.315    206.411
87   197.002    203.877
88   197.002    202.308
89   197.002    202.548
90   194.07    203.256
91   194.07    203.047
92   194.029    200.345
93   191.259    197.618
94   190.691    196.658
95   189.984    197.126
96   189.984    196.291
97   186.984    193.789
98   186.984    193.341
99   182.429    191.466
100   182.429    190.346
101   181.552    187.267
102   179.854    185.565
103   178.027    184.523
104   175.452    184.126
105   175.452    182.658
106   175.452    179.937
107   175.353    179.233
108   174.558    180.309
109   172.996    180.118
110   167.886    178.443
111   166.265    176.299
112   164.358    174.257
113   164.15    172.777
114   162.186    170.79
115   162.185    169.889
116   162.185    168.341
117   161.655    167.222
118   159.956    165.238
119   159.956    164.059
120   158.642    163.191
121   157.651    162.394
122   157.651    162.027
123   157.206    160.635
124   156.687    159.8
125   156.687    158.542
126   156.687    158.876
127   154.965    159.014
128   154.965    159.508
129   154.965    158.381
130   154.965    158.794
131   154.055    158.729
132   154.055    158.057
133   152.878    158.257
134   151.968    158.832
135   151.968    159.873
136   151.968    157.464
137   151.968    156.017
138   147.312    155.887
139   147.312    157.082
140   147.312    158.045
141   147.312    159.298
142   147.312    157.908
143   147.312    155.389
144   147.312    154.75
145   144.672    152.131
146   144.672    150.17
147   144.672    151
148   144.626    150.076
149   144.626    148.288
150   142.869    147.933
151   142.869    145.992
152   141.556    147.711
153   141.556    146.083
154   141.556    145.346
155   139.827    144.634
156   139.827    144.47
157   139.827    143.033
158   139.61    142.36
159   138.25    141.297
160   138.25    141.928
161   138.108    142.576
162   137.471    143.721
163   137.471    142.328
164   137.329    140.271
165   137.329    140.63
166   137.28    138.828
167   135.141    139.855
168   135.141    140.669
169   135.141    141.558
170   134.818    140.915
171   134.818    138.388
172   133.938    138.019
173   133.938    138.464
174   133.715    137.807
175   133.715    137.782
176   133.715    136.123
177   132.247    137.958
178   132.247    138.063
179   132.247    137.57
180   130.884    136.959
181   130.884    136.133
182   130.884    135.967
183   130.884    134.884
184   130.062    134.136
185   130.062    132.825
186   129.739    132.277
187   129.739    132.171
188   129.739    131.999
189   129.739    130.848
190   128.281    130.762
191   128.281    131.104
192   127.104    130.808
193   127.104    130.851
194   127.104    131.09
195   126.705    131.182
196   125.99    131.329
197   125.605    130.474
198   125.57    130.841
199   125.57    132.776
200   125.171    131.97
201   124.456    132.574
202   124.456    131.499
203   124.057    130.827
204   123.79    128.471
205   123.174    128.535
206   122.537    128.363
207   121.921    127.667
208   121.921    126.955
209   121.921    124.86
210   121.921    124.723
211   121.893    123.229
212   120.374    124.165
213   120.303    124.022
214   119.334    123.618
215   118.619    122.04
216   118.548    121.538
217   117.613    121.547
218   117.613    122.871
219   117.28    123.335
220   116.883    123.779
221   116.633    123.069
222   113.478    120.84
223   113.478    121.755
224   113.478    119.997
225   113.478    118.17
226   113.478    116.756
227   113.478    115.749
228   111.789    116.321
229   111.789    116.317
230   111.63    115.335
231   111.63    114.194
232   110.267    115.022
233   109.541    114.826
234   109.541    113.81
235   109.297    114.186
236   109.264    113.262
237   108.808    114.57
238   108.808    113.822
239   108.808    113.879
240   108.431    114.738
241   108.431    112.793
242   107.246    114.309
243   107.246    114.018
244   106.531    112.871
245   106.531    111.708
246   106.531    111.606
247   106.531    111.528
248   106.531    112.994
249   106.531    112.548
250   105.804    110.889
251   105.804    111.116
252   105.804    111.429
253   105.804    109.959
254   105.804    109.006
255   104.532    108.599
256   104.532    108.211
257   104.532    107.145
258   104.532    107.895
259   104.326    107.661
260   104.326    107.021
261   104.257    106.583
262   104.257    107.517
263   104.257    108.276
264   104.257    107.759
265   102.968    107.741
266   102.853    107.81
267   102.853    108.466
268   102.473    107.242
269   102.005    106.531
270   101.626    107.494
271   101.626    108.401
272   101.626    109.07
273   101.626    108.03
274   100.017    106.646
275   100.017    105.026
276   99.8297    103.267
277   99.5743    103.533
278   99.5743    103.725
279   99.5743    104.62
280   99.5743    103.343
281   99.5743    102.472
282   99.5374    102.888
283   99.2958    103.236
284   99.2958    102.489
285   99.2958    103.637
286   99.2958    102.668
287   99.2958    101.913
288   99.2958    101.703
289   99.2958    102.691
290   99.2958    100.451
291   99.2958    100.666
292   99.2958    101.364
293   99.2958    101.844
294   99.2958    100.471
295   99.2958    100.705
296   98.787    101.694
297   98.787    104.248
298   98.787    103.496
299   98.787    101.935
300   98.1746    101.648
301   98.1746    100.326
302   98.1746    102.922
303   98.1746    102.346
304   97.7179    102.524
305   97.7179    102.601
306   97.7179    102.661
307   97.7179    104.951
308   97.7179    105.34
309   97.7179    106.597
310   97.7179    107.384
311   97.7179    106.29
312   97.7179    106.067
313   97.7179    105.767
314   97.7179    105.863
315   97.7179    106.218
316   97.7179    105.014
317   97.7179    103.721
318   97.7179    102.077
319   97.7179    103.62
320   97.7179    101.154
321   97.7179    101.179
322   97.7179    101.201
323   97.7179    100.087
324   97.7179    101.427
325   97.7179    105.357
326   97.7179    106.78
327   97.7179    106.695
328   97.7179    105.445
329   97.7179    104.998
330   97.7179    103.156
331   97.7179    104.782
332   97.7179    103.774
333   97.7179    103.461
334   97.7179    102.965
335   97.7179    102.669
336   97.7179    101.949
337   97.7179    101.27
338   96.9154    100.625
339   96.9154    101.494
340   96.2331    99.6327
341   96.2331    99.6924
342   96.2331    99.9186
343   95.7879    98.3265
344   95.7879    99.7951
345   95.7879    99.898
346   93.9554    101.302
347   93.9554    103.195
348   93.9554    101.925
349   93.0225    100.188
350   93.0225    99.4488
351   93.0225    98.9324
352   93.0225    97.5864
353   92.7821    97.3262
354   92.7821    97.5913
355   92.7821    96.5985
356   92.7821    96.7704
357   92.7821    97.5189
358   92.7821    98.1164
359   92.7821    97.1821
360   92.574    96.4902
361   92.574    96.2174
362   92.574    96.3712
363   92.574    95.9225
364   92.574    96.8235
365   92.574    95.169
366   92.574    95.5098
367   92.318    95.6448
368   92.318    94.7371
369   92.318    95.3894
370   92.2896    96.4297
371   91.9392    95.7142
372   91.9392    96.4607
373   91.9109    95.6323
374   91.9109    95.1546
375   91.9109    95.3357
376   91.9109    96.3581
377   91.9109    97.377
378   91.9109    94.9836
379   91.9109    94.8399
380   91.9109    95.7057
381   91.9109    96.7592
382   91.9109    95.9813
383   91.9109    95.0424
384   91.9109    97.2554
385   91.9109    100.052
386   91.9109    102.703
387   91.9109    102.672
388   91.9109    101.379
389   91.9109    100.374
390   91.9109    99.2363
391   91.9109    96.334
392   91.9109    95.9503
393   91.9109    95.7367
394   91.9109    95.2378
395   91.9109    95.5792
396   91.9109    93.5518
397   91.3592    93.9218
398   91.3592    94.4618
399   91.3592    94.6219
400   90.5072    96.5111
401   90.5072    95.6015
402   90.5072    94.8569
403   90.5072    93.6486
404   90.0098    94.1671
405   90.0098    93.3329
406   90.0098    93.8219
407   89.0811    93.0009
408   89.0811    94.1935
409   89.0811    94.6414
410   88.6138    94.3758
411   88.6138    96.0119
412   88.5825    94.3105
413   88.5825    96.314
414   88.5825    94.976
415   88.5825    94.3443
416   88.5825    92.9687
417   88.5825    91.9321
418   88.5825    90.4737
419   88.5825    91.0639
420   88.5825    91.6332
421   88.4604    92.1053
422   88.4604    92.6423
423   88.4604    93.0792
424   88.4604    92.8066
425   87.9584    92.1004
426   87.9584    93.4054
427   87.9271    93.7241
428   87.9271    92.5876
429   87.805    92.0328
430   87.805    90.2938
431   87.805    89.9928
432   87.805    90.4927
433   87.805    91.3541
434   87.805    89.9754
435   87.805    90.6158
436   87.805    89.0099
437   87.805    89.4512
438   87.805    90.6291
439   87.805    91.4912
440   87.805    91.3798
441   87.805    90.8038
442   87.805    92.1353
443   87.805    91.3408
444   87.0088    91.9237
445   87.0088    90.3134
446   87.0088    89.6645
447   87.0088    88.9169
448   87.0088    88.5481
449   86.4896    89.4154
450   86.4896    90.9368
451   86.4896    92.2425
452   86.4896    92.5824
453   86.4896    91.7562
454   86.4896    92.3654
455   86.4896    90.914
456   86.4896    90.8873
457   86.4896    91.0278
458   86.4896    91.3657
459   86.4896    92.0222
460   86.4896    90.5209
461   86.4896    90.6738
462   86.4896    89.6914
463   86.4896    89.7046
464   86.2824    91.6382
465   86.2824    92.2146
466   86.2824    90.7273
467   86.2824    89.716
468   86.2824    88.5625
469   86.2824    88.2519
470   86.2824    87.9288
471   86.2824    89.9099
472   86.2824    88.9601
473   86.0343    89.6556
474   86.0343    89.8207
475   86.0097    89.3385
476   86.0097    90.0634
477   85.9755    92.1077
478   85.874    90.5154
479   85.874    89.5486
480   85.874    92.3926
481   85.7274    92.4662
482   85.7274    90.5402
483   85.4903    90.6684
484   85.4903    90.767
485   85.4903    91.4428
486   85.4903    89.8068
487   85.4903    89.7081
488   85.3399    89.4678
489   85.3399    89.1975
490   85.3399    88.8145
491   85.3399    89.5974
492   85.3399    89.6731
493   85.3399    89.5871
494   85.2385    88.8867
495   85.1594    87.447
496   85.1594    87.6548
497   85.1594    87.8348
498   85.0581    89.6965
499   85.0581    90.0084
500   85.0581    90.9256
501   85.0581    91.4847
502   84.5633    90.7127
503   84.5633    89.4817
504   84.5633    87.6063
505   84.5633    87.1906
506   84.4286    86.4273
507   84.4286    86.5384
508   84.4286    88.1246
509   84.4286    88.4405
510   84.4286    89.5027
511   84.4286    86.8112
512   84.4286    87.3336
513   84.4286    88.1686
514   84.4286    86.676
515   84.4286    88.3763
516   84.4286    89.4373
517   84.4286    91.9684
518   84.4286    93.9268
519   84.4286    95.9355
520   84.4286    93.8547
521   84.4286    92.0347
522   84.4182    91.5869
523   84.4182    89.314
524   84.4182    88.9349
525   84.3485    88.3676
526   84.3485    88.2507
527   84.3485    88.5911
528   84.3485    89.213
529   84.3485    89.21
530   84.3485    87.6478
531   84.3485    89.0616
532   84.3485    88.2125
533   84.0241    86.8516
534   84.0241    87.8784
535   84.0241    88.3355
536   84.0241    86.8631
537   84.0241    87.3335
538   84.0241    87.9636
539   84.0241    89.5782
540   84.0241    87.8333
541   84.0241    87.5563
542   84.0241    89.1423
543   84.0241    88.9986
544   84.0241    88.7927
545   84.0241    87.4104
546   84.0241    86.7183
547   84.0241    86.271
548   84.0241    86.6729
549   84.0241    86.6879
550   84.0241    85.868
551   84.0241    86.71
552   83.5831    87.794
553   83.5831    87.6072
554   83.1531    87.3928
555   83.1531    87.3498
556   83.1531    87.6814
557   82.8245    87.0445
558   82.8245    86.4249
559   82.8245    85.4271
560   82.8245    85.7576
561   82.8245    86.8799
562   82.8245    86.9045
563   82.8245    87.8235
564   82.8245    88.3325
565   82.3384    87.8855
566   82.3384    86.1045
567   81.0397    85.9728
568   81.0397    85.0159
569   81.0136    86.0841
570   81.0136    84.6058
571   81.0136    82.2851
572   81.0136    82.7434
573   81.0136    82.265
574   81.0136    83.113
575   81.0136    83.8173
576   81.0136    85.2568
577   80.2454    83.8354
578   80.2454    84.1083
579   80.2454    86.4919
580   80.2454    84.7227
581   80.2454    83.9956
582   80.2454    85.6814
583   80.2454    85.1796
584   80.2454    82.6762
585   80.2454    83.7231
586   80.2454    84.4664
587   80.2454    85.5572
588   80.2454    83.8889
589   80.2454    82.7303
590   80.2454    84.2637
591   80.2454    85.2531
592   80.2454    86.375
593   80.2454    85.5829
594   80.2454    83.766
595   80.2454    83.4388
596   80.2454    82.6713
597   80.2454    83.2261
598   80.2454    84.2602
599   80.2454    82.9637
600   80.2454    82.876
601   80.2454    83.5842
602   80.2454    83.0405
603   80.2454    83.3672
604   80.2454    82.7366
605   80.2454    82.3029
606   80.2454    82.0052
607   80.2454    83.3615
608   80.2454    84.2041
609   80.2454    84.7541
610   80.2454    85.0187
611   79.9041    82.5648
612   79.7919    82.2118
613   79.7919    81.6766
614   79.7919    82.9885
615   79.7919    82.126
616   79.7919    84.1033
617   79.7919    83.0555
618   79.7919    83.7483
619   79.7919    83.5929
620   79.7919    83.0449
621   79.7919    81.7441
622   79.7919    82.189
623   79.7919    81.4601
624   79.7919    82.7599
625   79.7919    83.6343
626   79.7919    83.1559
627   79.7919    81.4728
628   79.7919    81.5172
629   79.7919    81.8306
630   79.7145    81.5338
631   79.7145    83.4373
632   79.7145    83.7352
633   79.7145    84.448
634   79.7145    83.4783
635   79.7145    83.8654
636   79.7145    83.3288
637   79.7145    83.1973
638   79.7145    82.3596
639   79.5156    82.9885
640   79.5156    84.5345
641   79.0196    83.1087
642   79.0196    81.7996
643   79.0196    82.6534
644   79.0196    82.5899
645   79.0196    84.0214
646   79.0196    82.5446
647   79.0196    83.5606
648   79.0196    83.0632
649   78.604    83.1815
650   78.604    83.6301
651   78.604    84.2731
652   78.604    82.9431
653   78.604    83.3415
654   78.604    82.7806
655   78.604    83.2323
656   78.604    83.4621
657   78.604    81.647
658   78.604    82.303
659   78.604    82.3628
660   78.604    81.9129
661   78.604    82.5068
662   78.604    84.7309
663   78.604    84.1267
664   78.604    84.453
665   78.604    83.9005
666   78.604    81.8187
667   78.604    81.237
668   78.604    81.1152
669   78.604    80.9381
670   78.604    81.9955
671   78.604    81.3349
672   78.604    80.6334
673   78.121    81.0416
674   78.121    79.5242
675   78.121    81.0789
676   78.121    81.2509
677   78.121    80.1214
678   78.121    79.8237
679   78.0151    79.1369
680   78.0151    79.62
681   78.0151    79.2071
682   77.6962    79.5956
683   77.6962    81.7758
684   77.5903    81.5014
685   77.5903    80.3247
686   77.5903    81.227
687   77.5903    81.5857
688   77.5903    80.7841
689   77.5903    81.1725
690   77.0107    80.0283
691   77.0107    79.584
692   77.0107    79.143
693   76.718    79.3072
694   76.718    78.5396
695   76.718    79.2809
696   76.718    79.7982
697   76.718    80.2877
698   76.718    81.6024
699   76.718    81.0074
700   76.718    80.0663
701   76.718    80.2464
702   76.718    79.9178
703   76.718    80.5875
704   76.718    81.1199
705   76.718    81.2041
706   76.718    79.8106
707   76.718    78.2431
708   76.718    77.8768
709   76.718    78.5119
710   76.718    78.683
711   76.718    78.3238
712   76.718    77.8886
713   76.718    78.2611
714   76.718    80.0556
715   76.718    80.8335
716   76.718    82.3753
717   76.718    84.5405
718   76.718    83.245
719   76.718    84.2562
720   76.718    82.4769
721   76.718    81.9704
722   76.718    79.193
723   76.718    80.1163
724   76.718    80.7392
725   76.2726    80.0891
726   76.2726    79.4542
727   76.2726    80.0123
728   76.2726    79.1061
729   76.2726    79.439
730   76.2726    78.9577
731   76.2726    78.7294
732   76.2726    78.8199
733   76.2726    78.9433
734   76.2726    78.7573
735   76.2726    80.662
736   76.2726    81.3385
737   76.2726    80.7617
738   76.2726    81.3254
739   76.2726    81.1098
740   76.2726    81.1853
741   76.2726    79.6657
742   76.2726    81.424
743   76.2726    79.8635
744   76.2726    79.9499
745   76.2726    80.972
746   76.2726    81.5495
747   76.2726    79.1744
748   76.2726    79.9056
749   76.2726    77.9733
750   76.2726    77.7382
751   76.2726    79.4668
752   76.2726    79.639
753   76.2726    82.6249
754   76.2726    83.0913
755   76.2726    82.7235
756   76.2726    80.704
757   76.2726    80.1943
758   76.2726    79.6066
759   76.2726    78.5573
760   76.2726    79.9251
761   76.2726    79.2298
762   76.2726    79.3777
763   76.2726    79.2418
764   76.2726    78.366
765   76.2726    77.7564
766   76.2726    77.7304
767   76.2726    77.0467
768   76.2726    77.0336
769   76.2726    77.9476
770   76.2726    79.1616
771   76.2726    78.5466
772   76.2726    77.1364
773   76.2726    77.878
774   76.2726    79.3589
775   76.2726    78.9689
776   76.2726    77.2474
777   76.2726    77.4623
778   76.2726    77.5967
779   76.2726    77.1142
780   76.2726    78.4417
781   75.8266    80.1936
782   75.8266    81.5526
783   75.8266    81.0953
784   75.8266    79.7649
785   75.8266    80.9273
786   75.8266    79.1605
787   75.8266    79.2533
788   75.8266    79.7974
789   75.8266    79.1573
790   75.8266    78.6378
791   75.8266    78.0236
792   75.8266    79.1039
793   75.8266    78.4891
794   75.8266    78.1579
795   75.8266    78.9963
796   75.8266    79.9582
797   75.8266    79.631
798   75.8266    79.5339
799   75.8266    81.538
800   75.8266    81.0316
801   75.8266    80.048
802   75.8266    80.7629
803   75.8266    80.5009
804   75.8266    80.1768
805   75.8266    81.4954
806   75.8266    82.9871
807   75.8266    82.0193
808   75.8266    80.157
809   75.8266    79.1849
810   75.8266    78.8517
811   75.8266    77.3466
812   75.8266    77.7428
813   75.8266    77.6628
814   75.8266    78.3604
815   75.8266    79.1175
816   75.8266    78.2781
817   75.8266    78.4
818   75.8266    79.0128
819   75.8266    78.911
820   75.8266    78.1707
821   75.8266    77.8044
822   75.8266    77.4481
823   75.8266    78.6271
824   75.8266    79.8425
825   75.8266    80.0741
826   75.8266    79.4361
827   75.8266    77.8183
828   75.8266    77.5711
829   75.8266    78.1764
830   75.8266    78.4237
831   75.8266    77.8189
832   75.8266    77.6255
833   75.8266    77.1121
834   75.8266    79.3553
835   75.8266    78.2901
836   75.8266    79.0555
837   75.8266    80.782
838   75.8266    78.9571
839   75.8266    77.6821
840   75.8266    78.3145
841   75.8266    78.3561
842   75.8266    78.9911
843   75.8266    78.0078
844   75.8266    78.1793
845   75.8266    78.3922
846   75.8266    78.614
847   75.8266    78.6073
848   75.8266    77.7643
849   75.5034    78.048
850   75.5034    77.526
851   75.5034    77.1434
852   75.5034    76.9236
853   75.5034    77.5986
854   75.5034    79.3357
855   75.5034    78.612
856   75.5034    77.8845
857   75.5034    78.9531
858   75.5034    76.5565
859   75.5034    76.9015
860   75.5034    76.9578
861   75.5034    78.1528
862   75.5034    78.8977
863   75.5034    78.7383
864   75.4381    77.9114
865   75.4381    76.7579
866   75.4381    77.4337
867   75.4381    77.0575
868   75.4381    79.7841
869   75.4381    78.6094
870   75.4381    79.1396
871   75.4381    80.1913
872   75.4381    79.975
873   75.4381    78.5964
874   75.4381    77.8023
875   75.4381    77.5621
876   75.4381    77.7935
877   75.4381    77.572
878   75.4381    78.2275
879   75.4381    79.2138
880   75.4381    78.8515
881   75.4381    78.7894
882   75.4381    77.6899
883   75.4381    77.2747
884   75.4381    78.2715
885   75.4381    77.6555
886   75.4381    77.1872
887   75.4381    76.7215
888   75.4381    76.9084
889   75.4381    76.9119
890   75.4381    76.3801
891   75.4381    77.4407
892   75.4381    77.4906
893   75.4381    76.9934
894   75.4381    77.3808
895   75.4381    77.0255
896   75.4381    78.0567
897   75.4381    77.5822
898   75.4381    77.1119
899   75.4381    77.4416
900   75.4381    78.556
901   75.4381    78.3673
902   75.4381    77.7736
903   75.2982    77.3412
904   75.2982    77.825
905   75.2982    78.5493
906   75.2982    79.2579
907   75.2982    78.8815
908   75.2982    78.9591
909   75.2982    80.1461
910   75.2982    79.1245
911   75.2982    79.504
912   75.2982    79.1225
913   75.2982    78.151
914   75.1749    79.5565
915   75.1749    79.3649
916   75.1749    78.015
917   75.1749    78.4826
918   75.1749    78.5924
919   75.1749    78.752
920   75.1749    78.6601
921   75.1749    78.2374
922   75.1749    78.5997
923   75.1749    78.9004
924   75.1749    77.7079
925   75.1749    77.2102
926   75.1749    78.5057
927   75.1749    78.7296
928   75.1749    77.9792
929   75.1749    78.3298
930   75.1749    76.7659
931   75.1749    77.0799
932   75.1749    77.7833
933   75.1749    79.2146
934   74.7644    79.2595
935   74.7644    79.8011
936   74.7644    79.9109
937   74.7644    78.844
938   74.7644    78.9793
939   74.7644    77.6135
940   74.7644    77.9791
941   74.7644    77.8253
942   74.4546    77.145
943   74.4546    76.506
944   74.1843    77.6751
945   74.0069    78.2996
946   74.0069    76.8429
947   74.0069    76.9054
948   73.5412    78.7542
949   73.5412    77.7472
950   73.5412    77.3762
951   73.2636    75.5153
952   73.2582    74.8873
953   73.2582    74.8977
954   73.2582    74.7406
955   73.2582    75.7738
956   73.2582    76.517
957   73.2064    77.6487
958   73.2064    78.7652
959   73.2009    76.8119
960   73.2009    77.0785
961   73.2009    76.1067
962   73.2009    77.8428
963   73.2009    76.9642
964   73.2009    75.7609
965   73.2009    75.3339
966   73.2009    74.4586
967   73.2009    76.036
968   73.2009    76.4149
969   73.2009    76.8123
970   73.2009    76.3738
971   73.2009    77.0843
972   73.2009    76.2647
973   73.2009    77.7777
974   73.2009    75.9223
975   73.2009    76.0982
976   73.2009    76.1801
977   73.2009    76.7836
978   73.2009    77.6229
979   73.2009    78.0854
980   73.2009    77.9368
981   73.2009    78.8303
982   73.2009    78.6279
983   73.2009    78.4775
984   73.2009    78.1293
985   73.2009    77.3208
986   73.2009    75.9101
987   73.2009    75.6969
988   73.2009    76.141
989   73.2009    75.4438
990   73.2009    74.2767
991   73.2009    75.8814
992   73.2009    73.7566
993   73.2009    75.7366
994   73.2009    76.1504
995   73.2009    75.0614
996   73.2009    74.213
997   73.1594    74.6273
998   73.1594    76.1447
999   73.1594    77.7259
1000   73.1594    77.8038
1001   73.1594    76.8172
1002   73.1594    76.8863
1003   73.1594    76.1301
1004   73.1594    77.3853
1005   73.1594    76.3563
1006   73.1594    76.6099
1007   73.1594    75.4274
1008   73.1594    75.7651
1009   73.1594    74.5106
1010   73.1594    76.6646
1011   73.1594    77.1486
1012   73.1594    77.2377
1013   73.1594    77.3588
1014   73.1594    76.6551
1015   73.1594    76.35
1016   73.1594    76.9855
1017   73.1594    77.0331
1018   73.1594    77.6443
1019   73.1594    76.7127
1020   73.1594    76.8656
1021   73.1594    76.0823
1022   73.1594    77.3107
1023   73.1594    77.4417
1024   73.1594    77.8284
1025   73.1594    76.8486
1026   73.1594    78.1971
1027   73.1594    77.7485
1028   73.1594    76.4665
1029   73.1594    77.0045
1030   73.1594    77.8205
1031   73.1594    77.0262
1032   73.1594    77.0239
1033   73.1594    75.0872
1034   73.1594    75.209
1035   73.1594    75.4324
1036   73.1594    76.1231
1037   73.1594    76.5819
1038   73.1594    74.633
1039   73.1594    74.4986
1040   73.1594    75.6588
1041   73.1594    75.0911
1042   73.1594    77.2598
1043   73.1594    77.3949
1044   73.1594    76.7487
1045   73.1594    76.3261
1046   73.1558    76.6287
1047   73.1558    76.0419
1048   73.1558    75.5513
1049   73.1558    75.5017
1050   73.1558    75.4968
1051   73.1558    75.6772
1052   73.1558    75.5182
1053   73.1558    76.7542
1054   73.1558    76.7488
1055   73.1558    76.9455
1056   73.1558    76.7999
1057   73.1558    76.3603
1058   73.1558    74.5757
1059   73.1558    77.3256
1060   73.1558    76.4656
1061   73.1558    76.1875
1062   73.1558    74.7476
1063   73.1558    76.3524
1064   73.1558    76.6031
1065   73.1558    75.7716
1066   73.1558    75.7367
1067   73.1558    77.1371
1068   73.1558    76.7681
1069   73.1558    76.2873
1070   73.1558    75.6727
1071   73.1558    76.7857
1072   73.1558    76.807
1073   73.1558    76.4309
1074   73.1558    76.3832
1075   73.1558    74.3811
1076   73.1558    74.6821
1077   73.1558    74.883
1078   73.1558    74.917
1079   73.1558    75.3303
1080   73.1558    76.4698
1081   73.1558    75.5448
1082   73.1558    75.6815
1083   73.1558    75.6145
1084   73.1558    75.4534
1085   73.1558    75.4529
1086   73.1558    75.0292
1087   73.1558    76.5473
1088   73.1558    76.9497
1089   73.1558    76.3845
1090   73.1558    77.2745
1091   73.1558    77.3375
1092   73.1558    76.4921
1093   73.1558    75.9147
1094   73.1558    76.8653
1095   73.1558    76.6774
1096   73.1558    76.0495
1097   73.1558    77.0013
1098   73.1558    74.8195
1099   73.0572    74.9003
1100   73.0572    74.9417
1101   73.0572    74.2835
1102   73.0572    75.4764
1103   73.0572    75.5556
1104   73.0572    75.3926
1105   73.0572    75.4392
1106   73.0572    75.6213
1107   73.0572    76.8718
1108   73.0572    75.4646
1109   73.0572    76.9277
1110   73.0572    76.155
1111   73.0572    76.1409
1112   73.0572    77.024
1113   73.0572    77.8925
1114   73.0572    76.667
1115   73.0572    77.5399
1116   73.0572    76.6873
1117   73.0572    77.3896
1118   73.0572    76.8262
1119   73.0572    76.1907
1120   73.0572    75.9966
1121   73.0572    73.8869
1122   73.0572    74.8508
1123   73.0572    74.4907
1124   73.0572    74.386
1125   73.0572    75.3667
1126   73.0572    75.1747
1127   73.0572    75.5546
1128   73.0572    76.7468
1129   73.0572    77.275
1130   73.0572    76.0353
1131   73.0572    77.2374
1132   72.9061    76.7827
1133   72.9061    76.065
1134   72.9061    77.1499
1135   72.9061    75.6184
1136   72.9061    74.6835
1137   72.8959    75.5684
1138   72.8959    75.2943
1139   72.8959    76.9337
1140   72.8959    76.3386
1141   72.8959    76.0771
1142   72.8959    76.2183
1143   72.8959    77.1077
1144   72.8959    75.3556
1145   72.8959    74.6983
1146   72.8959    75.7147
1147   72.8959    74.2593
1148   72.8959    74.5161
1149   72.8959    75.4227
1150   72.8959    75.0555
1151   72.8959    75.4197
1152   72.8959    76.2149
1153   72.8959    76.0744
1154   72.8959    77.417
1155   72.8959    76.9587
1156   72.8959    76.721
1157   72.8959    76.2815
1158   72.8959    77.3856
1159   72.8959    78.7577
1160   72.8959    77.321
1161   72.8959    76.8398
1162   72.8959    76.2592
1163   72.8959    75.8382
1164   72.8959    74.6898
1165   72.8959    75.4085
1166   72.8959    76.642
1167   72.8959    78.7034
1168   72.6006    77.1717
1169   72.6006    75.51
1170   71.7548    75.7562
1171   71.7548    75.8809
1172   71.7548    77.4009
1173   71.7548    75.3225
1174   71.7548    75.8789
1175   71.7548    75.6
1176   71.7548    75.5988
1177   71.7548    74.6214
1178   71.7548    73.7097
1179   71.7548    73.0402
1180   71.7548    74.3183
1181   71.7548    75.5699
1182   71.7548    74.9732
1183   71.7548    74.3877
1184   71.7548    73.6085
1185   71.7548    75.9804
1186   71.7548    76.4703
1187   71.7548    75.723
1188   71.7548    75.1986
1189   71.7548    74.9681
1190   71.7548    75.7296
1191   71.7548    74.7601
1192   71.7548    73.9715
1193   71.7548    75.2749
1194   71.7548    75.7543
1195   71.7548    75.0533
1196   71.7548    76.4337
1197   71.7548    75.7315
1198   71.7548    75.9898
1199   71.7548    74.7381
1200   71.7548    75.3585
1201   71.7548    76.3736
1202   71.7548    75.8393
1203   71.7548    75.0768
1204   71.7548    74.9137
1205   71.7548    75.2881
1206   71.7548    77.687
1207   71.7548    76.9836
1208   71.7548    77.5678
1209   71.5645    76.0105
1210   71.5645    76.3667
1211   71.5645    75.7081
1212   71.5645    75.8817
1213   71.146    74.4911
1214   71.146    73.4227
1215   71.146    74.2436
1216   71.146    74.2431
1217   71.146    73.8994
1218   71.146    75.7562
1219   71.146    76.1761
1220   71.146    74.9218
1221   71.146    74.5305
1222   71.146    73.8377
1223   71.146    73.8115
1224   71.146    73.0766
1225   71.146    73.0865
1226   71.146    72.7996
1227   71.146    71.9703
1228   71.146    73.788
1229   71.146    73.234
1230   71.146    73.4368
1231   71.146    73.5938
1232   71.146    74.136
1233   71.146    76.0415
1234   71.146    75.5369
1235   71.146    75.3644
1236   71.146    74.5072
1237   71.146    75.1867
1238   71.146    74.3146
1239   71.0969    73.3575
1240   71.0969    74.3727
1241   71.0969    72.7432
1242   71.0969    73.3243
1243   71.0969    73.3735
1244   71.0969    72.9781
1245   71.0969    73.597
1246   71.0969    75.0938
1247   71.0969    73.6174
1248   71.0969    73.593
1249   71.0969    74.3186
1250   71.0969    74.3465
1251   71.0969    74.8738
1252   71.0969    74.1128
1253   71.0969    75.0011
1254   71.0969    73.71
1255   71.0969    74.2933
1256   71.0969    73.9057
1257   71.0969    74.2584
1258   71.0969    74.5535
1259   71.0969    74.849
1260   71.0969    74.9199
1261   71.0969    73.7258
1262   71.0969    73.7205
1263   71.0969    73.5331
1264   71.0969    73.6692
1265   71.0969    73.6385
1266   71.0969    72.4386
1267   71.0969    72.8798
1268   71.0969    72.9207
1269   71.0969    72.8464
1270   71.0969    72.6288
1271   71.0969    72.8642
1272   71.0969    72.5978
1273   71.0969    72.9444
1274   71.0969    73.1524
1275   71.0969    73.6027
1276   71.0969    73.0561
1277   71.0969    74.2879
1278   71.0969    73.729
1279   71.0969    76.0005
1280   71.0969    75.9311
1281   71.0969    75.4942
1282   71.0969    73.9145
1283   71.0969    77.8135
1284   71.0969    77.5681
1285   71.0969    76.9719
1286   71.0969    77.1547
1287   71.0969    77.9591
1288   71.0969    76.9843
1289   71.0969    77.6673
1290   71.0969    78.6721
1291   71.0969    78.6067
1292   71.0969    78.3593
1293   71.0969    76.8604
1294   71.0969    76.3107
1295   71.0969    75.1025
1296   71.0969    75.2533
1297   71.0969    73.2352
1298   71.0969    73.6132
1299   71.0969    73.621
1300   71.0969    72.3222
1301   71.0969    72.7385
1302   71.0969    72.8763
1303   71.0969    73.7481
1304   71.0969    74.3493
1305   71.0969    75.3043
1306   71.0969    74.35
1307   71.0969    74.3795
1308   71.0969    73.9052
1309   71.0969    73.6235
1310   71.0969    73.5228
1311   71.0969    74.2336
1312   71.0969    74.2335
1313   71.0969    74.7043
1314   71.0969    75.6072
1315   71.0969    73.707
1316   71.0969    75.0023
1317   71.0969    76.1391
1318   71.0969    75.9686
1319   71.0969    76.2474
1320   71.0969    75.6399
1321   71.0969    76.6858
1322   71.0969    76.3471
1323   71.0969    75.2494
1324   71.0969    74.4567
1325   71.0969    74.5622
1326   71.0687    74.9797
1327   71.0687    75.2555
1328   71.0687    73.5743
1329   71.0687    74.4146
1330   71.0687    74.3675
1331   71.0687    75.7743
1332   71.0687    76.3806
1333   71.0687    75.8983
1334   71.0687    75.7575
1335   71.0687    74.9246
1336   71.0687    76.2805
1337   71.0687    75.1966
1338   71.0687    73.6119
1339   71.0687    73.5072
1340   71.0687    74.4531
1341   71.0687    75.4366
1342   71.0687    75.3251
1343   71.0687    75.3474
1344   71.0687    75.1767
1345   71.0687    76.1302
1346   71.0687    74.1639
1347   71.0687    75.9667
1348   71.0687    76.8647
1349   71.0687    74.6255
1350   71.0687    74.0591
1351   71.0687    73.6281
1352   71.0687    74.1673
1353   71.0687    74.2554
1354   71.0687    74.2057
1355   71.0687    72.3915
1356   71.0687    72.3377
1357   71.0687    73.0676
1358   71.0687    73.0159
1359   71.0687    72.1217
1360   71.0687    73.4804
1361   71.0687    72.7721
1362   71.0687    73.3037
1363   71.0687    73.954
1364   71.0687    73.4602
1365   71.0687    73.3852
1366   71.0687    74.0984
1367   71.0687    74.0303
1368   71.0687    75.1517
1369   71.0687    74.7358
1370   71.0687    73.6203
1371   71.0687    72.9432
1372   71.0687    72.2586
1373   71.0687    73.5098
1374   71.0687    74.3507
1375   71.0687    74.373
1376   71.0687    74.6368
1377   71.0687    73.9344
1378   71.0687    73.2402
1379   71.0687    74.438
1380   71.0687    74.1817
1381   71.0687    72.7951
1382   71.0687    74.9346
1383   71.0687    73.2914
1384   71.0687    73.1259
1385   71.0687    74.184
1386   71.0687    73.7378
1387   71.0687    75.2834
1388   71.0687    75.5088
1389   71.0687    74.9403
1390   71.0687    74.7376
1391   71.0687    75.5961
1392   71.0687    75.0119
1393   71.0687    73.8564
1394   71.0687    74.3959
1395   71.0687    76.5586
1396   71.0687    75.944
1397   71.0687    74.6893
1398   71.0687    74.896
1399   71.0687    73.7674
1400   71.0687    74.0662
1401   71.0687    74.249
1402   71.0687    75.1707
1403   71.0687    76.3317
1404   71.0687    74.952
1405   71.0687    74.7985
1406   71.0687    73.8915
1407   71.0687    73.037
1408   71.0687    75.8766
1409   71.0687    75.1947
1410   71.0687    75.0255
1411   71.0687    74.9791
1412   71.0687    73.6065
1413   71.0687    74.5192
1414   71.0687    75.0068
1415   71.0687    73.3805
1416   71.0687    73.7349
1417   71.0687    73.8265
1418   71.0687    73.3826
1419   71.0687    74.3779
1420   71.0687    74.9131
1421   71.0687    74.0103
1422   71.0687    74.5198
1423   71.0687    76.1113
1424   71.0687    74.8218
1425   71.0687    73.607
1426   71.0687    74.8179
1427   71.0687    74.0543
1428   71.0687    74.5472
1429   71.0687    74.1382
1430   71.0687    73.9111
1431   71.0687    73.4657
1432   71.0687    73.9004
1433   71.0687    72.9347
1434   71.0687    73.3915
1435   71.0687    73.7034
1436   71.0687    72.9573
1437   71.0687    73.5296
1438   71.0687    74.7008
1439   71.0687    74.467
1440   71.0687    74.9207
1441   71.0687    75.1887
1442   71.0687    76.2057
1443   71.0687    76.8483
1444   71.0687    76.1124
1445   71.0687    73.0749
1446   71.0687    73.5141
1447   71.0687    73.8304
1448   71.0687    74.7445
1449   71.0687    73.7381
1450   71.0687    74.7314
1451   71.0687    74.4187
1452   71.0687    74.2115
1453   71.0687    76.029
1454   71.0687    75.1717
1455   71.0687    75.8627
1456   71.0687    75.0696
1457   71.0687    73.6224
1458   71.0687    73.5501
1459   71.0687    73.7052
1460   70.9565    74.7876
1461   70.9565    74.0788
1462   70.9565    77.5589
1463   70.9565    76.7819
1464   70.9565    75.9075
1465   70.9565    74.2779
1466   70.9565    75.3848
1467   70.9565    73.9324
1468   70.9565    75.1201
1469   70.9565    74.0608
1470   70.9565    73.9051
1471   70.9565    72.831
1472   70.9565    71.986
1473   70.9565    72.0511
1474   70.9565    72.276
1475   70.9565    72.9206
1476   70.9565    72.9791
1477   70.9565    73.0778
1478   70.8582    73.116
1479   70.8582    73.7081
1480   70.8582    75.1083
1481   70.8582    75.3194
1482   70.8582    75.8265
1483   70.8582    74.4229
1484   70.8582    76.6419
1485   70.8582    76.7806
1486   70.8582    75.6764
1487   70.8582    75.9037
1488   70.8582    75.9248
1489   70.8582    75.1755
1490   70.8582    74.8293
1491   70.8582    72.893
1492   70.8582    72.2371
1493   70.8582    73.8048
1494   70.8582    74.0714
1495   70.8582    72.7115
1496   70.8582    73.1507
1497   70.8582    74.39
1498   70.8582    73.7173
1499   70.8582    72.9656
1500   70.8582    73.0508
1501   70.8582    73.5682
1502   70.8582    74.1605
1503   70.8582    75.6299
1504   70.8582    75.99
1505   70.8582    74.2213
1506   70.8582    74.047
1507   70.8582    73.4888
1508   70.8582    74.3918
1509   70.8582    73.9536
1510   70.8582    75.3703
1511   70.8582    73.848
1512   70.8582    73.7938
1513   70.8582    73.0265
1514   70.8582    75.1957
1515   70.8582    74.0423
1516   70.8582    73.2177
1517   70.8582    75.3378
1518   70.8582    76.0652
1519   70.8582    73.9127
1520   70.8582    73.7664
1521   70.8582    73.6673
1522   70.8582    73.4534
1523   70.8582    72.4193
1524   70.8582    73.0248
1525   70.8582    73.0036
1526   70.8582    74.3302
1527   70.8582    73.6211
1528   70.8582    74.8264
1529   70.8582    74.0078
1530   70.8582    75.2754
1531   70.8582    76.2792
1532   70.8582    75.375
1533   70.8582    73.106
1534   70.8582    71.959
1535   70.8582    72.5078
1536   70.8582    71.4542
1537   70.8582    73.056
1538   70.8582    73.2624
1539   70.8582    74.2518
1540   70.8582    73.7792
1541   70.8582    72.5709
1542   70.8582    72.567
1543   70.8582    73.3434
1544   70.8582    73.9196
1545   70.8582    74.3629
1546   70.8582    74.1208
1547   70.8582    74.2975
1548   70.8582    74.4129
1549   70.8582    73.5345
1550   70.8582    73.5677
1551   70.8582    73.0149
1552   70.8582    72.9425
1553   70.8582    72.6928
1554   70.8582    72.7319
1555   70.8582    73.5363
1556   70.8582    73.2753
1557   70.8582    72.9758
1558   70.8582    73.6414
1559   70.8582    72.3242
1560   70.8582    73.9991
1561   70.8582    75.462
1562   70.8582    74.9739
1563   70.8582    73.8938
1564   70.8582    72.9794
1565   70.8582    75.5111
1566   70.8582    76.2614
1567   70.3437    75.5909
1568   70.3437    73.9599
1569   70.3437    73.1261
1570   70.3437    75.2434
1571   70.3437    74.588
1572   70.3437    74.1487
1573   70.3437    73.1594
1574   70.3437    72.4842
1575   70.3437    72.7325
1576   70.3437    72.7307
1577   70.3437    72.0817
1578   70.3437    72.6459
1579   70.3437    72.7157
1580   70.3437    72.8902
1581   70.3437    72.4998
1582   70.3437    71.4105
1583   70.3437    71.9003
1584   70.3437    71.6817
1585   70.3437    71.6647
1586   70.3437    71.6149
1587   70.3437    72.952
1588   70.3437    74.5468
1589   70.3437    74.1366
1590   70.3437    74.7678
1591   70.3437    73.0663
1592   70.2124    73.0145
1593   70.2124    72.5827
1594   70.2124    73.9423
1595   70.2124    72.2122
1596   70.2124    72.3398
1597   70.2124    72.312
1598   70.2124    72.1471
1599   70.2124    73.5188
1600   70.2124    73.6633
1601   70.2124    73.6783
1602   70.2124    73.446
1603   70.2124    71.1597
1604   70.2124    71.1157
1605   70.2124    70.9182
1606   70.2124    73.4768
1607   70.2124    72.5886
1608   70.2124    72.0719
1609   70.2124    71.6806
1610   70.2124    72.6748
1611   70.2124    72.9104
1612   69.7863    74.8175
1613   69.7863    74.0472
1614   69.7863    72.9963
1615   69.7863    72.4604
1616   69.7863    72.4186
1617   69.7863    73.5969
1618   69.7863    74.0127
1619   69.7863    74.86
1620   69.7863    75.0497
1621   69.7863    74.221
1622   69.7863    73.826
1623   69.7863    73.9652
1624   69.7863    74.4211
1625   69.7863    72.6366
1626   69.7863    73.2547
1627   69.7863    72.7752
1628   69.7863    72.3812
1629   69.7863    74.106
1630   69.7863    72.4059
1631   69.7863    73.2957
1632   69.7863    73.3618
1633   69.7863    73.1458
1634   69.7863    74.3093
1635   69.7863    72.9594
1636   69.7863    72.9441
1637   69.7863    74.6695
1638   69.7863    73.474
1639   69.7863    72.8629
1640   69.7863    73.4961
1641   69.7863    73.3925
1642   69.7863    72.4642
1643   69.7863    72.3401
1644   69.7863    72.9118
1645   69.7863    72.695
1646   69.7863    72.8172
1647   69.7863    72.3418
1648   69.7863    73.9761
1649   69.7863    71.3296
1650   69.7863    72.9045
1651   69.7863    72.8113
1652   69.7863    73.3626
1653   69.7863    74.7742
1654   69.7863    74.4237
1655   69.7863    75.1603
1656   69.7863    74.3675
1657   69.7863    73.7719
1658   69.7863    72.8666
1659   69.7863    71.9577
1660   69.7863    72.0362
1661   69.7863    72.4475
1662   69.7863    71.2653
1663   69.7863    70.6008
1664   69.7863    71.5278
1665   69.7863    72.3974
1666   69.7863    73.395
1667   69.7863    72.2343
1668   69.7863    71.738
1669   69.7863    72.1067
1670   69.7863    72.4395
1671   69.7863    72.8988
1672   69.7863    73.0827
1673   69.7863    71.7292
1674   69.7863    71.9312
1675   69.7863    71.8107
1676   69.7863    72.8749
1677   69.7863    71.5681
1678   69.7863    72.5732
1679   69.7863    71.8241
1680   69.7863    71.8542
1681   69.7863    72.0543
1682   69.7863    72.2048
1683   69.7863    73.5535
1684   69.7863    71.4786
1685   69.7863    71.6465
1686   69.7863    71.5016
1687   69.7863    71.0639
1688   69.7863    71.8553
1689   69.7863    72.9377
1690   69.7863    72.0326
1691   69.7863    71.5841
1692   69.7863    71.8893
1693   69.7863    72.7244
1694   69.7863    74.0636
1695   69.7863    74.2751
1696   69.7863    73.567
1697   69.7863    74.5078
1698   69.7863    73.6457
1699   69.7863    72.6218
1700   69.7863    72.6954
1701   69.7863    74.2089
1702   69.7863    72.3966
1703   69.7863    72.9135
1704   69.7863    72.4072
1705   69.7863    72.2664
1706   69.7863    73.7267
1707   69.7863    73.1943
1708   69.7863    71.6616
1709   69.7863    72.4856
1710   69.7863    72.8616
1711   69.7863    72.2575
1712   69.7863    71.5878
1713   69.7863    71.8183
1714   69.7863    72.4895
1715   69.7863    73.0038
1716   69.7863    74.2413
1717   69.7863    73.9526
1718   69.7863    73.0245
1719   69.7863    73.4534
1720   69.7863    74.5752
1721   69.7863    74.2178
1722   69.7863    73.4604
1723   69.7863    73.446
1724   69.7863    75.7713
1725   69.7863    74.5123
1726   69.7863    74.615
1727   69.7863    73.977
1728   69.7863    73.997
1729   69.7863    75.2326
1730   69.7863    75.1101
1731   69.7863    75.7629
1732   69.7863    74.3727
1733   69.7863    73.4883
1734   69.7863    73.3684
1735   69.7863    72.6752
1736   69.7863    72.6037
1737   69.7863    71.3844
1738   69.7863    72.6523
1739   69.7863    73.676
1740   69.7863    72.2323
1741   69.7863    71.9645
1742   69.7863    72.1635
1743   69.7863    71.8865
1744   69.7863    72.23
1745   69.7863    70.6767
1746   69.7863    70.8945
1747   69.7863    70.5534
1748   69.7863    71.5716
1749   69.7863    71.1515
1750   69.7863    72.016
1751   69.7863    72.4651
1752   69.7863    73.3055
1753   69.7863    73.2128
1754   69.7863    72.9625
1755   69.7863    72.7516
1756   69.7863    72.1407
1757   69.7863    73.0316
1758   69.7863    72.1602
1759   69.7863    71.9368
1760   69.7863    71.9167
1761   69.7863    71.9308
1762   69.7863    71.9891
1763   69.7863    71.9328
1764   69.7863    72.2069
1765   69.7863    72.4457
1766   69.7863    73.0483
1767   69.7863    72.6004
1768   69.7863    74.0344
1769   69.7863    74.8254
1770   69.7863    73.3078
1771   69.7863    73.4764
1772   69.7863    72.8364
1773   69.7863    72.8043
1774   69.7863    72.007
1775   69.7863    71.9683
1776   69.7863    71.8133
1777   69.7863    72.56
1778   69.7863    74.6999
1779   69.7863    74.0795
1780   69.7863    73.591
1781   69.7863    73.5352
1782   69.7863    73.7756
1783   69.7863    74.104
1784   69.7863    72.9707
1785   69.7863    73.399
1786   69.7863    73.5257
1787   69.7863    73.9134
1788   69.7863    72.305
1789   69.6303    73.6583
1790   69.6303    71.0129
1791   69.6303    71.3243
1792   69.6303    71.0529
1793   69.6303    72.2166
1794   69.6303    74.2814
1795   69.6303    74.3566
1796   69.6303    75.4375
1797   69.6303    75.6857
1798   69.6303    74.5282
1799   69.6303    73.6485
1800   69.6303    72.6492
1801   69.6303    73.3109
1802   69.6303    72.6953
1803   69.6303    71.8729
1804   69.6303    72.501
1805   69.3617    72.7585
1806   69.3617    72.9371
1807   69.3617    73.0824
1808   69.3617    70.8069
1809   69.3617    70.7056
1810   69.3617    70.4121
1811   69.3617    71.2757
1812   69.3617    72.906
1813   69.3617    72.9803
1814   69.3617    73.5629
1815   69.3617    72.8531
1816   69.3617    74.679
1817   69.3617    72.9908
1818   69.3617    73.0575
1819   69.3617    72.6743
1820   69.3617    73.3004
1821   69.3617    73.2251
1822   69.1496    72.232
1823   69.1496    70.6647
1824   69.1496    71.3929
1825   69.1496    72.1566
1826   69.1496    71.584
1827   69.1496    72.2799
1828   69.1496    71.3548
1829   69.1496    70.4379
1830   69.1496    70.5237
1831   69.1496    69.7863
1832   69.1496    69.6102
1833   69.1496    70.2866
1834   69.1496    72.1327
1835   69.1496    71.3152
1836   69.1496    72.8691
1837   69.1496    74.1694
1838   69.1496    73.7635
1839   69.1496    72.7805
1840   69.1496    74.1196
1841   69.1496    74.6244
1842   69.1496    73.6361
1843   69.1496    72.0375
1844   69.1496    73.1332
1845   69.1496    74.1946
1846   69.1496    73.8976
1847   69.1496    73.2861
1848   69.1496    71.336
1849   69.1496    70.0548
1850   69.1496    70.7619
1851   69.1496    72.8162
1852   69.1496    71.7268
1853   69.1496    71.8336
1854   69.1496    71.1736
1855   69.1496    71.4853
1856   69.1496    72.6797
1857   69.1496    73.1028
1858   69.1496    72.0253
1859   69.1496    70.7351
1860   69.1496    70.6507
1861   69.1496    70.6067
1862   69.1496    69.7082
1863   69.1496    71.9778
1864   69.1496    71.9937
1865   69.1496    71.7984
1866   69.1496    72.7314
1867   69.1496    71.9223
1868   69.1496    71.352
1869   69.1496    72.7765
1870   69.1496    72.6847
1871   69.1496    72.3834
1872   69.1496    72.6077
1873   69.1496    73.2676
1874   69.1496    73.9473
1875   69.1496    73.9147
1876   69.1496    74.6129
1877   69.1496    74.6376
1878   69.1496    73.3894
1879   69.1496    73.4484
1880   69.1496    72.8556
1881   69.1496    72.9053
1882   69.1496    72.611
1883   69.1496    73.2258
1884   69.1496    73.8104
1885   69.1496    72.5316
1886   69.1496    71.9826
1887   69.1496    73.4169
1888   69.1496    71.5098
1889   69.1496    72.0059
1890   69.1496    72.1749
1891   69.1496    71.6982
1892   69.1496    71.3855
1893   69.1496    72.6703
1894   69.1496    72.4948
1895   69.1496    72.0325
1896   69.1496    72.7503
1897   69.1496    73.4275
1898   69.1496    73.7053
1899   69.1496    74.2303
1900   69.1496    73.8108
1901   69.1496    72.3337
1902   69.1496    71.8679
1903   69.1496    71.7608
1904   69.1496    73.0872
1905   69.1496    74.2054
1906   69.1496    73.2423
1907   69.1496    74.6662
1908   69.1496    75.1126
1909   69.1496    74.8314
1910   69.1496    73.2764
1911   69.1496    74.125
1912   69.1496    74.2657
1913   69.1496    73.5859
1914   69.1496    74.1272
1915   69.1496    74.3769
1916   69.1496    75.4621
1917   69.1496    74.9823
1918   69.1496    75.4203
1919   69.1496    73.6167
1920   69.1496    72.215
1921   69.1496    73.0608
1922   69.1496    71.0263
1923   69.1496    71.1946
1924   69.1496    72.5986
1925   69.1496    73.6291
1926   69.1496    73.4051
1927   69.1496    72.3089
1928   69.1496    73.703
1929   69.1496    73.9648
1930   69.1496    74.0542
1931   69.1496    73.4655
1932   69.1496    72.9001
1933   69.1496    72.1829
1934   69.1496    72.8943
1935   69.1496    72.2763
1936   69.1496    71.0986
1937   69.1496    70.8379
1938   69.1496    71.6721
1939   69.1496    71.8017
1940   69.1496    72.5524
1941   69.1496    71.3971
1942   69.1496    69.3747
1943   69.1496    70.0941
1944   69.1496    70.3898
1945   69.1496    70.5428
1946   69.1496    70.5892
1947   69.1496    72.1535
1948   69.1496    72.6204
1949   69.1496    72.8319
1950   69.1496    74.3232
1951   69.1496    73.6537
1952   69.1496    72.8653
1953   69.1496    72.1653
1954   69.1496    72.1995
1955   69.1496    71.8898
1956   69.1496    73.6074
1957   69.1496    73.3433
1958   69.1496    73.5965
1959   69.1496    73.2391
1960   69.1496    73.732
1961   69.1496    73.5909
1962   69.1496    73.7085
1963   69.1496    73.0609
1964   69.1496    72.7522
1965   69.1496    73.1665
1966   69.1496    72.4937
1967   69.1496    73.3674
1968   69.1496    74.0308
1969   69.1496    74.895
1970   69.1496    73.8936
1971   69.1496    72.0935
1972   69.1496    71.7696
1973   69.1496    70.4358
1974   69.1496    71.8443
1975   69.1496    72.2074
1976   69.1496    71.4325
1977   69.1496    72.4941
1978   69.1496    72.5131
1979   69.1496    71.4394
1980   69.1496    73.1318
1981   69.1496    72.2613
1982   69.1496    72.4939
1983   69.1496    72.502
1984   69.1496    72.4517
1985   69.1496    70.8565
1986   69.1496    72.2352
1987   69.1496    71.9151
1988   68.5643    70.7153
1989   68.5643    71.1553
1990   68.5643    70.4677
1991   68.5643    70.8834
1992   68.5643    70.5503
1993   68.5643    71.5595
1994   68.5643    72.2879
1995   68.5643    71.587
1996   68.5643    70.9868
1997   67.7268    71.4245
1998   67.7268    70.813
1999   67.7268    71.2435
2000   67.7268    70.5046
