1   433.005    493.673
2   423.425    476.781
3   412.699    457.264
4   403.954    441.409
5   398.425    425.949
6   398.086    419.187
7   392.519    412.387
8   387.816    405.759
9   380.717    402.157
10   369.713    396.291
11   366.632    389.383
12   364.591    383.083
13   359.149    375.788
14   353.547    369.419
15   344.608    364.14
16   341.274    359.82
17   335.105    354.431
18   327.986    348.058
19   325.704    341.794
20   322.709    337.864
21   315.788    332.208
22   309.815    327.47
23   306.51    322.618
24   303.232    318.537
25   298.47    314.552
26   294.393    310.981
27   292.529    306.35
28   289.987    302.297
29   285.63    300.059
30   283.212    296.554
31   280.809    293.336
32   278.739    288.487
33   274.562    289.263
34   271.449    285.681
35   268.584    283.043
36   268.05    280.143
37   267.298    276.081
38   263.674    274.633
39   260.954    272.52
40   256.688    269.788
41   256.688    268.871
42   256.688    265.303
43   254.848    262.494
44   249.885    259.899
45   247.814    258.686
46   247.814    258.109
47   247.814    257.082
48   243.659    258.202
49   243.659    254.786
50   242.021    251.279
51   242.021    247.874
52   238.883    245.967
53   235.136    244.592
54   235.136    242.337
55   231.789    242.024
56   229.153    239.932
57   227.444    239.568
58   224.809    237.151
59   223.638    234.371
60   221.854    231.845
61   220.673    228.306
62   220.673    227.721
63   218.258    225.91
64   217.763    224.955
65   216.002    224.96
66   214.213    224.055
67   214.213    224.062
68   214.213    222.074
69   214.213    219.036
70   214.213    218.796
71   214.121    215.766
72   214.121    216.233
73   212.51    215.26
74   209.185    214.963
75   207.586    215.27
76   207.586    214.292
77   203.847    212.266
78   203.847    210.986
79   202.812    209.691
80   201.568    207.341
81   201.568    207.005
82   201.501    205.974
83   199.768    205.759
84   199.526    204.219
85   198.974    204.541
86   198.399    203.755
87   197.255    204.538
88   195.587    203.45
89   194.251    202.448
90   193.441    201.456
91   193.441    200.198
92   191.835    198.121
93   191.835    198.414
94   190.174    197.229
95   189.254    196.461
96   186.847    196.327
97   186.483    195.156
98   185.353    193.382
99   185.353    193.577
100   185.353    194.608
101   185.353    193.181
102   184.998    191.485
103   184.998    190.563
104   184.715    190.066
105   179.537    191.912
106   178.743    190.855
107   178.408    188.763
108   178.048    187.13
109   178.048    187.373
110   175.953    186.404
111   175.953    185.67
112   175.953    183.959
113   174.48    182.731
114   173.456    182.372
115   172.182    181.734
116   172.182    179.331
117   172.182    179.009
118   168.971    177.926
119   168.971    178.573
120   168.971    177.317
121   168.643    177.819
122   168.643    177.007
123   168.142    178.863
124   168.142    179.844
125   167.67    177.171
126   167.982    176.75
127   167.982    176.048
128   166.955    174.311
129   165.759    173.331
130   165.759    173.278
131   165.759    171.623
132   165.759    170.428
133   165.558    169.984
134   165.558    169.936
135   163.686    170.472
136   163.686    169.403
137   163.686    169.968
138   162.796    168.798
139   162.796    170.824
140   162.796    171.142
141   162.03    168.931
142   160.854    168.063
143   160.854    165.912
144   159.593    164.426
145   159.244    164.051
146   159.205    164.178
147   157.948    165.043
148   156.308    162.528
149   156.308    162.274
150   156.308    162.17
151   154.521    161.808
152   154.521    160.208
153   154.521    160.843
154   153.965    160.546
155   153.965    158.243
156   153.965    158.719
157   153.958    159.858
158   152.331    160.367
159   152.331    158.407
160   152.331    158.927
161   152.331    157.586
162   152.331    154.993
163   151.17    155.268
164   151.151    155.804
165   151.151    156.324
166   151.151    155.629
167   149.922    154.754
168   146.267    154.305
169   146.267    155.553
170   146.267    156.812
171   145.687    156.587
172   145.687    153.152
173   145.52    151.531
174   145.411    150.796
175   144.48    148.671
176   144.204    147.483
177   144.204    146.754
178   141.246    146.146
179   141.246    146.473
180   141.246    147.118
181   141.246    146.848
182   141.134    149.486
183   140.937    149.621
184   140.158    147.874
185   139.733    146.707
186   138.907    145.001
187   138.907    144.682
188   138.907    142.884
189   138.129    142.046
190   138.097    141.444
191   138.097    142.938
192   137.335    142.359
193   136.197    143.143
194   136.197    142.09
195   136.197    142.971
196   136.101    142.106
197   134.962    139.976
198   134.885    139.165
199   134.885    139.265
200   134.01    138.241
201   132.871    137.07
202   132.871    139.256
203   132.871    138.054
204   132.871    137.168
205   132.423    136.158
206   132.423    135.802
207   132.423    135.838
208   132.423    134.859
209   132.423    136.373
210   131.172    135.819
211   131.172    134.694
212   131.172    133.779
213   131.172    136.261
214   131.172    134.669
215   130.977    133.233
216   130.678    133.37
217   130.338    133.361
218   129.844    133.748
219   129.844    132.868
220   129.844    133.041
221   129.341    132.865
222   129.044    130.78
223   129.044    131.411
224   129.044    132.543
225   129.044    131.252
226   129.044    130.512
227   127.875    131.12
228   127.875    130.77
229   127.124    130.973
230   127.124    131.564
231   127.124    130.764
232   127.124    130.821
233   127.124    128.947
234   126.562    128.901
235   126.562    128.79
236   126.562    128.605
237   125.821    130.271
238   124.329    129.675
239   123.964    131.031
240   123.964    129.436
241   123.766    128.445
242   123.766    127.82
243   123.766    126.272
244   123.766    127.531
245   123.384    126.71
246   123.384    126.759
247   123.145    127.134
248   123.145    126.963
249   122.109    128.507
250   122.109    131.228
251   121.142    129.895
252   121.142    130.293
253   121.142    130.437
254   120.844    128.07
255   120.844    128.119
256   120.844    126.94
257   119.71    126.703
258   119.71    126.758
259   119.453    127.025
260   119.453    125.598
261   119.177    126.117
262   118.92    124.382
263   118.068    124.313
264   117.534    124.387
265   117.534    125.613
266   116.653    122.549
267   116.653    120.877
268   116.396    118.922
269   116.396    119.887
270   115.024    119.538
271   115.024    119.2
272   114.889    118.965
273   114.889    119.737
274   114.889    117.571
275   114.889    119.065
276   114.161    119.594
277   114.161    119.792
278   114.161    118.195
279   114.161    118.173
280   113.373    118.367
281   113.373    118.273
282   113.373    119.69
283   113.373    120.368
284   113.373    118.416
285   113.146    118.128
286   113.146    117.99
287   112.997    117.328
288   112.77    117.327
289   112.471    116.713
290   112.244    116.516
291   112.196    116.59
292   111.969    115.014
293   111.969    114.154
294   111.969    114.609
295   111.711    115.303
296   111.326    115.272
297   111.326    115.562
298   111.326    115.099
299   111.326    115.124
300   111.326    114.61
301   110.755    113.994
302   110.755    113.948
303   110.755    114.163
304   110.755    116.167
305   110.755    116.519
306   110.755    116.683
307   110.755    115.849
308   110.755    115.225
309   110.755    116.745
310   110.755    115.923
311   110.755    114.223
312   108.242    115.393
313   108.242    117.737
314   108.242    119.644
315   108.242    120.816
316   107.885    118.825
317   107.885    119.707
318   107.359    116.236
319   107.359    115.654
320   107.359    112.493
321   107.359    111.795
322   106.951    111.306
323   106.375    109.721
324   106.375    111.437
325   106.166    109.456
326   106.166    109.979
327   106.166    109.115
328   105.985    109.076
329   105.985    107.921
330   105.985    107.442
331   105.985    109.029
332   105.985    108.943
333   105.929    107.823
334   105.929    107.555
335   105.602    107.638
336   105.602    107.158
337   105.602    109.295
338   105.602    110.711
339   105.602    111.711
340   105.602    112.849
341   105.602    110.802
342   105.007    111.189
343   105.007    110.59
344   105.007    110.429
345   105.007    109.29
346   105.007    107.482
347   104.745    109.149
348   104.24    107.702
349   104.24    107.725
350   103.978    107.435
351   103.978    109.346
352   103.978    107.44
353   103.978    106.945
354   103.978    106.592
355   103.978    106.382
356   103.978    106.104
357   103.978    104.892
358   103.945    106.006
359   103.945    106.921
360   103.945    106.532
361   103.945    106.712
362   103.945    107.362
363   103.945    106.633
364   103.945    105.717
365   103.341    105.845
366   103.341    105.49
367   103.341    105.268
368   102.878    105.793
369   102.878    105.506
370   102.844    106.525
371   102.844    104.794
372   101.838    104.25
373   100.787    104.25
374   99.7891    104.697
375   99.7679    105.731
376   98.7828    105.487
377   98.7828    106.526
378   98.7828    105.653
379   98.7828    104.105
380   98.7378    102.576
381   98.7378    102.75
382   98.5812    102.172
383   97.6649    101.88
384   97.6649    102.486
385   97.4759    101.822
386   96.5596    101.749
387   96.5596    101.53
388   96.446    101.02
389   96.446    99.0655
390   96.446    98.652
391   96.446    100.047
392   95.3407    99.7801
393   95.3407    100.143
394   95.3226    99.4875
395   95.3226    99.5857
396   95.3226    99.3486
397   95.3226    99.6679
398   95.3226    100.942
399   95.3226    99.9959
400   95.3226    97.9688
401   95.3226    98.201
402   95.3226    99.1658
403   95.3226    99.3633
404   95.3226    98.1641
405   95.3226    100.441
406   95.3226    100.943
407   95.1812    99.532
408   95.1812    100.468
409   95.1812    103.249
410   95.1812    106.191
411   95.1812    105.579
412   95.1812    106.452
413   95.1812    106.168
414   95.1812    105.237
415   94.8428    105.828
416   94.8428    105.507
417   94.8428    102.01
418   94.8428    100.592
419   94.8428    100.135
420   94.8428    99.2174
421   94.8428    99.0554
422   94.8428    98.56
423   94.8428    98.2529
424   94.8428    97.7521
425   94.8428    98.7844
426   94.8428    97.8427
427   94.8428    97.6861
428   94.8428    98.6686
429   94.8428    97.5378
430   94.8428    97.4067
431   94.8428    97.5443
432   94.8428    97.9044
433   93.919    98.2638
434   93.919    97.9144
435   93.919    95.8657
436   93.8986    97.6402
437   93.8986    98.378
438   93.8986    98.3939
439   93.8986    96.801
440   93.8986    97.2584
441   93.268    97.4237
442   93.268    97.8415
443   93.2594    96.5651
444   92.6334    95.9003
445   92.6288    96.8771
446   92.6288    97.6509
447   92.6288    101.289
448   92.6288    99.7648
449   92.6288    97.276
450   92.2354    96.2473
451   92.2354    97.7396
452   91.745    99.0037
453   91.1054    100.475
454   91.1054    101.715
455   91.1054    100.955
456   91.1054    99.6723
457   91.1054    98.9909
458   90.4709    96.112
459   90.4709    94.9985
460   90.4709    97.2003
461   90.4709    99.3639
462   90.4709    99.6643
463   89.5158    97.2821
464   89.5158    95.9908
465   89.5158    95.7505
466   89.5158    96.4332
467   89.5158    93.8239
468   88.9877    94.1528
469   88.9877    94.1515
470   88.9877    93.8345
471   88.9877    92.5124
472   88.9877    91.8112
473   88.2581    94.0573
474   88.2581    92.5345
475   88.2581    91.3636
476   88.0024    90.6641
477   88.0024    91.5508
478   88.0024    90.6265
479   88.0024    91.463
480   88.0024    93.6345
481   88.0024    95.6887
482   88.0024    97.4226
483   88.0024    97.0589
484   88.0024    96.8412
485   87.787    98.4487
486   87.787    98.0566
487   87.787    98.8214
488   87.787    96.9686
489   87.787    95.6834
490   87.787    95.0366
491   87.787    93.4601
492   87.787    93.2485
493   87.787    92.8542
494   87.787    90.7324
495   87.4598    90.2212
496   87.4598    90.0272
497   87.4598    91.9264
498   87.4598    91.3145
499   87.4598    91.0001
500   87.4598    90.9561
501   87.4598    90.4878
502   87.4598    89.5829
503   87.4598    89.389
504   87.4598    89.5114
505   87.4598    89.0933
506   87.4598    91.0831
507   87.4598    89.4845
508   87.4598    89.5172
509   87.4598    88.4713
510   87.3064    88.3685
511   87.3064    88.9946
512   87.3064    89.7238
513   87.3064    90.2867
514   87.3064    89.1114
515   87.3064    90.0272
516   87.3064    89.4989
517   87.2262    90.5114
518   87.2262    89.5271
519   87.1281    89.9838
520   87.1281    91.8014
521   87.1281    91.5542
522   87.1281    90.6919
523   87.1281    88.5981
524   87.1281    90.5692
525   86.7867    88.8659
526   86.6886    88.7066
527   86.6886    88.6424
528   86.6886    90.3017
529   86.5937    90.9202
530   86.5937    90.4489
531   86.5937    89.0985
532   86.5937    91.3661
533   86.5937    91.5575
534   86.5937    90.9611
535   86.3152    92.067
536   86.3152    92.4148
537   86.1497    93.98
538   86.1497    91.4065
539   86.1497    90.517
540   86.1497    90.2854
541   86.1497    91.3451
542   86.1497    91.1231
543   85.7648    89.5613
544   85.5993    89.6698
545   85.5993    88.0035
546   85.5993    89.0051
547   85.5993    88.8494
548   85.5993    89.926
549   85.5993    90.0523
550   85.5993    90.0262
551   85.5993    91.6075
552   85.5993    91.0053
553   85.3941    89.069
554   85.3941    89.853
555   85.2304    88.949
556   85.2304    86.7036
557   85.2304    87.3825
558   85.2304    88.7738
559   85.2304    88.1526
560   85.2304    87.8741
561   85.2304    86.9619
562   85.2304    86.846
563   85.2304    85.9732
564   85.2304    87.5044
565   85.2304    87.5924
566   84.3752    88.4811
567   84.3752    87.281
568   84.3752    89.2508
569   84.3752    87.9257
570   84.3752    87.6462
571   84.0601    88.99
572   84.0601    88.4646
573   84.0601    89.2862
574   84.0601    89.2274
575   84.0601    87.3505
576   84.0601    87.1746
577   84.0601    87.3114
578   84.0601    87.6167
579   84.0601    87.856
580   84.0601    88.4229
581   84.0601    88.2186
582   84.0601    86.5534
583   82.9319    88.1707
584   82.9319    87.715
585   82.9319    86.9688
586   82.9319    87.1372
587   82.9319    86.1873
588   82.9319    85.1877
589   82.9319    86.7417
590   82.6804    86.4679
591   82.6804    86.756
592   82.6804    85.9919
593   82.6804    86.7443
594   82.5549    88.7786
595   82.5549    89.1472
596   82.5549    88.0277
597   82.5549    85.914
598   82.5549    85.9715
599   82.0766    87.833
600   82.0766    87.191
601   81.9029    88.5621
602   81.7367    87.4083
603   81.7367    87.4938
604   81.7367    87.6239
605   81.7367    86.673
606   81.7367    86.4808
607   81.7219    84.0983
608   81.7219    83.5009
609   81.6836    84.7406
610   81.6836    84.7737
611   80.4523    85.5714
612   80.4523    85.5467
613   80.4523    85.6586
614   80.4523    85.6179
615   80.4523    84.6571
616   80.4523    83.2544
617   80.2365    83.1443
618   80.2365    84.3826
619   80.2365    85.183
620   80.2181    84.7699
621   80.2181    83.5082
622   80.2181    85.2663
623   80.2181    85.3765
624   80.2181    86.0425
625   80.2181    86.4229
626   80.2181    85.5581
627   80.2181    85.0486
628   80.2181    84.4225
629   80.2181    83.9459
630   80.2181    85.4281
631   80.2181    84.7996
632   80.2181    84.215
633   80.2181    83.1911
634   80.2181    83.9558
635   80.2181    83.2393
636   80.2181    82.6369
637   80.2181    82.4802
638   80.2181    82.1508
639   80.2181    82.6694
640   80.2181    82.973
641   80.2181    83.0429
642   80.2181    83.6279
643   80.2181    84.5461
644   80.2181    84.7695
645   80.2181    84.3397
646   80.2181    83.5565
647   80.2181    82.0541
648   80.2181    81.633
649   80.2181    81.0261
650   80.2181    82.6956
651   80.2181    83.1956
652   80.2181    85.0936
653   80.2181    88.8117
654   80.2181    89.2791
655   80.2181    88.451
656   80.2181    87.6992
657   80.2181    86.7864
658   80.2181    85.3012
659   80.2181    85.9978
660   80.2181    84.2388
661   80.2181    84.3229
662   80.2181    84.3722
663   80.2181    83.9222
664   80.2181    83.248
665   80.2181    82.6165
666   80.2181    83.8753
667   80.2181    84.1324
668   80.2181    83.443
669   80.1023    83.3778
670   80.1023    82.5289
671   80.1023    82.5246
672   80.1023    83.0786
673   79.8833    82.881
674   79.8833    83.3038
675   79.8833    83.8086
676   79.8833    85.0639
677   79.8833    85.5117
678   79.8833    86.5924
679   79.8833    85.9379
680   79.7919    83.4053
681   79.7919    82.7478
682   79.7919    82.2861
683   79.2183    81.5361
684   79.2183    80.5407
685   79.2183    80.7245
686   79.2183    81.3152
687   79.2155    81.5976
688   78.6419    81.9884
689   78.6419    82.249
690   78.6419    83.1665
691   78.6419    81.5152
692   78.6419    81.7439
693   78.6419    82.3923
694   78.6419    83.1571
695   78.6419    82.5067
696   78.6419    82.196
697   78.6419    81.7199
698   78.609    80.2617
699   78.609    81.7288
700   78.609    80.9101
701   78.609    82.7142
702   78.609    80.993
703   78.609    81.0127
704   78.609    81.0996
705   78.5993    81.7618
706   78.5993    82.4237
707   78.5993    82.519
708   78.5993    82.9006
709   78.5993    83.0041
710   78.1485    83.236
711   78.1485    84.2514
712   78.1485    83.3721
713   78.1485    83.0299
714   78.1485    83.7145
715   78.1485    82.5789
716   78.1485    81.7394
717   78.1485    80.8771
718   78.1485    83.0632
719   78.1485    82.5825
720   78.1485    81.9638
721   78.1485    80.7401
722   77.382    80.9317
723   77.382    82.6036
724   77.382    84.8206
725   77.382    82.8388
726   77.382    81.7612
727   77.382    81.0513
728   77.382    83.1084
729   77.382    80.4316
730   77.382    80.3596
731   77.382    80.1292
732   77.382    79.7133
733   77.382    80.4836
734   77.382    79.3714
735   77.382    80.0364
736   77.382    79.815
737   77.382    81.5511
738   77.382    83.3959
739   77.382    84.0822
740   77.0669    81.456
741   77.0669    80.053
742   76.9101    80.3753
743   76.9101    81.9813
744   76.9101    80.8992
745   76.9101    80.3521
746   76.9101    81.5098
747   76.9101    80.6568
748   76.9101    82.0725
749   76.9101    81.8063
750   76.9101    82.8674
751   76.9101    81.1481
752   76.9101    81.4252
753   76.8982    80.6464
754   76.8982    81.3545
755   76.8982    81.322
756   76.8982    79.2923
757   76.8982    79.2663
758   76.8982    79.4597
759   76.8982    81.1376
760   76.8982    80.5893
761   76.8982    81.1679
762   76.8982    80.6765
763   76.8982    78.4077
764   76.8982    80.4942
765   76.8982    81.2644
766   76.8982    82.1602
767   76.8982    82.5794
768   76.8982    84.5643
769   76.8982    83.8547
770   76.8982    82.768
771   76.8982    82.096
772   76.8982    81.7569
773   76.8982    82.7895
774   76.8982    81.9033
775   76.8982    83.5349
776   76.8982    83.1807
777   76.8982    80.9025
778   76.3264    80.7246
779   76.3264    81.5791
780   76.3264    81.491
781   76.3264    80.484
782   76.3264    78.2319
783   76.3264    79.5887
784   76.3264    78.8421
785   76.3264    78.1765
786   76.3264    79.4737
787   76.3264    79.4065
788   76.3264    78.6584
789   76.3264    79.2202
790   76.1691    79.0776
791   76.1691    78.5339
792   76.1691    77.9791
793   76.1691    77.8474
794   76.1691    78.3575
795   76.1691    78.3917
796   76.1691    77.9912
797   76.1691    76.5921
798   76.1691    76.7233
799   76.1691    77.6601
800   76.1691    77.2333
801   76.1691    79.24
802   76.1691    79.1418
803   76.1691    80.2647
804   76.1691    79.8591
805   76.1691    79.5074
806   76.1691    80.7304
807   76.1691    80.1939
808   76.1691    79.5727
809   76.1691    79.1909
810   76.1691    79.1266
811   76.1691    79.4468
812   76.1691    79.0468
813   76.1691    80.2836
814   76.1691    78.7943
815   76.1691    80.0977
816   76.1691    78.315
817   76.1691    79.3865
818   76.1691    79.6673
819   76.1691    80.5314
820   76.1691    79.205
821   75.3589    79.9434
822   75.3589    78.8477
823   75.3589    78.5049
824   75.3589    77.8518
825   75.3589    79.3585
826   75.3589    77.7188
827   75.3589    78.5766
828   75.3589    78.823
829   75.3589    77.2417
830   75.3589    77.4674
831   74.6813    77.7305
832   74.6813    78.15
833   74.6813    79.039
834   74.6813    78.0624
835   74.6813    77.5436
836   74.6813    79.6785
837   74.6813    79.657
838   74.6813    78.8352
839   74.6813    77.0378
840   74.6813    76.7987
841   74.6369    76.719
842   74.6369    75.8614
843   74.6369    78.5636
844   74.6369    78.8497
845   74.5908    78.5418
846   74.4099    77.1353
847   74.4099    77.5164
848   74.4099    76.7416
849   74.3639    76.8167
850   73.8416    77.3254
851   73.8416    77.6204
852   73.8416    77.8508
853   73.8416    77.5672
854   73.8416    76.6382
855   73.8416    76.4216
856   73.8416    75.2557
857   73.8416    75.5444
858   73.8416    75.8583
859   73.8416    77.6929
860   73.8416    78.5364
861   73.8416    77.7553
862   73.8416    76.8962
863   73.8416    77.2202
864   73.8416    75.5824
865   73.8416    75.5266
866   73.8416    77.3891
867   73.8416    78.2637
868   73.8416    77.9574
869   73.8416    79.7374
870   73.8416    77.5605
871   73.8416    79.0988
872   73.8416    78.1712
873   73.8416    76.7426
874   73.8416    76.3335
875   73.8416    76.4424
876   73.8416    75.6661
877   73.8416    76.1005
878   73.8416    76.2834
879   73.8416    75.7579
880   73.8416    77.1781
881   73.8416    77.9774
882   73.8416    78.1136
883   73.8416    79.083
884   73.8416    78.1406
885   73.8416    79.3334
886   73.8416    77.981
887   73.8416    78.4139
888   73.8416    78.6879
889   73.8416    78.6116
890   73.8416    79.1378
891   73.8416    78.2579
892   73.8416    78.7662
893   73.8416    79.0948
894   73.8416    78.0218
895   73.8416    76.7929
896   73.8416    76.8143
897   73.8416    78.094
898   73.8416    78.7682
899   73.8416    77.7055
900   73.8416    76.5569
901   73.8416    76.058
902   73.8416    77.5066
903   73.8416    77.7367
904   73.8416    78.3456
905   73.8416    77.4535
906   73.8416    75.9743
907   73.8416    76.9049
908   73.8416    75.9346
909   73.8416    75.6307
910   73.8416    75.4777
911   73.8416    75.8319
912   73.8416    78.0676
913   73.649    79.5719
914   73.649    80.1696
915   73.649    79.399
916   73.2573    77.0001
917   73.2573    76.9499
918   73.0647    76.4202
919   73.0647    75.4377
920   73.0647    76.2175
921   73.0647    76.862
922   73.0647    75.7552
923   73.0647    75.9168
924   73.0647    78.9409
925   73.0647    78.8168
926   73.0647    77.4203
927   73.0647    76.1264
928   73.0647    75.8163
929   73.0647    77.1529
930   73.0647    77.9569
931   73.0647    77.2848
932   73.0647    77.8124
933   73.0647    78.3336
934   73.0647    78.2318
935   73.0647    77.2717
936   73.0647    75.8063
937   73.0647    76.374
938   73.0647    75.5209
939   73.0647    76.2076
940   73.0647    75.7705
941   73.0647    76.6636
942   73.0647    76.7505
943   73.0647    76.9836
944   73.0647    77.7297
945   73.0647    79.0386
946   73.0647    79.8205
947   73.0647    77.4985
948   73.0647    76.7677
949   73.0647    76.3364
950   72.5745    76.4922
951   72.5745    76.2595
952   72.5745    76.0721
953   72.5745    77.8556
954   72.5745    76.2117
955   72.5745    77.1916
956   72.5745    77.1155
957   72.5745    77.1214
958   72.5745    77.3053
959   72.5745    76.2538
960   72.5745    76.0576
961   72.5745    75.2833
962   72.5745    74.2993
963   72.5745    76.7574
964   72.5745    76.3731
965   72.5745    76.6423
966   72.5745    75.3809
967   72.5745    76.275
968   72.5745    75.8473
969   72.5745    75.6803
970   72.5745    75.7982
971   72.5745    75.7002
972   72.5745    74.5949
973   72.5745    75.2952
974   72.5745    75.6744
975   72.5745    77.4228
976   72.5745    77.2234
977   72.5745    78.2168
978   72.5745    78.1457
979   72.5745    77.3724
980   72.5745    77.438
981   72.5745    77.4411
982   72.5745    76.8445
983   72.5745    77.9882
984   72.5745    76.1063
985   72.5745    76.9298
986   72.5745    75.8697
987   72.5745    74.9023
988   72.5745    75.7805
989   72.5745    76.3146
990   72.5745    76.4251
991   72.5745    77.6168
992   72.5745    78.2851
993   72.5745    76.5516
994   72.5745    74.1536
995   72.5745    74.2691
996   72.5745    77.7734
997   72.5745    76.6517
998   72.5745    75.4569
999   72.5745    75.4557
1000   72.5745    76.3943
1001   72.5745    75.2763
1002   72.5745    76.3143
1003   72.5745    77.9228
1004   72.5745    77.6308
1005   72.5745    77.3125
1006   72.5745    78.0988
1007   72.5745    76.0821
1008   72.5745    78.4558
1009   72.5745    77.8392
1010   72.5745    76.3481
1011   72.5745    76.9881
1012   72.5745    74.9328
1013   72.5745    75.1647
1014   72.5745    74.773
1015   72.5745    75.9704
1016   72.5745    76.4556
1017   72.5745    75.7088
1018   72.5745    77.5515
1019   72.5745    77.2061
1020   72.5745    76.4681
1021   72.5745    76.9078
1022   72.5745    77.6807
1023   72.5745    78.083
1024   72.5293    78.5691
1025   72.5293    77.6917
1026   72.5293    75.9723
1027   72.5293    76.0526
1028   72.5293    76.2904
1029   72.5293    78.9352
1030   72.5293    78.1394
1031   72.5293    78.6357
1032   72.5293    79.2385
1033   72.5293    79.6748
1034   72.5293    79.5121
1035   72.5293    78.1377
1036   72.5293    76.8313
1037   72.5293    77.5944
1038   72.5293    77.8351
1039   72.5293    78.1846
1040   72.5293    75.1339
1041   72.5293    77.0625
1042   72.5293    77.1736
1043   72.5293    76.5081
1044   72.5293    76.01
1045   72.5293    76.6901
1046   72.1452    77.0288
1047   72.1452    76.0617
1048   72.1452    75.9848
1049   72.1452    75.7098
1050   72.1452    76.085
1051   72.1452    75.4344
1052   72.1452    76.4461
1053   72.1452    77.1555
1054   72.1452    77.3168
1055   72.1452    76.7852
1056   72.1452    76.1906
1057   72.1452    75.0943
1058   72.1452    76.577
1059   72.1452    77.2212
1060   72.1452    75.6736
1061   72.1452    76.0018
1062   72.1452    75.9729
1063   72.1452    77.1496
1064   72.1452    76.5603
1065   72.1452    75.9733
1066   72.1452    75.6046
1067   71.7559    73.1172
1068   71.7559    74.3776
1069   71.5512    73.5243
1070   71.5512    73.3105
1071   71.5512    73.0649
1072   71.5512    72.7029
1073   71.5512    73.156
1074   71.5512    72.6677
1075   71.5512    71.9181
1076   71.5512    72.8854
1077   71.5512    75.2048
1078   71.5512    75.5245
1079   71.5512    74.0798
1080   71.5512    75.3425
1081   71.5512    75.9861
1082   71.5512    76.419
1083   71.5512    77.6438
1084   71.5512    76.029
1085   71.5512    75.853
1086   71.5512    75.9591
1087   71.5512    76.0773
1088   71.5512    75.3922
1089   71.5512    74.8001
1090   71.5512    74.5087
1091   71.5512    74.7299
1092   71.5512    74.0865
1093   71.5512    73.321
1094   71.5512    74.8578
1095   71.5512    76.2551
1096   71.5512    74.7569
1097   71.5512    74.1043
1098   71.5512    73.9927
1099   71.5512    74.3526
1100   71.5512    73.3338
1101   71.5512    73.599
1102   71.5512    74.4184
1103   71.5512    75.6619
1104   71.5512    75.5314
1105   71.5512    72.6855
1106   71.5512    73.3014
1107   71.5512    73.7568
1108   71.5512    76.275
1109   71.5512    75.9267
1110   71.5512    75.2777
1111   71.5512    73.2313
1112   71.5512    73.2792
1113   71.5512    72.9956
1114   71.5512    74.7944
1115   71.5512    75.1158
1116   71.5512    75.9399
1117   71.5512    75.9507
1118   71.5512    76.4317
1119   71.5512    74.0592
1120   71.5512    74.2994
1121   71.5512    74.2352
1122   71.5512    74.7411
1123   71.5512    74.6903
1124   71.5512    75.5315
1125   71.5512    75.466
1126   71.5512    75.497
1127   71.5512    74.5214
1128   71.5512    74.838
1129   71.5512    74.3226
1130   71.5512    72.7951
1131   71.5512    72.6678
1132   71.5512    73.4024
1133   71.5512    75.9476
1134   71.5512    75.0398
1135   71.5512    73.6039
1136   71.5512    73.6707
1137   71.5512    74.4324
1138   71.5512    74.8859
1139   71.5512    74.0722
1140   71.5512    73.2107
1141   71.5512    73.9378
1142   71.5512    73.166
1143   71.5512    73.6303
1144   71.5512    74.3622
1145   71.5512    74.892
1146   71.5512    74.8958
1147   71.5512    75.0782
1148   71.5512    75.2055
1149   71.5512    74.228
1150   71.5512    74.8101
1151   71.5512    75.257
1152   71.5512    75.1322
1153   71.5512    73.7799
1154   71.5512    74.2032
1155   71.5512    75.1362
1156   71.5512    74.6255
1157   71.5512    75.8165
1158   71.5512    75.5704
1159   71.5512    77.2307
1160   71.5512    77.2426
1161   71.5512    75.3005
1162   71.5512    74.7943
1163   71.5512    76.1739
1164   71.5512    74.6987
1165   71.5512    74.7864
1166   71.5512    73.276
1167   71.5512    73.6072
1168   71.541    72.8748
1169   71.541    73.72
1170   71.541    75.3465
1171   71.541    74.528
1172   71.541    75.1796
1173   71.541    75.0833
1174   71.541    74.9625
1175   71.541    74.6588
1176   71.541    76.578
1177   71.541    76.0054
1178   71.541    75.2463
1179   71.541    76.8334
1180   71.541    76.715
1181   70.4468    74.7593
1182   70.4468    74.756
1183   70.4468    74.794
1184   70.4468    74.3314
1185   70.4468    76.5264
1186   70.4029    75.8182
1187   70.4029    72.8784
1188   70.4029    71.7541
1189   70.4029    73.5455
1190   70.4029    74.1387
1191   70.4029    74.6288
1192   70.4029    75.0265
1193   70.4029    74.4926
1194   70.4029    74.0257
1195   70.4029    74.7622
1196   70.4029    73.7985
1197   70.4029    73.2164
1198   70.4029    74.1818
1199   70.4029    74.6358
1200   70.4029    75.0242
1201   70.4029    73.7953
1202   70.4029    73.1669
1203   70.4029    74.8296
1204   70.4029    75.2476
1205   70.4029    73.4274
1206   70.4029    73.2831
1207   70.2999    73.7566
1208   70.2999    74.2913
1209   70.2999    76.0894
1210   70.2999    75.2736
1211   70.2999    76.0439
1212   70.2999    77.267
1213   70.2999    75.0441
1214   70.2999    74.6253
1215   70.2999    72.677
1216   70.2999    73.1057
1217   70.2999    73.3083
1218   70.2999    72.0876
1219   70.2999    73.0391
1220   70.2999    71.6479
1221   70.2999    71.6733
1222   70.2999    72.5635
1223   70.2999    73.3061
1224   70.2999    72.0994
1225   70.2999    73.3593
1226   70.2999    72.9772
1227   70.2999    74.7495
1228   70.2999    73.9707
1229   70.2999    74.6527
1230   70.2999    73.7141
1231   70.2999    73.1309
1232   70.2999    73.1646
1233   70.2999    72.8602
1234   70.2999    71.7842
1235   70.2999    72.3147
1236   70.2999    73.0343
1237   70.2999    72.8807
1238   70.2999    73.3499
1239   70.2999    73.303
1240   70.2999    73.5962
1241   70.2999    72.7819
1242   70.2999    72.7257
1243   70.2999    72.8999
1244   70.2999    73.4749
1245   70.2999    73.117
1246   70.2999    73.8478
1247   70.2032    73.2146
1248   70.2032    73.0549
1249   70.2032    73.8768
1250   70.2032    74.5975
1251   70.2032    73.3959
1252   70.2032    74.1725
1253   70.2032    76.1407
1254   70.2032    76.955
1255   70.2032    75.9505
1256   70.2032    75.0053
1257   70.2032    75.0384
1258   70.2032    73.5122
1259   70.2032    72.8382
1260   70.2032    73.8556
1261   70.2032    74.6544
1262   70.2032    75.6005
1263   70.2032    74.7172
1264   70.2032    73.4565
1265   70.2032    73.8626
1266   70.2032    72.8195
1267   70.2032    73.5857
1268   70.2032    73.7167
1269   70.2032    72.2175
1270   70.2032    72.7821
1271   70.2032    73.2869
1272   70.2032    73.7511
1273   70.2032    74.6629
1274   70.2032    74.4181
1275   70.2032    72.7602
1276   70.2032    74.0294
1277   70.2032    73.6619
1278   70.2032    72.4764
1279   70.2032    71.7609
1280   70.2032    72.4087
1281   70.2032    72.2014
1282   70.2032    72.9402
1283   70.2032    74.0586
1284   70.2032    71.5529
1285   70.2032    72.6642
1286   70.2032    73.9495
1287   70.2032    74.0258
1288   70.2032    73.4837
1289   70.2032    74.3317
1290   70.2032    73.8684
1291   70.2032    73.606
1292   70.2032    73.7631
1293   70.2032    72.5832
1294   70.2032    73.5178
1295   70.2032    75.085
1296   70.2032    73.3689
1297   70.2032    74.4995
1298   70.2032    73.0894
1299   70.2032    74.4861
1300   70.2032    72.7743
1301   70.2032    72.0316
1302   70.2032    72.1256
1303   70.2032    73.6839
1304   70.2032    75.5201
1305   70.2032    73.5584
1306   70.2032    75.0765
1307   70.2032    74.0621
1308   70.2032    72.4072
1309   70.2032    72.1529
1310   70.2032    73.037
1311   70.2032    73.0237
1312   70.2032    74.5594
1313   70.2032    73.7294
1314   70.2032    76.7074
1315   70.2032    76.4011
1316   70.2032    75.4441
1317   70.2032    74.0399
1318   70.2032    73.6116
1319   70.2032    72.9029
1320   70.2032    72.8453
1321   70.2032    74.2393
1322   70.2032    73.8614
1323   70.2032    73.72
1324   70.2032    75.1623
1325   70.2032    74.9411
1326   70.2032    76.5897
1327   70.2032    76.5011
1328   70.2032    75.854
1329   70.2032    74.0822
1330   70.2032    74.0304
1331   70.2032    74.0603
1332   70.2032    73.0459
1333   70.2032    74.2686
1334   70.2032    73.7621
1335   70.2032    73.932
1336   70.2032    77.4837
1337   70.2032    75.1955
1338   70.2032    75.5573
1339   70.2032    75.4139
1340   70.2032    76.4723
1341   70.2032    73.42
1342   70.2032    74.0886
1343   70.2032    74.9777
1344   70.2032    74.8753
1345   70.2032    75.0535
1346   70.2032    75.8677
1347   70.2032    76.7534
1348   70.2032    74.3886
1349   70.2032    75.0797
1350   70.2032    74.4413
1351   70.2032    73.2941
1352   70.2032    71.3011
1353   70.2032    71.5238
1354   70.2032    72.7083
1355   70.2032    74.0322
1356   70.2032    72.3666
1357   70.2032    71.4358
1358   70.2032    71.306
1359   70.2032    72.2655
1360   70.2032    73.2126
1361   70.2032    73.9772
1362   70.2032    74.7314
1363   70.2032    75.3553
1364   70.2032    76.4454
1365   70.2032    76.3811
1366   70.2032    75.6488
1367   70.2032    75.7769
1368   70.2032    75.156
1369   70.2032    73.5111
1370   70.2032    73.6565
1371   70.2032    73.7161
1372   70.2032    76.2206
1373   70.2032    74.9715
1374   70.2032    73.1919
1375   70.2032    73.5438
1376   70.2032    73.3986
1377   70.2032    72.365
1378   70.2032    72.2128
1379   70.2032    73.7034
1380   70.2032    73.2191
1381   70.2032    73.2792
1382   70.2032    72.8771
1383   70.2032    71.6478
1384   70.2032    71.9098
1385   70.2032    71.5327
1386   70.2032    71.8057
1387   70.2032    73.6643
1388   70.2032    73.7715
1389   70.2032    71.5671
1390   70.2032    72.2587
1391   70.2032    73.0769
1392   70.2032    73.7496
1393   70.2032    74.1452
1394   70.2032    72.2607
1395   70.2032    71.4463
1396   70.2032    72.6941
1397   70.2032    72.0183
1398   70.2032    72.33
1399   70.2032    74.2223
1400   70.2032    75.8692
1401   70.2032    73.9018
1402   70.2032    73.967
1403   70.2032    73.2897
1404   70.2032    73.739
1405   70.2032    75.0257
1406   70.2032    73.1001
1407   70.2032    72.1499
1408   70.2032    71.7038
1409   70.2032    72.674
1410   70.2032    72.9067
1411   70.2032    72.8603
1412   70.2032    73.1097
1413   70.2032    72.6301
1414   70.2032    72.4335
1415   70.2032    71.6176
1416   70.2032    72.7078
1417   70.2032    72.262
1418   70.2032    72.6946
1419   70.2032    72.7038
1420   70.2032    72.8045
1421   70.2032    71.9834
1422   70.2032    72.7959
1423   70.2032    72.6997
1424   70.2032    73.0179
1425   70.2032    71.821
1426   70.2032    73.7903
1427   70.2032    73.0865
1428   70.2032    73.169
1429   70.2032    74.3159
1430   70.2032    74.237
1431   70.2032    73.6683
1432   70.2032    74.4581
1433   70.2032    75.2372
1434   70.2032    75.0332
1435   70.2032    73.2635
1436   70.2032    74.9325
1437   70.2032    74.6981
1438   70.2032    73.0813
1439   70.2032    72.0973
1440   70.2032    72.7469
1441   70.2032    72.5311
1442   70.2032    73.7466
1443   70.2032    74.7589
1444   70.2032    75.0195
1445   70.2032    75.9071
1446   70.2032    74.9439
1447   70.2032    74.0092
1448   70.2032    73.0993
1449   70.2032    73.0725
1450   70.2032    74.0886
1451   70.2032    73.3263
1452   70.2032    73.8074
1453   70.2032    72.2802
1454   70.2032    72.7413
1455   70.2032    72.2798
1456   70.2032    74.6644
1457   70.2032    71.729
1458   70.2032    71.7415
1459   70.2032    72.3092
1460   70.2032    71.839
1461   70.2032    72.9111
1462   70.2032    72.5172
1463   70.2032    73.6621
1464   70.2032    73.019
1465   70.2032    74.6832
1466   70.2032    76.1474
1467   70.2032    75.9871
1468   70.2032    72.8898
1469   70.2032    73.7855
1470   70.2032    74.1734
1471   70.2032    73.2646
1472   70.2032    74.0279
1473   70.2032    74.9405
1474   70.2032    72.9853
1475   70.2032    72.9929
1476   70.2032    73.629
1477   70.2032    73.5851
1478   70.2032    71.7171
1479   70.2032    72.5528
1480   70.2032    73.5575
1481   70.2032    71.7764
1482   70.2032    72.4615
1483   70.2032    72.8623
1484   70.2032    73.9235
1485   70.2032    75.2231
1486   70.2032    74.0203
1487   70.2032    73.5189
1488   70.2032    72.9166
1489   70.2032    71.7056
1490   70.2032    71.5129
1491   70.2032    73.2025
1492   70.2032    73.3605
1493   70.2032    72.9599
1494   70.2032    71.8446
1495   70.2032    72.5119
1496   70.2032    74.2491
1497   70.2032    74.693
1498   70.2032    74.9047
1499   70.2032    73.1555
1500   70.2032    73.4943
1501   70.2032    72.5454
1502   70.2032    73.5497
1503   70.2032    73.7232
1504   70.2032    73.3087
1505   70.2032    71.8014
1506   70.2032    73.3079
1507   70.2032    73.9681
1508   70.2032    73.7598
1509   70.2032    74.5184
1510   70.2032    74.268
1511   70.2032    73.5635
1512   70.2032    72.8162
1513   70.2032    72.2951
1514   70.2032    71.9221
1515   70.2032    72.9737
1516   70.2032    73.7112
1517   70.2032    73.1446
1518   70.2032    73.3242
1519   70.2032    72.954
1520   70.2032    74.1222
1521   70.2032    74.1792
1522   70.2032    72.9314
1523   70.2032    73.759
1524   70.2032    71.6001
1525   70.2032    72.2263
1526   70.2032    73.6042
1527   70.2032    73.0327
1528   70.2032    73.4398
1529   70.2032    74.5127
1530   70.2032    74.2387
1531   70.2032    73.8206
1532   70.2032    73.2814
1533   70.2032    72.2972
1534   70.2032    72.6914
1535   70.2032    73.3547
1536   70.2032    73.5084
1537   70.2032    71.7808
1538   70.2032    73.0506
1539   70.2032    73.273
1540   70.2032    72.5576
1541   70.2032    72.9154
1542   70.2032    71.6989
1543   70.2032    71.3035
1544   70.2032    72.7649
1545   70.2032    72.1816
1546   70.2032    71.9628
1547   70.2032    72.8028
1548   70.2032    73.8422
1549   70.2032    75.4401
1550   70.2032    72.5804
1551   70.2032    72.704
1552   70.2032    74.6147
1553   70.2032    73.1612
1554   70.2032    73.2414
1555   70.2032    74.2805
1556   70.2032    74.4992
1557   70.2032    75.5158
1558   70.2032    75.8638
1559   70.2032    75.1207
1560   70.2032    73.5257
1561   70.2032    73.6675
1562   70.2032    73.1634
1563   70.2032    73.553
1564   70.2032    73.3181
1565   70.2032    72.1659
1566   70.2032    74.0915
1567   70.2032    76.154
1568   70.2032    75.6193
1569   70.2032    74.3046
1570   70.2032    73.3754
1571   70.2032    72.804
1572   70.2032    71.1687
1573   70.2032    71.8229
1574   70.2032    73.0839
1575   70.2032    73.1163
1576   70.2032    71.946
1577   70.2032    72.9141
1578   70.2032    73.2122
1579   70.2032    71.084
1580   70.2032    70.949
1581   70.2032    72.245
1582   70.2032    72.4299
1583   70.2032    73.049
1584   70.2032    72.5704
1585   70.2032    71.8008
1586   70.2032    72.5584
1587   70.2032    72.3916
1588   70.2032    72.8496
1589   70.2032    74.4211
1590   70.2032    73.7434
1591   70.2032    74.2167
1592   70.2032    74.0271
1593   70.2032    75.0835
1594   70.2032    76.8591
1595   70.2032    74.1522
1596   70.2032    74.9854
1597   70.2032    74.3413
1598   70.2032    75.5372
1599   70.2032    73.2109
1600   70.2032    71.8856
1601   70.2032    72.507
1602   70.2032    72.5196
1603   70.2032    72.4013
1604   70.2032    72.8377
1605   70.2032    71.9895
1606   70.2032    73.4624
1607   70.2032    75.1203
1608   70.2032    73.5104
1609   70.2032    72.3706
1610   70.2032    73.5935
1611   70.2032    73.4893
1612   70.2032    72.0523
1613   70.2032    71.4959
1614   70.2032    72.7174
1615   70.2032    73.1702
1616   70.2032    73.552
1617   70.2032    74.1813
1618   70.2032    74.6502
1619   70.2032    74.734
1620   70.2032    73.8281
1621   70.2032    72.6192
1622   70.2032    73.2304
1623   70.2032    75.2293
1624   70.2032    75.4753
1625   70.2032    74.9833
1626   70.2032    76.2986
1627   70.2032    75.968
1628   70.2032    73.446
1629   70.2032    73.1191
1630   70.2032    72.2336
1631   70.2032    72.2275
1632   70.2032    72.3262
1633   70.2032    74.5827
1634   70.2032    74.5619
1635   70.2032    74.7825
1636   70.0862    74.4891
1637   70.0862    73.9991
1638   70.0862    72.6487
1639   70.0862    72.1793
1640   70.0862    73.106
1641   70.0862    73.7016
1642   70.0862    71.969
1643   70.0862    71.4461
1644   70.0862    71.9213
1645   70.0862    71.562
1646   70.0862    73.5363
1647   70.0862    71.6294
1648   70.0862    73.8193
1649   70.0862    73.8288
1650   70.0862    74.2236
1651   70.0862    72.4348
1652   70.0862    73.1054
1653   70.0862    72.5022
1654   70.0862    72.4398
1655   70.0862    73.7688
1656   70.0862    73.7416
1657   70.0862    72.3681
1658   70.0862    72.5922
1659   70.0862    72.7145
1660   70.0862    72.7175
1661   70.0862    74.2026
1662   70.0862    73.8401
1663   70.0862    73.5125
1664   70.0862    73.3908
1665   70.0862    72.3199
1666   70.0862    71.6621
1667   70.0862    71.4556
1668   70.0862    72.756
1669   70.0862    73.7148
1670   70.0862    74.7125
1671   70.0862    73.7969
1672   70.0862    73.2751
1673   70.0862    75.0133
1674   70.0862    73.995
1675   70.0862    74.0224
1676   70.0862    73.6343
1677   70.0862    74.8335
1678   70.0862    75.0458
1679   70.0862    76.3363
1680   70.0862    74.291
1681   70.0862    74.334
1682   70.0862    72.9453
1683   70.0862    73.4578
1684   70.0862    72.8304
1685   70.0862    73.2062
1686   70.0862    73.3266
1687   70.0862    73.8579
1688   70.0862    74.9568
1689   70.0862    74.958
1690   70.0862    73.7643
1691   70.0862    73.7371
1692   70.0862    74.1019
1693   70.0862    74.4589
1694   70.0862    73.5203
1695   70.0862    72.9407
1696   70.0862    72.6387
1697   70.0862    73.7328
1698   70.0862    72.9429
1699   70.0862    71.9079
1700   70.0862    72.9789
1701   70.0862    74.2167
1702   70.0862    73.6584
1703   70.0862    74.0735
1704   70.0862    75.1599
1705   70.0862    73.3147
1706   70.0862    73.6601
1707   70.0862    73.3324
1708   70.0862    73.5997
1709   70.0862    72.1361
1710   70.0862    73.212
1711   70.0862    72.9587
1712   70.0862    72.2618
1713   70.0862    72.8244
1714   70.0862    71.9509
1715   70.0862    74.6885
1716   70.0862    75.7433
1717   70.0862    76.2564
1718   70.0862    75.4455
1719   70.0862    75.2557
1720   70.0862    73.8716
1721   70.0862    73.4131
1722   70.0862    73.8232
1723   70.0862    72.224
1724   70.0862    71.7632
1725   70.0862    71.6349
1726   70.0862    72.7651
1727   70.0862    72.2446
1728   70.0862    73.2922
1729   70.0862    72.8102
1730   70.0862    72.6938
1731   70.0862    73.8259
1732   70.0862    72.8804
1733   70.0862    72.563
1734   70.0862    74.6496
1735   70.0862    76.9293
1736   70.0862    75.6324
1737   70.0862    74.5498
1738   70.0862    74.7784
1739   70.0862    74.0776
1740   70.0862    73.3378
1741   70.0862    73.0554
1742   70.0862    72.9102
1743   70.0862    72.4825
1744   70.0862    71.6467
1745   70.0862    73.9369
1746   70.0862    75.1773
1747   70.0862    75.5826
1748   70.0862    74.109
1749   70.0862    72.9688
1750   70.0862    73.1206
1751   70.0862    76.3558
1752   70.0862    75.5572
1753   70.0862    74.6909
1754   70.0862    72.5885
1755   70.0862    71.841
1756   70.0862    72.3776
1757   70.0862    71.5683
1758   70.0862    71.0022
1759   70.0862    71.5195
1760   70.0862    72.3903
1761   70.0862    71.7664
1762   70.0862    72.1146
1763   70.0862    75.3078
1764   70.0862    76.2858
1765   70.0862    74.7764
1766   70.0862    74.6532
1767   70.0862    73.5631
1768   70.0862    74.814
1769   70.0862    75.6704
1770   70.0862    75.497
1771   70.0862    75.6802
1772   70.0862    75.3151
1773   70.0862    73.7789
1774   70.0862    73.7911
1775   70.0862    73.1595
1776   70.0862    72.9151
1777   70.0862    71.6929
1778   70.0862    72.4461
1779   70.0862    72.6419
1780   70.0862    73.6595
1781   70.0862    73.5949
1782   70.0862    72.1097
1783   70.0862    72.4601
1784   70.0862    73.1741
1785   70.0862    73.1115
1786   70.0862    72.3571
1787   70.0862    74.9802
1788   70.0862    72.2085
1789   70.0862    71.1342
1790   70.0862    73.7201
1791   70.0862    73.7774
1792   70.0862    74.5998
1793   70.0862    74.4263
1794   70.0862    74.4514
1795   70.0862    73.9412
1796   70.0862    73.2126
1797   70.0862    72.7486
1798   70.0862    73.2188
1799   70.0862    72.9212
1800   70.0862    73.1071
1801   70.0862    73.31
1802   70.0862    75.2782
1803   70.0862    75.1543
1804   70.0862    75.847
1805   70.0862    75.5182
1806   70.0862    75.5033
1807   70.0862    74.2851
1808   70.0862    74.614
1809   70.0862    72.1054
1810   70.0862    72.5242
1811   70.0862    71.2265
1812   70.0862    72.2373
1813   70.0862    71.448
1814   70.0862    72.576
1815   70.0862    72.3563
1816   70.0862    71.8861
1817   70.0862    72.7374
1818   70.0862    73.1416
1819   70.0862    72.2881
1820   70.0862    72.276
1821   70.0862    73.6991
1822   70.0862    72.825
1823   70.0862    73.0336
1824   70.0862    72.5716
1825   70.0862    73.0061
1826   70.0862    73.3113
1827   70.0862    72.982
1828   70.0862    73.0911
1829   70.0862    73.785
1830   70.0862    73.6112
1831   70.0862    74.4339
1832   70.0862    74.2717
1833   70.0862    72.2056
1834   70.0862    73.9239
1835   70.0862    73.3983
1836   70.0862    72.4009
1837   70.0862    72.7604
1838   70.0862    73.6579
1839   70.0862    72.4602
1840   70.0862    72.5704
1841   70.0862    73.257
1842   70.0862    71.8824
1843   70.0862    71.9825
1844   70.0862    71.9021
1845   70.0862    72.6138
1846   70.0862    73.7073
1847   70.0862    74.0837
1848   70.0862    74.2728
1849   70.0862    73.9344
1850   70.0862    73.3914
1851   70.0862    73.3338
1852   70.0862    73.2307
1853   70.0862    73.8716
1854   70.0862    73.7991
1855   70.0862    73.36
1856   70.0862    74.3379
1857   70.0862    74.2591
1858   70.0862    73.585
1859   70.0862    75.5923
1860   70.0862    77.279
1861   70.0862    75.6049
1862   70.0862    74.3543
1863   70.0862    72.3458
1864   70.0862    71.6821
1865   70.0862    72.5512
1866   70.0862    73.2556
1867   70.0862    73.4745
1868   70.0862    72.5628
1869   70.0862    74.9284
1870   70.0862    74.3191
1871   70.0862    73.4813
1872   70.0862    72.1809
1873   70.0862    73.0969
1874   70.0862    73.3515
1875   70.0862    74.738
1876   70.0862    72.9193
1877   70.0862    73.2523
1878   70.0862    73.9738
1879   70.0862    72.6706
1880   70.0862    73.682
1881   70.0862    73.3529
1882   70.0862    73.1747
1883   70.0862    72.1489
1884   70.0862    72.174
1885   70.0862    71.0422
1886   70.0862    73.2665
1887   70.0862    73.4747
1888   70.0862    72.4062
1889   70.0862    72.6157
1890   70.0862    72.3303
1891   70.0862    72.0035
1892   70.0862    71.783
1893   70.0862    72.1634
1894   70.0862    72.2499
1895   70.0862    72.3196
1896   70.0862    72.5711
1897   70.0862    74.2467
1898   70.0862    73.1729
1899   70.0862    73.2328
1900   70.0862    72.0518
1901   70.0862    72.2881
1902   70.0862    71.5339
1903   70.0862    71.8583
1904   70.0862    73.6324
1905   70.0862    71.8947
1906   69.6289    72.2102
1907   69.6289    73.0656
1908   69.6289    75.1
1909   69.6289    75.6922
1910   69.6289    76.7004
1911   69.6289    74.04
1912   69.6289    72.7254
1913   69.6289    72.5763
1914   69.6289    72.5115
1915   69.6289    72.3767
1916   69.6289    73.0729
1917   69.6289    72.8673
1918   69.6289    74.4787
1919   69.6289    73.6958
1920   69.6289    72.3244
1921   69.6289    73.6239
1922   69.6289    74.8114
1923   69.6289    73.8095
1924   69.6289    73.0205
1925   69.6289    75.0318
1926   69.6289    75.385
1927   69.6289    75.4505
1928   69.6289    72.3877
1929   69.6289    73.9223
1930   69.6289    75.7788
1931   69.6289    76.5328
1932   69.6289    78.5908
1933   69.6289    80.4
1934   69.6289    78.8605
1935   69.6289    78.2832
1936   69.6289    79.3055
1937   69.6289    77.7672
1938   69.6289    77.3512
1939   69.6289    78.046
1940   69.6289    76.7192
1941   69.6289    76.6265
1942   69.6289    75.0005
1943   69.6289    74.36
1944   69.6289    73.6656
1945   69.6289    74.0984
1946   69.6289    73.3462
1947   69.6289    74.2792
1948   69.6289    73.2688
1949   69.6289    72.7593
1950   69.6289    71.9798
1951   69.5416    71.8301
1952   69.5416    71.3879
1953   69.4879    73.0433
1954   69.4879    75.1219
1955   69.4006    73.0438
1956   69.4006    73.0587
1957   69.4006    74.1587
1958   69.4006    74.1245
1959   69.4006    73.2138
1960   69.4006    74.3509
1961   69.4006    72.7287
1962   69.4006    71.5774
1963   69.4006    71.0567
1964   69.4006    71.4723
1965   69.4006    71.4658
1966   69.4006    71.4755
1967   69.4006    70.981
1968   69.4006    72.0524
1969   69.4006    73.946
1970   69.4006    71.9727
1971   69.4006    71.5433
1972   69.4006    71.2716
1973   69.4006    71.4621
1974   69.4006    72.8503
1975   69.4006    73.1027
1976   69.4006    71.7336
1977   69.4006    71.5312
1978   69.4006    72.6539
1979   69.4006    71.2154
1980   69.4006    71.4164
1981   69.4006    71.6958
1982   69.4006    71.5337
1983   69.4006    71.1952
1984   69.4006    71.511
1985   69.4006    70.4426
1986   69.4006    71.0149
1987   69.4006    72.439
1988   69.4006    71.693
1989   69.4006    71.2647
1990   69.4006    72.5239
1991   69.4006    73.3566
1992   69.4006    73.1023
1993   69.4006    71.6466
1994   69.4006    71.2164
1995   69.4006    71.8451
1996   69.4006    70.7441
1997   69.4006    70.9548
1998   69.4006    70.5662
1999   69.4006    70.9461
2000   69.4006    71.0525
