1   451.093    492.262
2   439.125    475.158
3   427.245    462.205
4   418.983    450.281
5   410.945    438.429
6   399.197    426.843
7   395.308    417.395
8   390.777    410.773
9   385.213    404.555
10   381.237    399.705
11   373.056    392.747
12   369.447    386.315
13   356.163    383.451
14   346.207    378.536
15   337.966    367.703
16   337.063    360.031
17   337.063    355.691
18   328.641    347.891
19   328.584    344.254
20   324.094    338.903
21   322.228    334.586
22   318.094    332.223
23   311.093    328.981
24   311.093    326.151
25   308.671    322.403
26   305.144    317.539
27   302.336    315.115
28   291.472    311.08
29   291.105    306.722
30   291.105    305.344
31   288.523    304.05
32   287.673    300.232
33   284.268    294.365
34   284.268    292.101
35   271.256    289.896
36   271.256    286.295
37   268.553    283.307
38   267.526    279.748
39   266.813    277.763
40   266.813    275.428
41   266.163    273.086
42   264.66    270.912
43   263.581    269.519
44   259.287    268.564
45   256.277    267.762
46   254.516    266.139
47   254.516    263.473
48   251.432    261.779
49   251.432    259.723
50   250.766    258.258
51   246.978    255.773
52   246.868    254.811
53   246.868    251.719
54   246.591    250.796
55   242.031    250.702
56   240.938    248.286
57   238.343    246.835
58   230.599    244.352
59   228.999    241.196
60   228.999    238.321
61   228.7    236.154
62   228.473    232.002
63   227.398    232.636
64   224.988    231.841
65   223.184    230.306
66   223.184    228.808
67   221.858    227.974
68   220.923    225.757
69   218.818    223.793
70   218.818    223.493
71   218.818    221.796
72   218.818    222.074
73   217.262    221.395
74   215.16    221.565
75   211.505    220.769
76   211.505    219.449
77   209.073    217.266
78   208.215    216.41
79   205.783    215.938
80   205.783    213.509
81   205.783    212.315
82   200.798    211.027
83   200.798    210.342
84   198.82    207.718
85   198.191    205.123
86   193.802    203.761
87   193.802    202.802
88   193.802    199.317
89   192.182    197.802
90   191.429    197.206
91   191.168    196.318
92   191.168    196.069
93   188.795    194.895
94   188.795    193.934
95   187.236    192.781
96   187.236    191.271
97   186.004    190.43
98   186.004    189.312
99   184.742    188.655
100   183.474    187.574
101   182.577    188.014
102   182.577    188.332
103   182.577    187.902
104   179.895    186.611
105   179.895    186.155
106   179.895    185.015
107   179.69    183.598
108   175.788    183.056
109   175.788    182.981
110   174.802    182.34
111   174.802    181.17
112   174.245    178.915
113   174.245    178.446
114   174.245    177.171
115   174.245    176.863
116   171.174    175.777
117   170.777    176.299
118   169.281    174.769
119   169.281    175.459
120   167.969    174.275
121   166.47    173.38
122   166.16    171.16
123   165.158    171.568
124   165.158    170.668
125   164.761    170.135
126   164.761    169.977
127   164.761    168.517
128   163.476    167.771
129   163.476    167.709
130   160.455    167.769
131   160.455    168.718
132   160.455    167.3
133   158.315    166.567
134   158.315    166.947
135   158.315    167.419
136   158.194    164.702
137   157.83    162.213
138   156.273    161.025
139   155.304    162.299
140   154.538    161.009
141   154.538    159.862
142   151.721    160.167
143   151.721    158.749
144   151.721    157.637
145   151.721    156.869
146   151.601    157.109
147   151.601    156.8
148   151.601    158.627
149   151.601    157.854
150   151.174    158.001
151   151.174    157.523
152   151.174    158.527
153   150.267    156.693
154   150.267    155.996
155   150.267    158.034
156   150.267    157.8
157   150.267    157.291
158   150.267    157.098
159   150.084    156.169
160   150.084    156.788
161   149.26    156.195
162   147.804    156.425
163   147.804    156.182
164   147.804    156.943
165   147.804    155.543
166   147.804    155.896
167   147.804    153.047
168   147.357    153.294
169   144.109    152.569
170   144.109    150.33
171   143.43    148.894
172   143.43    147.64
173   143.43    146.898
174   143.325    146.972
175   142.446    147.84
176   142.446    148.239
177   140.461    147.707
178   140.457    146.555
179   140.457    145.487
180   140.457    146.75
181   139.254    146.398
182   139.254    144.57
183   139.254    143.091
184   139.254    143.467
185   138.853    142.649
186   138.853    143.476
187   138.853    144.043
188   138.756    144.803
189   138.571    145.36
190   137.55    142.829
191   137.55    141.599
192   137.529    142.041
193   137.529    141.629
194   136.586    141.053
195   135.671    140.985
196   133.604    140.44
197   133.524    138.861
198   133.524    139.607
199   133.524    140.112
200   133.524    138.298
201   133.524    139.793
202   133.524    137.867
203   133.524    136.814
204   133.524    136.274
205   132.813    135.814
206   132.813    136.526
207   132.813    135.002
208   132.813    135.788
209   132.458    136.797
210   132.458    137.433
211   132.413    134.746
212   131.299    133.568
213   130.091    133.574
214   130.091    133.282
215   129.737    133.085
216   129.245    132.846
217   128.89    134.61
218   127.822    132.443
219   127.822    132.106
220   127.822    131.747
221   127.621    130.569
222   127.621    131.094
223   127.621    132.737
224   126.954    131.202
225   126.718    131.948
226   126.172    130.905
227   125.3    128.479
228   125.3    128.3
229   125.3    127.711
230   125.3    127.109
231   125.3    127.879
232   125.3    127.773
233   125.3    128.071
234   125.3    128.961
235   125.3    128.28
236   123.381    127.969
237   123.381    127.297
238   123.381    126.74
239   122.168    126.465
240   121.259    126.3
241   121.259    125.602
242   121.259    125.409
243   121.259    127.125
244   121.098    126.784
245   119.777    126.916
246   119.777    125.614
247   119.616    122.98
248   119.616    122.509
249   119.616    122.886
250   119.616    122.775
251   119.616    122.618
252   119.616    123.852
253   118.605    122.142
254   118.605    123.273
255   118.556    121.481
256   118.556    122.167
257   118.556    122.646
258   118.552    120.957
259   117.043    121.484
260   117.043    119.616
261   117.043    120.54
262   117.043    120.584
263   117.043    119.76
264   117.043    119.936
265   117.043    120.48
266   117.043    119.644
267   115.823    120.863
268   115.823    120.244
269   115.272    119.475
270   115.272    117.763
271   113.389    117.086
272   113.211    117.418
273   113.211    118.064
274   113.211    117.512
275   110.047    116.876
276   110.047    116.507
277   110.047    115.312
278   110.047    114.157
279   110.047    112.551
280   109.817    112.969
281   109.817    112.622
282   109.817    113.171
283   109.817    112.692
284   109.817    114.257
285   109.817    112.993
286   109.423    111.88
287   109.238    111.72
288   109.238    112.777
289   108.762    113.399
290   108.762    113.188
291   108.762    114.81
292   108.762    111.635
293   108.762    111.406
294   108.762    111.754
295   108.324    112.04
296   108.324    112.244
297   108.152    111.588
298   107.783    111.445
299   107.783    111.6
300   107.783    112.166
301   107.55    111.343
302   107.55    109.47
303   106.615    108.505
304   106.615    108.456
305   105.413    110.553
306   105.413    110.253
307   105.413    110.031
308   105.413    110.325
309   105.413    111.499
310   105.413    111.199
311   104.856    109.627
312   104.856    109.556
313   104.856    109.982
314   101.523    111.625
315   101.523    110.925
316   101.523    109.955
317   101.523    108.852
318   101.359    106.175
319   101.316    107.428
320   101.316    106.549
321   100.658    104.323
322   100.658    104.533
323   100.658    104.963
324   100.431    104.678
325   100.344    103.985
326   100.344    103.68
327   100.344    102.676
328   100.025    103.561
329   100.025    105.292
330   100.025    106.366
331   100.025    110.352
332   100.025    110.846
333   100.025    109.847
334   99.9709    109.924
335   99.9709    111.383
336   99.9709    110.761
337   99.9709    109.601
338   99.9709    110.078
339   99.9709    110.162
340   99.9709    109.257
341   99.9709    107.888
342   99.9709    105.221
343   99.9709    105.418
344   99.9709    104.918
345   99.9709    103.681
346   99.9709    103.466
347   99.9709    104.319
348   99.9709    102.629
349   99.9709    101.798
350   99.9709    101.959
351   99.9709    102.191
352   99.1925    103.417
353   99.1925    103.329
354   99.1925    101.912
355   99.1925    101.843
356   98.9065    102.324
357   97.6729    101.4
358   97.6729    100.471
359   97.6729    100.465
360   97.6729    99.3934
361   97.6729    99.2438
362   97.6729    99.785
363   97.6729    100.895
364   97.6729    100.174
365   97.6729    100.658
366   96.8846    100.405
367   96.674    101.119
368   95.827    101.932
369   95.827    101.478
370   95.827    100.644
371   95.8073    98.6412
372   95.292    98.1815
373   95.292    99.0162
374   95.292    98.8847
375   95.292    98.4638
376   95.292    98.2001
377   95.292    96.9571
378   95.292    97.2112
379   95.292    97.3115
380   95.292    96.9108
381   95.292    97.996
382   95.292    98.0029
383   95.292    98.5946
384   95.292    99.2999
385   94.7301    98.9073
386   94.7301    98.4321
387   94.7301    98.2387
388   94.7301    98.0357
389   94.4816    97.9955
390   94.4816    98.2232
391   93.9198    96.9103
392   93.9198    98.8393
393   93.9198    98.5024
394   93.3735    97.236
395   93.3735    96.9564
396   93.0804    96.3039
397   93.0804    96.0415
398   92.5858    95.4074
399   92.5858    96.2405
400   92.5858    97.0694
401   92.5858    96.7209
402   92.5858    95.6186
403   91.7591    95.8302
404   91.7591    95.2245
405   91.7591    94.4638
406   91.7591    93.5682
407   91.7591    94.1576
408   89.8542    94.656
409   89.8542    94.7633
410   89.8542    95.7917
411   89.8542    94.1141
412   89.7248    92.2375
413   89.7248    92.5443
414   89.7248    92.3692
415   89.7248    92.4216
416   89.2257    92.2728
417   89.2257    93.0957
418   89.2257    93.0329
419   89.2257    93.7999
420   89.2257    92.8764
421   89.2257    92.1105
422   89.2257    93.4469
423   89.2257    94.3987
424   89.2257    93.289
425   89.2257    94.5162
426   89.2257    92.6678
427   89.2257    91.7447
428   89.2257    91.2275
429   89.2257    92.561
430   89.1776    92.6765
431   88.5281    93.0957
432   88.5281    93.4857
433   88.5281    94.8072
434   88.5281    93.768
435   88.5281    93.5642
436   88.5281    93.3705
437   88.5281    92.6693
438   88.5281    93.8966
439   88.5281    92.9916
440   88.5281    92.5153
441   88.5281    91.9099
442   88.5281    90.7315
443   88.0425    91.9579
444   88.0425    91.7563
445   88.0425    92.4403
446   88.0425    92.7389
447   88.0425    92.2098
448   88.0425    91.8255
449   87.4033    91.722
450   87.4033    92.0485
451   87.4033    91.2426
452   87.4033    92.0287
453   87.4033    90.7204
454   87.4033    89.8079
455   87.4033    89.1781
456   86.6355    89.2118
457   86.6355    89.4486
458   86.6355    89.9282
459   86.6355    90.4941
460   86.4353    91.5271
461   86.4353    90.9058
462   86.4353    91.3274
463   86.4353    91.6492
464   86.4353    91.8514
465   86.4353    91.794
466   86.4353    90.1876
467   86.4353    89.402
468   86.4353    89.7547
469   86.4353    90.4212
470   86.4353    89.921
471   86.4353    91.0621
472   86.4353    89.587
473   86.4353    90.6558
474   86.4353    93.0481
475   86.4353    97.1069
476   86.1161    96.3436
477   84.5713    96.0263
478   84.5713    94.6176
479   83.5775    96.612
480   83.5775    94.3946
481   83.5775    93.4059
482   83.5775    91.4858
483   83.5775    90.7896
484   83.5775    90.963
485   83.5775    91.6083
486   83.5775    91.3588
487   83.5775    91.3074
488   83.5775    89.5247
489   83.5775    90.8272
490   83.5775    89.3076
491   83.5775    86.5651
492   83.5775    86.988
493   83.5775    86.9405
494   83.5775    86.7708
495   83.5775    86.1523
496   83.5775    84.0837
497   83.5775    87.5994
498   83.5775    89.8293
499   83.5775    91.1685
500   83.5775    93.3819
501   83.5775    90.4875
502   83.5775    89.8338
503   83.5775    89.7555
504   83.5775    87.9229
505   83.5626    87.8401
506   83.5626    88.394
507   83.5626    87.912
508   83.5626    86.9464
509   83.5626    87.9297
510   83.5626    87.6187
511   83.5626    87.4426
512   83.5626    87.8983
513   83.5626    87.9059
514   83.5626    85.4442
515   83.1852    85.9601
516   83.1852    86.431
517   83.1852    86.4098
518   83.1852    86.0709
519   83.1852    86.3333
520   83.1852    86.8976
521   83.1099    86.5666
522   83.1099    84.7439
523   83.1099    85.1564
524   81.9897    85.4703
525   81.9897    86.1178
526   81.9897    86.5474
527   81.9897    86.4834
528   81.9897    85.6125
529   81.9897    84.9403
530   81.9897    84.1928
531   81.9897    84.433
532   81.9897    85.3113
533   81.9208    85.1661
534   81.9208    85.0302
535   81.9208    85.4414
536   81.9208    85.3394
537   81.9208    83.7626
538   81.9208    84.2524
539   81.3549    82.6993
540   81.3549    83.8591
541   81.3549    84.608
542   81.3549    84.3632
543   81.3549    84.6833
544   81.3549    83.5751
545   81.3549    83.2038
546   81.3549    86.0191
547   81.3549    84.6337
548   81.3549    85.3137
549   81.3549    84.0798
550   81.3549    84.2573
551   81.3549    84.7768
552   81.3549    84.1522
553   81.3549    84.9418
554   81.3549    83.5086
555   81.3549    84.858
556   81.3549    84.007
557   81.3549    82.6956
558   81.3549    83.2614
559   81.3549    84.0126
560   81.3549    84.1178
561   81.3549    83.9898
562   81.3549    84.4843
563   81.3549    85.6234
564   81.3549    84.6549
565   81.3549    84.3675
566   81.3549    84.8245
567   81.3549    83.5102
568   81.3549    82.8659
569   81.3549    84.8382
570   81.3549    85.5686
571   81.3549    83.2106
572   81.3549    83.0525
573   81.3549    83.9232
574   81.3549    83.3133
575   80.4908    84.5277
576   80.4908    86.3146
577   80.4908    86.8271
578   80.4908    84.4303
579   80.4908    83.774
580   80.3764    82.8945
581   80.3764    82.4924
582   80.3764    83.3966
583   80.3764    82.34
584   80.3764    83.0576
585   80.3764    81.5186
586   80.3764    83.0022
587   80.3764    83.187
588   80.3764    83.6354
589   80.3764    83.4604
590   80.3764    85.0233
591   80.3764    83.5574
592   80.3764    83.9996
593   80.3764    84.1343
594   80.3764    82.6915
595   80.3764    84.2334
596   80.3764    84.4107
597   80.3764    82.8637
598   80.3764    82.9255
599   80.3764    84.8962
600   80.3764    84.882
601   80.3764    83.2148
602   80.3764    84.552
603   80.3764    85.3427
604   80.3764    82.1136
605   80.3764    82.3451
606   80.3764    83.2027
607   80.3764    83.363
608   80.3764    82.0975
609   80.3764    84.76
610   79.8377    84.0591
611   79.776    83.9982
612   79.776    84.745
613   79.3929    82.318
614   79.3929    84.2897
615   79.3929    83.0096
616   79.3929    82.7344
617   79.3929    81.4687
618   79.3929    81.1718
619   79.3929    83.2312
620   79.3929    83.1902
621   79.3929    82.1194
622   79.3929    82.6517
623   79.3929    82.088
624   79.1576    82.2251
625   79.1576    82.0844
626   79.1576    81.7708
627   79.1576    82.9001
628   79.1576    82.2966
629   79.1576    82.5719
630   79.1576    81.2685
631   79.1576    81.6629
632   79.1576    81.4406
633   79.1576    80.6415
634   78.2641    82.5491
635   78.2641    81.9711
636   78.2641    82.5369
637   78.2641    81.3615
638   78.2641    81.7428
639   78.2641    82.6178
640   77.9099    82.9151
641   77.9099    80.7938
642   77.9099    80.8179
643   77.6457    80.3939
644   77.6457    80.1789
645   77.6457    81.3869
646   77.6457    81.2228
647   77.6457    81.7246
648   77.6457    82.0533
649   77.6457    81.9074
650   77.6457    81.6238
651   76.5496    81.9419
652   76.5496    82.6602
653   76.5496    80.5076
654   76.5496    80.1962
655   76.5496    79.3639
656   76.5496    80.136
657   76.5072    79.4539
658   76.5072    79.5735
659   76.5072    80.0471
660   76.5072    80.0647
661   76.5072    79.5107
662   76.5072    79.324
663   76.4208    78.5643
664   75.2531    77.9372
665   75.2531    78.6788
666   75.2531    79.8527
667   75.2531    79.3275
668   75.2531    79.5261
669   75.2531    79.9175
670   75.2531    79.7242
671   75.2531    79.4649
672   75.2531    80.2256
673   75.2531    78.8194
674   75.2531    79.6884
675   75.2531    80.1646
676   75.2531    78.1916
677   75.2531    78.3523
678   75.2531    78.0062
679   75.2531    77.2501
680   75.2531    78.3008
681   75.2531    80.1685
682   75.2531    80.1813
683   75.2531    78.4641
684   75.2531    79.8229
685   75.2531    81.1264
686   75.2531    79.6432
687   75.2531    77.8097
688   75.2531    79.2579
689   75.2531    78.1276
690   75.2531    77.1179
691   75.2531    76.941
692   75.2531    76.7873
693   75.2531    78.5772
694   75.2531    77.911
695   75.2531    77.1697
696   75.2531    78.0245
697   75.2531    77.8828
698   75.2531    77.9018
699   75.2531    78.2185
700   75.2531    77.7024
701   75.2531    79.1299
702   75.2531    77.4266
703   75.2531    76.7631
704   75.2531    77.5515
705   75.2531    77.8379
706   75.2503    77.0446
707   75.2503    76.7818
708   74.8431    77.54
709   74.712    77.8871
710   74.712    76.9927
711   74.712    77.2812
712   74.712    76.0374
713   74.712    77.2823
714   74.712    77.9623
715   74.712    79.2311
716   74.712    78.1922
717   74.712    78.6247
718   74.712    80.1929
719   74.712    78.1152
720   74.712    76.5536
721   74.712    76.8206
722   74.712    77.2151
723   74.712    76.7357
724   74.4441    76.7009
725   74.0395    77.3825
726   74.0395    76.7348
727   74.0395    78.3064
728   74.0395    79.0617
729   74.0395    79.3574
730   73.5609    79.7702
731   73.5609    79.279
732   73.5609    79.4534
733   73.5609    76.788
734   73.5609    76.8457
735   73.5609    76.7665
736   73.5609    76.6012
737   73.5609    75.4815
738   73.5609    75.3368
739   73.5609    76.642
740   73.5609    75.8002
741   73.5609    77.3666
742   73.5609    78.7604
743   73.5609    77.9525
744   73.5609    78.352
745   73.5609    77.0929
746   73.5609    79.4334
747   73.5609    77.9153
748   73.5609    78.1686
749   73.5609    78.7224
750   73.5609    78.0792
751   73.5609    78.6237
752   73.5609    77.3684
753   73.5609    77.4497
754   72.5706    76.7045
755   72.5706    76.5223
756   72.5706    76.1409
757   72.5706    74.2692
758   72.5706    73.8015
759   72.5706    74.1313
760   72.5706    74.5672
761   72.5706    75.1172
762   72.5706    73.5908
763   72.5706    73.9209
764   72.5706    74.3275
765   72.5706    76.6453
766   72.5706    75.3168
767   72.5706    74.7808
768   72.5706    74.8398
769   72.5706    76.1593
770   72.5706    75.9742
771   72.5706    77.626
772   72.5706    77.9293
773   72.5706    75.8515
774   72.5706    74.4464
775   72.5706    74.778
776   72.5706    75.0468
777   72.5706    76.6278
778   72.5706    76.4476
779   72.5706    75.5507
780   72.5706    75.69
781   72.5706    75.3043
782   72.5706    77.8208
783   72.5706    78.4924
784   72.5706    76.6002
785   72.5706    76.3604
786   72.5706    76.0141
787   72.5149    75.7786
788   72.5149    75.444
789   72.5149    75.7798
790   72.5149    75.0253
791   72.5149    76.0527
792   72.5149    74.9326
793   72.5149    74.3012
794   72.5149    75.8018
795   72.5149    74.3919
796   72.5149    75.3052
797   72.5149    77.3666
798   72.5149    75.1803
799   72.5149    77.3334
800   72.5149    75.3908
801   72.1275    74.5298
802   72.1275    74.4674
803   72.1275    77.976
804   72.1275    77.1906
805   72.1275    76.962
806   72.1275    76.8342
807   72.1275    78.305
808   72.1275    76.1819
809   72.1275    77.1745
810   72.1275    76.0229
811   72.1275    75.12
812   72.1275    75.2517
813   72.1275    75.6614
814   72.1275    76.5678
815   72.1275    75.6316
816   72.1275    76.1836
817   72.1275    76.5134
818   72.1275    76.5901
819   72.1275    78.9252
820   72.1275    78.4115
821   72.1275    77.9832
822   72.1275    76.5091
823   72.1275    74.6233
824   72.1275    75.2205
825   72.1275    75.5064
826   72.1275    74.695
827   72.1275    73.798
828   72.1275    74.062
829   72.1275    73.5599
830   72.1275    75.0004
831   72.1275    73.8347
832   72.1275    73.8646
833   72.1275    74.2201
834   72.1275    73.4391
835   72.1275    73.7506
836   72.1275    73.8313
837   71.841    73.2121
838   71.841    73.985
839   71.841    73.2253
840   71.841    74.5017
841   71.841    74.2034
842   71.841    73.666
843   71.841    73.15
844   71.841    73.6214
845   71.841    73.6956
846   71.841    73.6459
847   71.841    74.8425
848   71.841    74.6657
849   71.841    74.9838
850   71.841    74.873
851   71.841    74.2505
852   71.841    73.918
853   71.841    73.9712
854   71.841    72.9863
855   71.841    73.4234
856   71.841    74.0645
857   71.841    74.2817
858   71.841    74.4638
859   71.841    72.9003
860   71.841    74.0254
861   71.841    75.5861
862   71.841    74.4891
863   71.841    75.05
864   71.841    76.5403
865   71.841    74.536
866   71.841    74.9866
867   71.841    76.0852
868   71.841    75.3347
869   71.841    74.0145
870   71.841    75.1342
871   71.841    76.3004
872   71.841    74.7551
873   71.841    74.0023
874   71.841    73.4187
875   71.841    74.7127
876   71.841    75.3965
877   71.841    73.8279
878   71.841    74.6155
879   71.841    75.1222
880   71.841    76.5117
881   71.841    74.9939
882   71.841    74.7902
883   71.841    74.3306
884   71.841    74.456
885   71.841    75.5195
886   71.841    75.9282
887   71.5975    74.8246
888   71.5975    75.0754
889   71.5975    75.0301
890   71.5975    75.2275
891   71.5975    76.0564
892   71.5975    75.077
893   71.5975    74.9448
894   71.5975    75.3815
895   71.5975    76.2806
896   71.5975    77.4137
897   71.5975    76.2739
898   71.5975    74.6254
899   71.5975    73.9936
900   71.5975    74.4978
901   71.5975    73.4293
902   71.5975    73.0196
903   71.5975    74.1414
904   71.5975    74.5735
905   71.5975    73.4169
906   71.5975    73.856
907   71.5975    76.1283
908   71.5975    74.7091
909   71.5975    73.339
910   71.5975    74.7462
911   71.5975    73.5909
912   71.5975    75.9402
913   71.5975    73.8204
914   71.5975    74.6803
915   71.5975    73.9849
916   71.5975    73.9388
917   71.5975    73.1375
918   71.5975    72.8569
919   71.5975    74.226
920   71.5975    73.8325
921   71.5975    74.5603
922   71.5975    74.5625
923   71.5975    73.9571
924   71.5975    74.9877
925   71.5975    76.0597
926   71.5975    75.0948
927   71.5975    76.0047
928   71.5975    75.6272
929   71.5975    74.0649
930   71.5975    73.866
931   71.5975    73.1097
932   71.5975    73.4318
933   71.5975    73.7655
934   71.5975    74.3699
935   71.5975    75.404
936   71.5975    76.3892
937   71.5975    77.1772
938   71.5975    76.7484
939   71.5975    74.6597
940   71.5975    73.6672
941   71.5975    74.5064
942   71.5975    74.5174
943   71.5975    75.0639
944   71.5975    76.29
945   71.5975    76.122
946   71.5975    76.1194
947   71.5975    75.6559
948   71.5975    75.4094
949   71.5975    75.2044
950   71.5975    74.9592
951   71.5975    75.2642
952   71.5975    74.7853
953   71.5975    75.2597
954   71.5975    73.7453
955   71.5975    74.849
956   71.5975    75.5131
957   71.5975    73.4578
958   71.5975    73.0696
959   71.5975    73.194
960   71.5975    73.0037
961   71.5975    73.3872
962   71.5975    73.582
963   71.5975    74.9123
964   71.5975    74.0064
965   71.5975    73.192
966   71.5975    73.4121
967   71.5975    72.7248
968   71.5975    73.8847
969   71.5975    74.7847
970   71.5975    77.0155
971   71.5975    76.4088
972   71.5975    76.2475
973   71.5975    77.5459
974   71.5975    75.6519
975   71.5975    76.3347
976   71.5975    77.7414
977   71.5975    75.6094
978   71.5975    76.612
979   71.5975    74.6374
980   71.5975    74.7551
981   71.5975    74.0773
982   71.5975    74.8292
983   71.5975    75.5085
984   71.5975    75.1875
985   71.5975    75.5453
986   71.5975    74.9293
987   71.5975    74.4315
988   71.5975    75.6923
989   71.5975    74.551
990   71.5975    75.1097
991   71.5975    75.4249
992   71.5975    74.5722
993   71.5975    74.0724
994   71.5975    74.0356
995   71.5975    74.1441
996   71.5975    75.58
997   71.5975    74.374
998   71.5975    74.8963
999   71.5975    75.5148
1000   71.5975    74.4812
1001   71.5975    73.991
1002   71.5975    77.5709
1003   71.5975    76.8289
1004   71.5975    74.4368
1005   71.5975    75.7659
1006   71.5975    76.5792
1007   71.5975    76.355
1008   71.5975    75.7935
1009   71.5975    73.8026
1010   71.5975    73.877
1011   71.5975    73.7655
1012   71.5975    74.2309
1013   71.5975    73.9374
1014   71.5975    73.3347
1015   71.5975    74.1101
1016   71.5975    74.0928
1017   71.5975    73.2048
1018   71.5975    73.4321
1019   71.5975    74.0502
1020   71.5975    74.7605
1021   71.5975    75.771
1022   71.5975    74.5774
1023   71.5975    75.1568
1024   71.5975    75.8082
1025   71.5975    75.175
1026   71.5975    75.3935
1027   71.5975    75.8483
1028   71.5975    75.4434
1029   71.5975    76.2127
1030   71.5975    75.3181
1031   71.5975    74.3792
1032   71.5975    74.9774
1033   71.5975    74.8413
1034   71.5975    75.2428
1035   71.5975    74.5974
1036   71.5975    73.4078
1037   71.5975    73.4162
1038   71.5975    74.1261
1039   71.5975    73.4074
1040   71.5975    74.3528
1041   71.5975    73.8797
1042   71.5975    75.8416
1043   71.5975    75.4161
1044   71.5975    77.4266
1045   71.5975    78.1212
1046   71.5034    76.2334
1047   71.5034    73.2078
1048   71.5034    75.9113
1049   71.5034    73.9626
1050   71.5034    73.3154
1051   71.5034    76.018
1052   71.5034    75.8496
1053   71.5034    75.1534
1054   71.5034    74.6426
1055   71.5034    74.3898
1056   71.5034    74.5969
1057   71.5034    72.5187
1058   71.5034    72.7363
1059   71.5034    74.453
1060   71.3147    74.8456
1061   71.3147    76.1614
1062   71.3147    75.8146
1063   71.3147    76.7519
1064   71.3147    76.6352
1065   71.3147    74.6058
1066   71.3147    74.3406
1067   71.3147    74.4776
1068   71.3147    74.1508
1069   71.3147    74.8182
1070   71.3147    75.8859
1071   71.3147    74.7817
1072   71.3147    73.2303
1073   71.3147    72.7959
1074   71.3147    74.0595
1075   71.3147    73.9842
1076   71.3147    74.3921
1077   71.3147    75.7722
1078   71.3147    75.3734
1079   71.3147    77.801
1080   71.3147    76.9572
1081   71.3147    76.2902
1082   71.3147    74.2285
1083   71.3147    73.8737
1084   71.3147    75.357
1085   71.3147    74.5316
1086   71.3147    73.3195
1087   71.3147    73.5776
1088   71.3147    72.139
1089   71.3147    71.7395
1090   71.3147    73.7848
1091   71.3147    73.7949
1092   71.3147    73.486
1093   71.3147    74.9709
1094   71.3147    74.4393
1095   71.3147    73.9066
1096   71.3147    74.5866
1097   71.3147    74.4984
1098   71.3147    74.7347
1099   71.3147    74.6056
1100   71.3147    74.1771
1101   71.3147    73.4989
1102   71.3147    74.081
1103   71.3147    74.1133
1104   71.3147    72.6385
1105   71.3147    74.1538
1106   71.3147    73.9676
1107   71.3147    75.0865
1108   71.3147    74.7457
1109   71.3147    74.4717
1110   71.3147    75.277
1111   71.3147    75.918
1112   71.3147    75.2045
1113   71.3147    73.0816
1114   71.3147    74.3268
1115   71.3147    76.8061
1116   71.3147    75.5933
1117   71.3147    73.7211
1118   71.3147    73.2109
1119   71.3147    72.7285
1120   71.2882    72.9931
1121   71.2882    73.1422
1122   71.2882    73.6359
1123   71.2882    74.3368
1124   71.2882    75.2462
1125   71.2882    75.0237
1126   71.2882    74.3581
1127   70.5586    74.7501
1128   70.5586    74.4105
1129   70.5586    73.7645
1130   70.5586    73.4934
1131   70.5586    74.7742
1132   70.5586    73.6694
1133   70.5586    73.1286
1134   70.5586    73.9452
1135   70.5586    73.6736
1136   70.5586    74.1373
1137   70.3549    74.1717
1138   70.3549    74.5734
1139   70.3549    73.0316
1140   70.3549    73.4493
1141   70.3549    75.0107
1142   70.3549    73.729
1143   70.3549    73.1698
1144   70.3549    73.7374
1145   70.3549    72.7938
1146   70.3549    72.3149
1147   70.3549    73.8738
1148   70.3549    73.034
1149   70.3549    72.8212
1150   70.3549    71.63
1151   70.3549    72.968
1152   70.3549    73.6776
1153   70.3549    71.6274
1154   70.3549    71.2916
1155   70.3549    71.1513
1156   70.3549    72.7266
1157   70.3549    74.4519
1158   70.3549    75.6398
1159   70.3549    73.8239
1160   70.3549    74.555
1161   70.3549    73.8498
1162   70.3549    73.1696
1163   70.3549    72.6492
1164   70.3549    72.9771
1165   70.3549    72.5053
1166   70.3549    74.0939
1167   70.3549    75.031
1168   70.3549    74.4319
1169   70.3549    73.3253
1170   70.3549    73.7635
1171   70.3549    74.1173
1172   70.3549    74.1525
1173   70.3549    74.6069
1174   70.3549    75.6817
1175   70.3549    74.0885
1176   70.3549    73.6414
1177   70.3549    73.7403
1178   70.3549    73.4333
1179   70.3549    74.059
1180   70.3549    72.862
1181   70.3549    72.7756
1182   70.3549    73.1041
1183   70.3549    71.6596
1184   70.3549    70.673
1185   70.3549    71.7124
1186   70.3549    73.7614
1187   70.3549    74.7237
1188   70.3549    76.096
1189   70.3549    75.5895
1190   70.3549    74.2753
1191   70.3549    73.8373
1192   70.3549    74.2985
1193   70.3549    72.9316
1194   70.3549    74.0076
1195   70.3549    74.7854
1196   70.3549    75.5076
1197   70.3549    74.1916
1198   70.3549    73.7161
1199   70.1284    72.6186
1200   70.1284    72.4529
1201   70.1284    73.0497
1202   70.1284    74.0416
1203   70.1284    74.6324
1204   70.1284    74.7079
1205   70.1284    75.2971
1206   70.1284    76.141
1207   70.1284    73.8647
1208   70.1284    73.4673
1209   70.1284    74.4385
1210   70.1284    73.1101
1211   70.1284    72.2355
1212   70.1284    71.907
1213   70.1284    72.4461
1214   70.1284    71.4484
1215   70.1284    72.5993
1216   70.1284    72.4884
1217   70.1284    71.5947
1218   70.1284    71.1855
1219   70.1284    74.6411
1220   70.1284    73.1714
1221   70.1284    72.6559
1222   70.1284    72.4169
1223   70.1284    71.9871
1224   70.1284    74.1046
1225   70.1284    74.0252
1226   70.1284    72.8984
1227   70.1284    73.7337
1228   70.1284    74.0125
1229   70.1284    74.5197
1230   70.1284    73.3701
1231   70.1284    72.146
1232   70.1284    72.9263
1233   70.1284    72.8052
1234   70.1284    72.8841
1235   70.1284    73.2322
1236   70.1284    74.5395
1237   70.1284    75.9527
1238   70.1284    75.9255
1239   70.1284    76.0927
1240   70.1284    75.5058
1241   70.1284    74.8818
1242   70.1284    74.5375
1243   70.1284    74.2628
1244   70.1284    73.2337
1245   70.1284    72.9011
1246   70.1284    72.4426
1247   70.1284    73.3658
1248   70.1284    72.9495
1249   70.1284    72.9011
1250   70.1284    73.6714
1251   70.1284    74.3078
1252   70.1284    74.2281
1253   70.1284    73.0417
1254   70.1284    73.311
1255   70.1284    72.9576
1256   70.1284    73.291
1257   70.1284    73.7634
1258   70.1284    73.2797
1259   70.1284    74.4855
1260   70.1284    73.1545
1261   70.1284    72.3117
1262   70.1284    71.0833
1263   70.1284    71.7218
1264   70.1284    73.1336
1265   70.1284    72.6039
1266   70.1284    72.6658
1267   70.1284    72.4568
1268   70.1284    73.2485
1269   70.1284    73.0726
1270   70.1284    75.4871
1271   70.1284    76.2019
1272   70.1284    74.478
1273   70.1284    73.8685
1274   70.1284    72.5758
1275   70.1284    73.8653
1276   70.1284    72.2129
1277   70.1284    73.0488
1278   70.1284    72.4862
1279   70.1284    71.7921
1280   70.1284    71.5628
1281   69.6323    72.6042
1282   69.6323    73.819
1283   69.6323    73.3999
1284   69.6323    74.4841
1285   69.6323    74.8724
1286   69.6323    73.6498
1287   69.6323    73.4742
1288   69.6323    72.5584
1289   69.6323    73.4145
1290   69.6323    71.9
1291   69.6323    72.4503
1292   69.6323    73.4537
1293   69.6323    74.4706
1294   69.6323    72.3947
1295   69.6323    73.1952
1296   69.6323    73.1706
1297   69.6323    72.4355
1298   69.6323    71.9445
1299   69.6323    73.8145
1300   69.6323    74.5584
1301   69.6323    73.7933
1302   69.6323    73.2513
1303   69.6323    73.5166
1304   69.6323    72.36
1305   69.6323    72.7819
1306   69.6323    72.3935
1307   69.6323    70.8864
1308   69.6323    71.5004
1309   69.6323    71.865
1310   69.6323    71.2107
1311   69.6323    72.9534
1312   69.6323    73.3657
1313   69.6323    74.4251
1314   69.6323    73.9165
1315   69.6323    75.0689
1316   69.6323    73.4059
1317   69.6323    72.6912
1318   69.6323    72.9269
1319   69.6142    74.3633
1320   69.6142    73.635
1321   69.6142    74.5069
1322   69.6142    74.9886
1323   69.6142    74.5854
1324   69.6142    74.2856
1325   69.6142    74.0546
1326   69.6142    72.5045
1327   69.6142    71.2525
1328   69.6142    71.9238
1329   69.6142    72.8408
1330   69.6142    74.558
1331   69.6142    74.119
1332   69.6142    73.7354
1333   69.6142    72.7688
1334   69.6142    73.5646
1335   69.6142    70.7273
1336   69.6142    71.0865
1337   69.6142    70.9811
1338   69.6142    73.1775
1339   69.6142    72.3841
1340   69.6142    72.1579
1341   69.6142    72.7356
1342   69.6142    72.495
1343   69.6142    72.4368
1344   69.6142    74.0034
1345   69.6142    73.4872
1346   69.6142    73.3679
1347   69.6142    73.108
1348   69.6142    71.0575
1349   69.6142    71.4152
1350   69.6142    70.3052
1351   69.6142    71.3177
1352   69.6142    70.7381
1353   69.6142    71.5249
1354   69.6142    72.258
1355   69.6142    71.1786
1356   69.6142    72.384
1357   69.6142    71.7794
1358   69.6142    71.0431
1359   69.6142    70.9052
1360   69.6142    71.6221
1361   69.6142    72.8519
1362   69.6142    71.6551
1363   69.6142    73.7932
1364   69.6142    73.5551
1365   69.6142    73.9478
1366   69.6142    73.9177
1367   69.6142    75.4792
1368   69.6142    74.211
1369   69.6142    75.7352
1370   69.6142    72.6793
1371   69.6142    72.1922
1372   69.6142    72.7378
1373   69.6142    72.2536
1374   69.6142    72.2149
1375   69.6142    72.0137
1376   69.6142    72.3956
1377   69.6142    72.0482
1378   69.6142    72.3212
1379   69.6142    73.1318
1380   69.6142    72.4315
1381   69.6142    72.1452
1382   69.6142    72.9992
1383   69.6142    73.6235
1384   69.6142    73.4786
1385   69.6142    73.3557
1386   69.6142    74.3415
1387   69.6142    73.2174
1388   69.6142    72.8884
1389   69.6142    73.6357
1390   69.6142    74.2458
1391   69.6142    72.8236
1392   69.6142    72.6861
1393   69.6142    72.4393
1394   69.6142    71.3495
1395   69.6142    70.9672
1396   69.6142    72.9935
1397   69.6142    73.3505
1398   69.6142    74.6524
1399   69.6142    73.6967
1400   69.6142    74.0898
1401   69.6142    73.7941
1402   69.6142    72.6206
1403   69.6142    73.3292
1404   69.6142    73.7191
1405   69.6142    74.1998
1406   69.6142    72.083
1407   69.6142    72.4723
1408   69.6142    72.6058
1409   69.6142    71.071
1410   69.6142    72.3236
1411   69.6142    72.0093
1412   69.6142    72.1357
1413   69.6142    71.3182
1414   69.6142    72.5172
1415   69.6142    73.3896
1416   69.6142    73.9532
1417   69.6142    72.9922
1418   69.6142    71.678
1419   69.6142    71.6947
1420   69.6142    71.182
1421   69.6142    72.6763
1422   69.6142    72.1448
1423   69.6142    71.9888
1424   69.6142    72.6143
1425   69.6142    71.6192
1426   69.6142    71.2978
1427   69.6142    71.5117
1428   69.6142    70.9203
1429   69.6142    71.5157
1430   69.6142    74.2851
1431   69.6142    73.8611
1432   69.6142    71.3259
1433   69.6142    71.4981
1434   69.6142    72.9493
1435   69.6142    73.4523
1436   69.6142    72.9511
1437   69.6142    72.5845
1438   69.6142    70.8686
1439   69.6142    71.3786
1440   69.6142    70.9677
1441   69.6142    71.8085
1442   69.6142    71.6238
1443   69.6142    70.4509
1444   69.6142    71.8087
1445   69.6142    71.8905
1446   69.6142    72.1464
1447   69.2804    70.8777
1448   69.2804    71.9553
1449   69.2804    71.8877
1450   69.2804    71.8614
1451   69.2804    71.5815
1452   69.2804    74.1644
1453   69.2804    72.1803
1454   69.2804    71.9154
1455   69.2804    72.2453
1456   69.2804    71.4145
1457   69.2804    71.5898
1458   69.2804    71.5239
1459   69.2804    71.9983
1460   69.2804    72.9482
1461   69.2804    73.4561
1462   69.2804    72.7378
1463   69.2804    74.0442
1464   69.2804    74.9868
1465   69.2804    76.0907
1466   69.2804    75.6458
1467   69.2804    74.9944
1468   69.2804    73.616
1469   69.2804    74.7198
1470   69.2804    71.7029
1471   69.2804    71.7248
1472   69.2804    71.3966
1473   69.2804    72.3491
1474   69.2804    71.516
1475   69.2804    72.1821
1476   69.2804    72.5691
1477   69.2804    71.3214
1478   69.2804    71.0135
1479   69.2804    70.8825
1480   69.2804    72.2916
1481   69.2804    71.6389
1482   69.2804    72.3774
1483   69.2804    72.6993
1484   69.2804    72.7294
1485   69.2804    72.7945
1486   68.805    72.617
1487   68.805    71.3857
1488   68.805    72.1767
1489   68.805    71.1492
1490   68.805    72.8074
1491   68.805    72.8807
1492   68.805    73.1667
1493   68.805    73.3905
1494   68.805    72.6254
1495   68.805    72.3746
1496   68.805    73.4915
1497   68.805    72.2249
1498   68.805    71.4139
1499   68.805    72.0223
1500   68.805    71.4448
1501   68.805    70.4123
1502   68.805    71.9619
1503   68.805    72.5982
1504   68.805    72.5607
1505   68.805    70.6614
1506   68.805    71.2081
1507   68.805    70.6651
1508   68.805    71.5842
1509   68.805    70.9055
1510   68.805    72.01
1511   68.805    73.1881
1512   68.805    71.6943
1513   68.805    71.1782
1514   68.805    71.237
1515   68.805    71.7275
1516   68.805    71.5823
1517   68.805    71.4219
1518   68.805    70.9503
1519   68.805    70.6702
1520   68.805    71.245
1521   68.805    71.4217
1522   68.805    71.7415
1523   68.805    71.6295
1524   68.805    72.1478
1525   68.805    71.7066
1526   68.805    70.752
1527   68.805    70.7181
1528   68.805    70.308
1529   68.805    70.554
1530   68.805    71.1298
1531   68.805    72.2967
1532   68.805    71.1558
1533   68.805    72.5541
1534   68.805    70.7775
1535   68.805    71.1113
1536   68.805    71.6738
1537   68.805    70.1945
1538   68.805    70.3892
1539   68.805    70.7581
1540   68.805    71.3415
1541   68.805    72.0212
1542   68.805    72.2743
1543   68.805    71.0102
1544   68.805    71.3593
1545   68.805    73.6669
1546   68.805    73.9499
1547   68.805    72.6658
1548   68.805    72.8461
1549   68.805    71.2402
1550   68.805    71.9557
1551   68.805    70.4088
1552   68.805    70.4325
1553   68.805    70.6005
1554   68.805    70.6051
1555   68.805    72.2831
1556   68.805    72.6531
1557   68.805    71.4761
1558   68.805    71.6001
1559   68.805    72.4144
1560   68.805    72.6676
1561   68.805    72.2957
1562   68.805    72.8949
1563   68.805    72.7698
1564   68.805    72.3582
1565   68.805    72.7605
1566   68.805    72.7927
1567   68.805    73.7247
1568   68.805    71.5681
1569   68.805    72.9645
1570   68.805    73.8866
1571   68.805    72.9383
1572   68.805    72.3448
1573   68.805    72.066
1574   68.805    72.202
1575   68.805    73.2682
1576   68.805    71.355
1577   68.805    72.0293
1578   68.805    70.7981
1579   68.805    71.8115
1580   68.805    71.7143
1581   68.805    70.1593
1582   68.805    70.417
1583   68.805    70.4657
1584   68.805    71.6482
1585   68.805    72.2242
1586   68.805    72.3874
1587   68.805    71.7477
1588   68.805    71.7896
1589   68.805    72.5215
1590   68.805    73.2261
1591   68.805    71.7063
1592   68.805    72.3273
1593   68.805    74.4043
1594   68.805    72.0883
1595   68.805    72.9207
1596   68.805    72.7886
1597   68.805    71.5572
1598   68.805    71.4068
1599   68.805    71.3391
1600   68.805    70.7173
1601   68.805    71.7125
1602   68.805    71.1382
1603   68.805    71.7252
1604   68.805    70.6043
1605   68.805    69.9514
1606   68.805    71.6022
1607   68.805    71.1825
1608   68.805    70.2335
1609   68.805    71.1333
1610   68.805    72.0581
1611   68.805    71.8894
1612   68.805    70.7119
1613   68.805    72.5671
1614   68.805    71.8595
1615   68.805    72.0504
1616   68.805    71.9501
1617   68.805    72.665
1618   68.805    71.7096
1619   68.805    73.2891
1620   68.805    73.0571
1621   68.805    73.0429
1622   68.805    73.9676
1623   68.805    71.8487
1624   68.805    72.431
1625   68.805    71.5195
1626   68.805    71.8541
1627   68.805    71.8894
1628   68.805    71.7705
1629   68.805    72.8142
1630   68.805    73.9499
1631   68.805    73.5496
1632   68.805    73.1108
1633   68.4464    72.4491
1634   68.4464    71.7457
1635   68.4464    70.5592
1636   68.4464    71.0862
1637   68.4464    72.0451
1638   68.4464    74.1151
1639   68.4464    74.479
1640   68.4464    73.3471
1641   68.4464    73.8454
1642   68.4464    71.573
1643   68.4464    70.9041
1644   68.4464    71.3043
1645   68.4464    70.9931
1646   68.4464    71.4462
1647   68.4464    72.3791
1648   68.4464    73.2952
1649   68.4464    73.6594
1650   68.4464    72.6116
1651   68.4464    70.5278
1652   68.4464    70.9585
1653   68.4464    70.2649
1654   68.4464    70.7079
1655   68.4464    71.0288
1656   68.4464    71.5855
1657   68.4464    71.6338
1658   68.4464    70.9448
1659   68.4464    71.8082
1660   68.4464    71.9993
1661   68.4464    73.8619
1662   68.4464    73.9382
1663   68.4464    72.0151
1664   68.4464    72.5746
1665   68.4464    72.6079
1666   68.4464    70.9175
1667   68.4464    72.2739
1668   68.4464    71.5096
1669   68.4464    71.301
1670   68.4464    71.4761
1671   68.4464    71.2028
1672   68.4464    70.817
1673   68.4464    71.3965
1674   68.4464    72.639
1675   68.4464    71.8496
1676   68.4464    72.8711
1677   68.4464    74.1923
1678   68.4464    72.1738
1679   68.4464    70.8516
1680   68.4464    72.8883
1681   68.4464    72.3328
1682   68.4464    72.2575
1683   68.4464    71.0938
1684   68.4464    71.2813
1685   68.4464    72.3755
1686   68.4464    72.455
1687   68.4464    72.7381
1688   68.4464    72.1739
1689   68.4464    71.9741
1690   68.4464    71.7065
1691   68.4464    71.8778
1692   68.4464    71.8091
1693   68.4464    73.2409
1694   68.4464    71.2916
1695   68.4464    69.3841
1696   68.4464    72.4229
1697   68.4464    71.828
1698   68.4464    72.0275
1699   68.0243    72.9326
1700   68.0243    71.5172
1701   67.899    71.6215
1702   67.899    72.9633
1703   67.899    74.1541
1704   67.899    74.2712
1705   67.899    74.8438
1706   67.899    73.9348
1707   67.899    73.7267
1708   67.899    73.5098
1709   67.899    72.5658
1710   67.899    71.7033
1711   67.899    71.3047
1712   67.899    70.8637
1713   67.899    70.6818
1714   67.899    70.635
1715   67.899    71.2278
1716   67.899    70.7351
1717   67.899    69.9944
1718   67.899    70.4646
1719   67.899    70.8779
1720   67.899    69.9489
1721   67.899    70.1142
1722   67.899    71.6423
1723   67.899    69.9647
1724   67.899    69.0296
1725   67.899    69.9245
1726   67.899    70.1929
1727   67.899    70.2826
1728   67.899    70.0894
1729   67.899    69.8541
1730   67.899    70.8198
1731   67.899    69.9689
1732   67.899    70.4699
1733   67.899    71.7921
1734   67.899    70.7532
1735   67.899    69.5934
1736   67.899    71.3291
1737   67.899    71.5469
1738   67.899    72.5963
1739   67.899    69.3501
1740   67.899    70.0864
1741   67.899    70.2169
1742   67.899    71.0764
1743   67.899    70.5007
1744   67.899    70.5628
1745   67.899    70.483
1746   67.899    69.7998
1747   67.899    69.3423
1748   67.899    70.2481
1749   67.899    69.6982
1750   67.899    69.4849
1751   67.899    69.7916
1752   67.899    69.6268
1753   67.899    70.6371
1754   67.899    71.6755
1755   67.899    69.8133
1756   67.899    72.1905
1757   67.899    71.1324
1758   67.899    71.1716
1759   67.899    71.3927
1760   67.899    70.6608
1761   67.899    70.4144
1762   67.899    70.1115
1763   67.899    69.7304
1764   67.899    69.1512
1765   67.899    70.8421
1766   67.899    70.8368
1767   67.899    69.8831
1768   67.899    70.1043
1769   67.899    70.2538
1770   67.899    69.8054
1771   67.899    69.0281
1772   67.899    69.803
1773   67.899    69.9823
1774   67.899    71.1748
1775   67.899    70.9662
1776   67.899    71.3996
1777   67.899    72.5412
1778   67.899    73.5662
1779   67.899    74.2233
1780   67.899    71.948
1781   67.899    70.3043
1782   67.899    70.378
1783   67.899    70.6981
1784   67.899    69.8991
1785   67.899    69.8141
1786   67.899    69.659
1787   67.899    71.4715
1788   67.899    70.1269
1789   67.899    71.6272
1790   67.899    72.7095
1791   67.899    72.3735
1792   67.899    71.7869
1793   67.899    71.5822
1794   67.899    70.6869
1795   67.899    70.7315
1796   67.899    71.0055
1797   67.899    70.5187
1798   67.899    70.7853
1799   67.899    70.3703
1800   67.899    69.7185
1801   67.899    69.1217
1802   67.899    69.1981
1803   67.899    70.7265
1804   67.899    71.504
1805   67.899    70.4043
1806   67.899    69.5521
1807   67.899    70.4337
1808   67.899    71.254
1809   67.899    72.4725
1810   67.899    71.77
1811   67.899    71.7987
1812   67.899    71.3258
1813   67.899    70.2868
1814   67.899    68.8786
1815   67.899    69.8403
1816   67.899    69.6176
1817   67.899    69.2363
1818   67.899    71.7027
1819   67.899    69.956
1820   67.899    69.819
1821   67.899    69.3679
1822   67.899    70.7167
1823   67.899    70.3964
1824   67.899    70.3643
1825   67.899    70.7028
1826   67.899    72.6222
1827   67.899    71.0114
1828   67.899    70.347
1829   67.899    71.0909
1830   67.899    70.9751
1831   67.899    72.0162
1832   67.899    70.9316
1833   67.899    70.9949
1834   67.899    70.3288
1835   67.899    70.2013
1836   67.899    69.9698
1837   67.899    71.3932
1838   67.899    71.0798
1839   67.899    70.8418
1840   67.899    70.4197
1841   67.899    70.0169
1842   67.899    70.0419
1843   67.899    69.9904
1844   67.899    70.4396
1845   67.899    71.1564
1846   67.899    71.2455
1847   67.899    70.9965
1848   67.899    72.6041
1849   67.899    71.6009
1850   67.899    70.6219
1851   67.899    70.8233
1852   67.899    70.101
1853   67.899    69.5307
1854   67.899    71.586
1855   67.899    70.3452
1856   67.899    69.7692
1857   67.899    70.6669
1858   67.899    69.7153
1859   67.899    69.5724
1860   67.899    70.2788
1861   67.899    69.4301
1862   67.899    71.2233
1863   67.899    69.1418
1864   67.899    69.761
1865   67.899    70.252
1866   67.899    70.8709
1867   67.899    71.0159
1868   67.899    70.3029
1869   67.899    69.5936
1870   67.899    69.5227
1871   67.899    68.7574
1872   67.899    68.5949
1873   67.899    68.9278
1874   67.899    69.3889
1875   67.899    69.6678
1876   67.899    69.5553
1877   67.899    71.3607
1878   67.899    71.5925
1879   67.899    70.6926
1880   67.899    69.4533
1881   67.899    70.0262
1882   67.899    69.9917
1883   67.899    71.6418
1884   67.899    71.6876
1885   67.899    70.9947
1886   67.899    72.1553
1887   67.899    72.7218
1888   67.899    72.2614
1889   67.899    72.1109
1890   67.899    73.3795
1891   67.899    72.1398
1892   67.899    73.6157
1893   67.899    72.25
1894   67.899    73.0292
1895   67.899    70.6007
1896   67.899    70.5963
1897   67.899    71.1785
1898   67.899    72.2097
1899   67.899    71.7809
1900   67.899    71.4524
1901   67.899    70.0824
1902   67.899    69.216
1903   67.899    68.6631
1904   67.899    69.8591
1905   67.899    71.0009
1906   67.899    72.4487
1907   67.899    72.7918
1908   67.899    71.38
1909   67.899    72.9855
1910   67.899    70.8337
1911   67.899    72.6965
1912   67.899    70.274
1913   67.899    69.734
1914   67.899    71.8137
1915   67.899    69.8202
1916   67.899    71.2032
1917   67.899    70.669
1918   67.899    71.4582
1919   67.899    71.7095
1920   67.899    73.56
1921   67.899    73.6789
1922   67.899    71.1409
1923   67.899    70.5398
1924   67.899    70.3437
1925   67.899    72.8239
1926   67.899    73.0469
1927   67.899    75.1555
1928   67.899    73.7209
1929   67.899    72.8406
1930   67.899    71.4696
1931   67.899    71.9536
1932   67.899    72.1984
1933   67.899    72.4294
1934   67.899    72.9705
1935   67.899    70.98
1936   67.899    70.5895
1937   67.899    70.4123
1938   67.899    72.8368
1939   67.899    72.315
1940   67.899    71.7952
1941   67.899    71.7466
1942   67.899    70.8878
1943   67.899    69.4497
1944   67.899    70.627
1945   67.899    70.1922
1946   67.899    71.1285
1947   67.899    68.8898
1948   67.899    69.6498
1949   67.899    70.656
1950   67.899    70.5998
1951   67.899    70.8377
1952   67.899    71.8252
1953   67.899    69.9676
1954   67.899    70.4524
1955   67.899    71.0636
1956   67.899    69.6478
1957   67.899    70.4571
1958   67.899    70.4526
1959   67.899    72.5138
1960   67.899    71.9798
1961   67.899    70.6528
1962   67.899    69.8505
1963   67.899    71.5958
1964   67.899    69.7055
1965   67.899    69.7615
1966   67.899    69.1579
1967   67.899    69.0521
1968   67.899    70.0174
1969   67.899    69.7285
1970   67.899    69.0083
1971   67.899    69.6679
1972   67.899    69.0427
1973   67.899    70.6264
1974   67.899    69.7954
1975   67.899    71.5406
1976   67.899    71.6498
1977   67.899    71.3671
1978   67.899    69.7489
1979   67.899    69.2439
1980   67.899    70.0835
1981   67.899    69.9331
1982   67.899    69.867
1983   67.899    69.3714
1984   67.899    70.7052
1985   67.899    70.8549
1986   67.899    71.7052
1987   67.899    72.546
1988   67.899    73.5116
1989   67.899    75.9787
1990   67.899    71.8619
1991   67.899    71.8
1992   67.899    73.3664
1993   67.899    71.9558
1994   67.899    73.6321
1995   67.899    74.8739
1996   67.899    74.2183
1997   67.899    74.5602
1998   67.899    71.6609
1999   67.899    72.0414
2000   67.899    71.3769
