1   433.005    493.673
2   423.425    476.781
3   412.699    457.264
4   403.954    441.409
5   398.425    425.949
6   398.086    419.187
7   392.519    412.387
8   387.816    405.759
9   380.717    402.157
10   369.713    396.291
11   366.632    389.383
12   364.591    383.083
13   359.149    375.788
14   353.547    369.419
15   344.608    364.14
16   341.274    359.82
17   335.105    354.431
18   327.986    348.058
19   325.704    341.794
20   322.709    337.864
21   315.788    332.208
22   309.815    327.47
23   306.51    322.618
24   303.232    318.537
25   298.47    314.552
26   294.393    310.981
27   292.529    306.35
28   289.987    302.297
29   285.63    300.059
30   283.212    296.554
31   280.809    293.336
32   278.739    288.487
33   274.562    289.263
34   271.449    285.681
35   268.584    283.043
36   268.05    280.143
37   267.298    276.081
38   263.674    274.633
39   260.954    272.52
40   256.688    269.788
41   256.688    268.871
42   256.688    265.303
43   254.848    262.494
44   249.885    259.899
45   247.814    258.686
46   247.814    258.109
47   247.814    257.082
48   243.659    258.202
49   243.659    254.786
50   242.021    251.279
51   242.021    247.874
52   238.883    245.967
53   235.136    244.592
54   235.136    242.337
55   231.789    242.024
56   229.153    239.932
57   227.444    239.568
58   224.809    237.151
59   223.638    234.371
60   221.854    231.845
61   220.673    228.306
62   220.673    227.721
63   218.258    225.91
64   217.763    224.955
65   216.002    224.96
66   214.213    224.055
67   214.213    224.062
68   214.213    222.074
69   214.213    219.036
70   214.213    218.796
71   214.121    215.766
72   214.121    216.233
73   212.51    215.26
74   209.185    214.963
75   207.586    215.27
76   207.586    214.292
77   203.847    212.266
78   203.847    210.986
79   202.812    209.691
80   201.568    207.341
81   201.568    207.005
82   201.501    205.974
83   199.768    205.759
84   199.526    204.219
85   198.974    204.541
86   198.399    203.755
87   197.255    204.538
88   195.587    203.45
89   194.251    202.448
90   193.441    201.456
91   193.441    200.198
92   191.835    198.121
93   191.835    198.414
94   190.174    197.229
95   189.254    196.461
96   186.847    196.327
97   186.483    195.156
98   185.353    193.382
99   185.353    193.577
100   185.353    194.608
101   183.537    192.974
102   183.53    192.437
103   183.53    192.057
104   183.53    193.069
105   183.53    197.709
106   183.53    200.316
107   183.53    200.1
108   183.53    201.592
109   183.53    205.06
110   180.66    205.736
111   180.66    201.94
112   179.038    197.29
113   179.038    193.122
114   179.038    190.791
115   178.586    187.669
116   178.586    185.377
117   178.586    184.655
118   178.586    183.507
119   178.586    183.863
120   178.586    182.27
121   177.309    183.475
122   173.498    184.295
123   173.498    185.679
124   173.498    185.488
125   173.498    183.125
126   172.964    180.958
127   172.964    179.42
128   172.055    177.266
129   172.055    177.519
130   172.055    179.516
131   169.318    177.66
132   169.16    177.942
133   168.46    179.627
134   168.46    179.609
135   168.46    178.897
136   168.46    176.686
137   168.46    175.199
138   166.629    174.48
139   165.252    174.594
140   165.252    173.584
141   165.252    171.593
142   165.233    170.004
143   163.711    169.207
144   162.787    169.639
145   162.787    169.662
146   162.787    169.963
147   162.07    171.709
148   162.07    169.493
149   161.701    167.847
150   161.228    167.088
151   160.175    167.233
152   159.67    165.137
153   159.301    165.844
154   159.301    165.508
155   154.39    164.376
156   154.39    162.858
157   154.39    163.012
158   152.952    161.697
159   152.952    159.415
160   152.943    160.082
161   151.885    158.971
162   151.885    156.083
163   151.885    156.837
164   150.351    156.515
165   149.739    157.279
166   148.771    157.826
167   148.68    155.546
168   148.68    155.242
169   148.536    155.218
170   147.238    154.619
171   147.238    153.125
172   147.238    151.273
173   146.504    150.306
174   144.725    150.44
175   144.725    148.919
176   144.725    148.212
177   142.758    147.278
178   142.758    147.209
179   142.758    149.228
180   142.758    149.767
181   142.513    149.591
182   142.51    151.015
183   141.784    150.57
184   141.162    149.799
185   140.67    148.244
186   140.67    146.954
187   140.148    146.048
188   140.148    144.71
189   140.148    143.517
190   139.794    142.488
191   139.794    144.12
192   139.235    142.992
193   139.007    144.158
194   138.364    143.854
195   138.357    143.466
196   137.281    143.002
197   137.281    141.041
198   137.281    140.251
199   137.281    140.118
200   136.411    139.448
201   122.372    138.159
202   120.697    140.072
203   120.697    139.019
204   120.697    138.934
205   118.435    135.618
206   118.435    133.988
207   118.435    132.81
208   117.26    127.613
209   117.26    127.041
210   116.516    125.675
211   116.516    124.114
212   116.008    122.571
213   116.008    128.05
214   116.008    125.246
215   116.008    124.584
216   116.008    125.334
217   116.008    126.534
218   116.008    126.952
219   116.008    124.787
220   116.008    124.1
221   116.008    122.665
222   115.507    120.251
223   114.186    120.485
224   113.791    121.104
225   113.791    119.043
226   113.791    118.16
227   113.264    119.135
228   113.264    118.228
229   113.264    117.994
230   113.264    118.541
231   112.325    116.681
232   112.325    116.433
233   112.325    115.088
234   111.325    114.4
235   111.325    114.358
236   111.325    113.972
237   111.325    115.064
238   111.325    114.425
239   111.325    115.049
240   111.325    113.917
241   111.325    113.742
242   111.325    113.201
243   111.325    112.599
244   111.325    114.02
245   110.69    117.871
246   110.69    119.134
247   109.27    119.484
248   109.27    119.937
249   109.27    121.408
250   109.27    123.53
251   109.27    121.065
252   109.27    121.024
253   109.27    120.309
254   109.27    118.321
255   109.27    116.743
256   109.27    114.619
257   109.27    113.246
258   109.27    112.661
259   109.27    111.954
260   108.923    113.127
261   108.923    115.461
262   108.592    115.099
263   108.592    114.155
264   108.245    113.909
265   108.245    114.823
266   108.122    112.398
267   108.122    111.754
268   107.47    109.384
269   107.47    110.927
270   107.205    109.603
271   107.205    109.443
272   107.205    108.868
273   106.937    109.403
274   106.807    109.086
275   106.807    110.788
276   106.123    111.649
277   106.123    112.089
278   106.123    109.182
279   104.768    109.329
280   104.768    109.937
281   104.768    108.397
282   104.768    109.264
283   104.768    107.395
284   104.768    106.478
285   104.453    107.042
286   104.453    107.526
287   104.453    107.893
288   104.453    108.067
289   104.453    108.486
290   104.415    108.674
291   104.245    110.089
292   104.245    109.549
293   104.245    108.797
294   104.245    109.269
295   104.245    108.959
296   104.245    107.488
297   103.892    106.964
298   103.892    106.271
299   103.892    106.433
300   102.844    105.932
301   102.844    105.613
302   102.334    105.653
303   102.334    104.979
304   102.334    105.783
305   102.334    106.109
306   102.334    105.859
307   101.53    105.1
308   101.53    104.775
309   101.293    105.527
310   101.293    105.622
311   100.858    104.517
312   100.858    104.768
313   100.746    104.969
314   100.746    105.078
315   100.746    105.918
316   100.746    105.467
317   100.311    105.368
318   100.311    102.748
319   100.311    103.512
320   100.311    102.479
321   100.275    103.241
322   100.275    103.563
323   100.275    102.318
324   100.275    103.871
325   100.275    102.951
326   98.9801    103.937
327   98.9801    103.264
328   98.9801    102.75
329   98.7389    101.783
330   97.3251    101.728
331   96.5989    104.034
332   96.5989    103.058
333   95.1851    100.579
334   95.1851    98.7846
335   95.1851    98.7326
336   95.1851    97.5575
337   95.1851    98.827
338   95.1851    99.4161
339   95.1851    99.439
340   95.1851    100.751
341   95.1225    98.5458
342   95.1225    99.0668
343   95.1225    98.5642
344   94.4879    98.7145
345   93.2718    98.4843
346   93.2718    97.9053
347   93.0691    99.1813
348   92.4037    97.1302
349   91.8776    97.2939
350   91.8776    95.6251
351   91.8776    97.6329
352   91.8776    96.4295
353   91.4349    95.5167
354   91.4349    95.9232
355   91.4349    94.9786
356   91.4349    93.7002
357   91.4349    92.5713
358   91.4349    93.6048
359   91.4349    94.5345
360   91.4349    94.7268
361   91.4349    94.7588
362   91.4349    95.0832
363   91.4349    94.0723
364   91.3709    93.4508
365   91.3709    93.1642
366   90.9596    92.8412
367   90.9596    93.0061
368   90.4924    93.5887
369   90.4924    93.3547
370   90.4924    94.5176
371   90.4924    92.9817
372   89.2164    92.357
373   89.2164    92.3631
374   89.0534    92.5075
375   89.0534    92.799
376   89.0534    92.7789
377   89.0534    93.2773
378   89.0534    93.9019
379   89.0534    92.684
380   88.8805    91.7242
381   88.8805    91.3834
382   88.8805    91.6657
383   88.8805    92.1507
384   88.8805    93.0331
385   87.2893    92.8404
386   87.2893    92.6071
387   87.2893    91.9963
388   87.1245    91.6165
389   86.45    90.5164
390   86.45    89.5128
391   86.2851    90.8107
392   86.2851    89.8982
393   86.2851    90.9793
394   86.2851    90.3841
395   86.2851    91.7513
396   85.68    90.0322
397   85.68    90.0197
398   85.68    91.731
399   85.68    90.4995
400   85.68    88.7298
401   85.68    89.0336
402   85.68    88.8423
403   85.2905    89.0061
404   85.2905    88.0064
405   85.2905    90.2809
406   85.2905    90.6538
407   85.2905    89.1371
408   85.2905    88.4749
409   85.2905    88.509
410   85.2905    90.8176
411   85.2905    89.7411
412   85.1805    91.4965
413   85.1805    94.499
414   85.1805    94.4641
415   85.1805    94.2099
416   85.1805    93.6497
417   85.1805    90.4931
418   85.1805    89.192
419   85.1805    88.3908
420   85.1805    87.5313
421   85.1805    87.6488
422   85.1805    87.4386
423   85.1805    87.6902
424   85.1805    88.8229
425   85.1805    90.9882
426   85.1805    92.9103
427   85.1805    95.5663
428   85.1805    96.2052
429   85.1805    95.2082
430   85.1805    94.5964
431   85.056    94.0329
432   85.056    92.8372
433   85.056    91.9608
434   84.9974    90.9806
435   84.4215    88.0797
436   84.4215    91.367
437   84.4215    95.3523
438   84.4215    96.9719
439   84.4215    96.3133
440   84.4215    95.7511
441   84.4215    98.1401
442   84.4215    97.5891
443   84.4215    94.3013
444   84.4215    93.4273
445   84.4215    92.2738
446   84.4215    90.2266
447   84.4215    91.6691
448   84.4215    89.6457
449   84.163    87.0688
450   83.7136    86.6327
451   83.4551    86.5779
452   83.4551    87.637
453   83.1703    88.245
454   83.1703    88.3625
455   83.1703    88.3655
456   83.1703    88.3613
457   83.1703    89.3145
458   83.1703    86.7617
459   83.1703    85.1208
460   83.1703    86.3006
461   82.8959    85.6293
462   82.8615    84.4314
463   82.4466    84.726
464   82.4466    83.8986
465   82.4466    84.3245
466   82.4466    85.7209
467   82.4466    84.5575
468   82.4466    84.9536
469   82.4466    86.0568
470   82.4466    85.9932
471   82.4466    84.7344
472   82.4466    84.1236
473   82.3025    87.1627
474   82.3025    85.281
475   81.8535    84.3592
476   81.8535    83.7069
477   81.7093    85.5396
478   81.7093    84.0227
479   81.7093    84.7827
480   81.7093    87.7144
481   81.7093    89.4362
482   81.7093    90.3141
483   81.7093    89.5957
484   81.7093    91.1541
485   81.7093    92.9832
486   81.7093    93.1855
487   81.7093    95.5509
488   81.7093    93.7691
489   81.7093    91.3827
490   81.7093    91.2945
491   81.7093    89.2048
492   81.7093    88.7325
493   81.7093    88.5387
494   81.7093    85.3088
495   81.7093    84.2275
496   81.7093    83.8075
497   81.7093    86.2949
498   81.7093    85.9205
499   81.7093    84.8245
500   81.7093    85.6065
501   81.6002    84.7454
502   81.6002    84.2735
503   81.6002    84.1307
504   81.6002    83.8319
505   81.6002    83.3351
506   81.6002    85.5375
507   81.6002    84.0422
508   81.6002    83.9417
509   81.6002    82.6456
510   81.6002    82.4768
511   81.6002    82.6655
512   81.6002    83.785
513   81.6002    84.4176
514   81.6002    83.6975
515   81.6002    84.2837
516   81.6002    83.7613
517   81.6002    85.2423
518   81.6002    84.8473
519   81.6002    85.4582
520   81.6002    87.2688
521   81.6002    87.836
522   81.6002    86.7152
523   81.5428    83.9624
524   81.461    85.886
525   81.4037    83.3671
526   81.4037    83.7108
527   81.4037    83.1679
528   81.4037    84.1145
529   81.4037    85.3152
530   81.4037    83.6964
531   81.4037    82.7445
532   81.4037    84.8064
533   81.4037    84.0535
534   81.4037    83.9471
535   81.4037    84.7065
536   81.4037    85.2995
537   81.4037    86.734
538   81.4037    84.2913
539   81.4037    84.2465
540   80.3526    84.4879
541   80.3526    85.3136
542   80.3526    84.4188
543   80.3526    82.9525
544   80.0187    83.231
545   80.0187    81.9312
546   80.0187    83.1414
547   80.0187    84.1525
548   80.0187    84.4282
549   80.0187    84.0717
550   80.0187    84.3257
551   79.7542    85.7284
552   79.7542    84.2761
553   79.7542    81.8957
554   79.7542    83.1713
555   79.7542    82.3053
556   79.6874    81.226
557   79.6874    81.9895
558   79.6874    83.3542
559   79.6874    82.1778
560   79.6874    81.8914
561   79.6874    81.5499
562   79.6874    81.3833
563   79.6874    80.4936
564   79.6874    81.9072
565   79.4567    82.2069
566   79.4567    82.6048
567   79.4567    82.1801
568   79.3242    83.4447
569   79.219    82.8496
570   79.219    82.3119
571   79.219    83.2962
572   79.219    83.2848
573   79.219    84.3649
574   79.219    84.8233
575   79.219    83.0882
576   79.219    83.1575
577   79.219    82.5486
578   79.219    83.9686
579   79.219    82.9882
580   79.219    83.407
581   79.219    82.718
582   79.219    81.4491
583   79.219    83.1248
584   79.219    83.3778
585   79.219    82.0656
586   79.219    83.3041
587   79.219    82.3204
588   79.219    82.3155
589   79.219    83.4699
590   79.219    82.8409
591   78.926    82.8128
592   78.926    82.2566
593   78.926    82.8128
594   78.926    84.8395
595   78.926    85.3603
596   78.926    84.347
597   78.926    81.3936
598   78.926    81.9741
599   78.926    83.7141
600   78.926    82.6953
601   78.9238    83.1015
602   78.9238    82.844
603   78.8483    83.9561
604   78.1539    84.334
605   78.0762    84.9908
606   77.6021    84.3312
607   77.6021    81.7582
608   76.8887    80.8273
609   76.8887    81.7182
610   76.779    81.981
611   76.779    82.469
612   76.779    80.6895
613   76.779    80.3195
614   76.779    80.7914
615   76.779    79.9241
616   76.779    79.6562
617   76.779    79.6947
618   76.779    80.2979
619   76.779    80.6732
620   76.1972    80.4832
621   76.1972    79.1769
622   76.1972    80.1195
623   76.1972    79.8347
624   76.1972    80.2672
625   76.1972    81.419
626   76.1972    80.778
627   76.1972    79.7792
628   76.1972    79.5601
629   76.1972    79.9661
630   76.1972    81.8881
631   76.1972    80.4159
632   76.1972    80.421
633   75.8623    79.2507
634   75.8623    80.2917
635   75.8623    78.9596
636   75.8623    79.1971
637   75.8623    78.85
638   75.8623    78.5647
639   75.8623    78.1205
640   75.4804    77.7469
641   75.4804    78.3339
642   75.1456    79.1189
643   75.1456    80.2104
644   75.1456    80.6192
645   75.1456    79.9086
646   73.434    78.7347
647   73.434    76.5653
648   73.434    76.8801
649   73.434    75.8694
650   73.434    77.3266
651   73.434    76.4696
652   73.434    76.827
653   73.434    77.7664
654   73.434    75.9753
655   73.434    77.107
656   73.434    76.1211
657   73.434    76.981
658   73.1784    76.3787
659   73.1784    77.3213
660   73.1784    75.7444
661   73.1784    75.5939
662   73.1784    76.3981
663   73.0814    75.8404
664   73.0814    75.9513
665   73.0814    75.5551
666   73.0814    76.4464
667   73.0814    77.4865
668   73.0814    76.9887
669   73.0814    76.2231
670   73.0814    75.7828
671   73.0814    76.6692
672   73.0814    77.3154
673   73.0814    76.3047
674   73.0814    76.8837
675   73.0814    77.9302
676   73.0814    77.9302
677   73.0814    77.7957
678   73.0814    78.8422
679   73.0814    78.6672
680   73.0814    76.5801
681   73.0814    76.7029
682   73.0814    75.6229
683   73.0814    74.5705
684   73.0814    74.5156
685   73.0814    74.4765
686   73.0814    74.7433
687   72.8796    75.2015
688   72.8796    76.0323
689   72.8796    76.0786
690   72.8796    76.7529
691   72.8796    75.8053
692   72.8796    75.8061
693   72.8796    75.5075
694   72.8796    76.6986
695   72.8796    76.2875
696   72.8796    75.7146
697   72.8796    75.0838
698   72.8796    73.9107
699   72.8796    75.0317
700   72.8796    75.1126
701   72.8796    76.2859
702   72.8796    75.0095
703   72.5378    75.6026
704   72.5378    75.6933
705   72.5378    76.6866
706   72.5378    77.4635
707   72.5378    77.8128
708   72.5317    77.3563
709   72.5317    77.0976
710   71.8742    77.1324
711   71.8742    77.3636
712   71.8742    76.0526
713   71.8742    75.7948
714   71.8742    75.8001
715   71.8742    75.3067
716   71.8742    75.2706
717   71.8742    74.5751
718   71.8742    76.5799
719   71.8742    75.3661
720   71.8742    75.9868
721   71.8742    75.1494
722   71.8742    75.5266
723   71.8742    77.1716
724   71.8742    79.9848
725   71.8742    78.3777
726   71.8742    76.8928
727   71.6685    75.9582
728   71.6685    78.4973
729   71.6685    75.2403
730   71.6685    74.8474
731   71.6685    73.7469
732   71.6685    73.761
733   71.6685    74.8649
734   71.6685    74.4805
735   71.6685    75.6894
736   71.6685    74.0532
737   71.6685    75.8749
738   71.6685    77.2559
739   71.6685    78.2862
740   71.6685    75.3127
741   71.6685    73.935
742   71.6685    74.9436
743   71.6685    76.3843
744   71.6685    75.833
745   71.6685    75.9831
746   71.6685    76.9641
747   71.6685    76.659
748   71.6685    76.9753
749   71.6685    76.0754
750   71.6685    76.744
751   71.6685    75.8458
752   71.6685    75.9699
753   71.6685    74.4082
754   71.6685    74.77
755   71.6685    75.1068
756   71.6685    73.3276
757   71.6685    73.5397
758   71.6685    74.2668
759   71.6685    75.6966
760   71.6685    75.2346
761   71.6685    75.9007
762   71.6685    75.6366
763   71.6582    73.0569
764   71.6582    75.5076
765   71.6582    76.602
766   71.6582    76.7122
767   71.6582    76.786
768   71.6582    78.6823
769   71.6582    78.3143
770   71.6582    76.7432
771   71.6582    76.5276
772   71.6582    77.0759
773   71.6582    76.7511
774   71.6582    75.5094
775   71.6582    78.3314
776   71.6582    78.396
777   71.6582    75.9735
778   71.6582    74.7126
779   71.6582    75.0209
780   71.6582    75.7714
781   71.6582    74.5401
782   71.6582    73.2373
783   71.6582    74.6071
784   71.6582    74.0476
785   71.6582    73.8497
786   71.6582    74.733
787   71.6582    74.8915
788   71.6582    73.7382
789   71.6582    74.1376
790   71.6582    73.9793
791   71.6582    73.5921
792   71.6582    73.1401
793   71.6582    73.1848
794   71.6582    73.3044
795   71.6582    73.5052
796   71.6582    73.5753
797   71.6582    72.0133
798   71.6582    72.0045
799   71.6582    73.7798
800   71.6582    73.1265
801   69.5855    74.5885
802   69.5674    74.9865
803   69.5674    75.3948
804   69.5674    74.3913
805   69.5674    74.058
806   69.5674    74.4855
807   69.5674    74.7948
808   69.5674    75.4664
809   69.5674    74.8399
810   69.5674    74.1087
811   69.5674    73.9878
812   69.5674    72.6235
813   69.5674    73.5048
814   69.5674    72.1427
815   69.5674    73.5955
816   69.5674    71.3977
817   69.5674    71.7141
818   69.5044    72.1696
819   69.5044    73.5354
820   69.5044    71.9152
821   69.5044    72.8562
822   69.5044    72.4714
823   69.5044    72.5681
824   69.5044    71.7236
825   69.5044    72.9193
826   69.5044    71.8074
827   69.5044    72.2064
828   69.5044    72.5713
829   69.5044    71.5594
830   69.5044    71.7526
831   69.5044    72.1047
832   69.5044    73.0645
833   69.5044    73.5423
834   69.5044    72.9261
835   69.5044    73.2099
836   69.5044    74.2528
837   69.5044    74.3777
838   69.5044    73.8433
839   69.5044    72.47
840   69.5044    71.7399
841   69.5044    71.8425
842   69.5044    70.9711
843   69.5044    73.3075
844   69.5044    73.8738
845   69.5044    73.7524
846   69.5044    72.584
847   69.5044    72.6195
848   69.5044    72.6615
849   69.5044    72.8973
850   69.5044    73.5616
851   69.5044    73.1251
852   69.5044    72.8422
853   69.5044    72.4408
854   69.5044    71.4402
855   69.5044    71.0325
856   69.5044    70.4248
857   69.5044    70.7019
858   69.5044    71.724
859   69.5044    74.1646
860   69.5044    74.0313
861   69.5044    73.0989
862   69.5044    71.9258
863   69.5044    72.6164
864   69.5044    71.1206
865   69.5044    71.0584
866   69.5044    72.9373
867   69.5044    72.908
868   69.5044    73.0491
869   69.5044    74.2276
870   69.5044    72.5499
871   69.5044    75.094
872   69.5044    73.7397
873   69.5044    72.415
874   69.5044    71.7301
875   69.5044    72.6758
876   69.5044    71.7469
877   69.5044    72.409
878   69.5044    72.1163
879   69.5044    72.4181
880   69.5044    74.2823
881   69.5044    74.616
882   69.5044    74.8924
883   69.5044    75.1301
884   69.5044    73.6283
885   69.5044    74.065
886   69.4323    72.1201
887   69.4323    72.467
888   69.4323    74.2044
889   69.4323    74.1894
890   69.4323    74.5119
891   69.4323    72.8935
892   69.4323    74.1538
893   69.4323    74.8034
894   69.4323    73.5975
895   69.4323    72.4748
896   69.4323    72.7172
897   69.4323    74.4044
898   69.4323    74.81
899   69.4323    73.7484
900   69.4323    72.7874
901   69.4323    71.6698
902   69.4323    73.0891
903   69.4323    72.6413
904   69.4323    72.9038
905   69.4323    71.8974
906   69.4323    70.9154
907   69.4323    71.6099
908   69.4323    71.1065
909   69.4323    71.7861
910   69.4323    70.9618
911   69.4323    70.8322
912   69.4323    73.6221
913   69.4323    74.4135
914   69.4323    74.9997
915   69.4323    73.4599
916   69.4323    72.0067
917   69.4323    72.2279
918   69.4323    71.872
919   69.4323    71.6413
920   69.4323    71.872
921   69.4323    72.56
922   69.4323    72.3914
923   69.4323    73.0494
924   69.4323    75.0353
925   69.4323    75.3531
926   69.4323    73.4345
927   69.4323    73.0422
928   69.4323    73.2453
929   69.0974    73.4027
930   69.0974    73.0802
931   69.0974    73.1804
932   69.0974    73.5436
933   69.0974    72.8394
934   69.0974    73.0661
935   69.0974    72.3568
936   69.0974    71.172
937   69.0974    71.8575
938   69.0974    71.0253
939   69.0974    71.7374
940   69.0974    71.5788
941   69.0974    72.327
942   69.0974    72.6102
943   69.0974    72.7651
944   69.0974    73.3942
945   69.0974    74.2081
946   69.0974    75.444
947   69.0974    72.5865
948   69.0974    72.2733
949   69.0974    71.6268
950   69.0974    71.4938
951   69.0974    71.9757
952   69.0974    72.4142
953   69.0974    73.8389
954   69.0974    72.7014
955   69.0974    74.3646
956   69.0974    74.1084
957   69.0974    74.7309
958   69.0974    74.7726
959   69.0974    74.4628
960   69.0974    73.6667
961   69.0974    72.391
962   69.0974    71.1994
963   69.0974    72.4654
964   69.0974    71.8111
965   69.0974    73.2324
966   69.0974    71.0792
967   69.0974    71.8842
968   69.0974    71.9559
969   69.0974    71.7749
970   69.0974    71.9847
971   69.0974    72.3047
972   69.0974    71.0098
973   69.0974    71.0033
974   69.0974    71.6249
975   69.0974    73.1745
976   69.0974    72.5585
977   69.0974    73.7174
978   69.0974    74.8335
979   69.0974    74.0854
980   69.0974    73.7609
981   69.0974    73.448
982   69.0974    72.1287
983   69.0974    73.1241
984   69.0974    71.7109
985   69.0974    73.182
986   69.0974    72.3347
987   69.0974    70.9003
988   69.0974    71.3752
989   69.0974    72.8731
990   69.0974    72.6517
991   69.0974    73.5435
992   69.0974    74.4731
993   69.0974    73.0456
994   69.0974    70.8377
995   69.051    71.084
996   69.051    73.5761
997   69.051    72.0516
998   69.051    70.9805
999   69.051    71.0359
1000   69.051    72.7094
1001   67.5455    71.8385
1002   67.5455    72.3516
1003   67.5455    74.6016
1004   67.5455    74.5033
1005   67.5455    74.2211
1006   67.5455    73.5826
1007   67.5455    71.8711
1008   67.5455    73.7358
1009   67.5455    73.2329
1010   67.5455    71.6447
1011   67.5455    71.5003
1012   67.5455    69.9129
1013   67.5455    70.1565
1014   67.5455    70.0392
1015   67.5455    71.2805
1016   67.5455    71.4687
1017   67.5455    70.586
1018   67.5455    71.2607
1019   67.5455    70.1859
1020   67.5455    70.5794
1021   67.5455    70.6849
1022   67.5455    71.8169
1023   67.5455    72.7741
1024   67.5455    72.0007
1025   67.5455    71.8942
1026   67.5455    70.7496
1027   67.5455    70.8604
1028   67.5455    71.5417
1029   67.5455    74.3996
1030   67.5455    74.0018
1031   67.5455    73.8449
1032   67.5455    74.8196
1033   67.5455    74.652
1034   67.5455    74.7542
1035   67.5455    73.6431
1036   67.5455    72.2076
1037   67.5455    73.3714
1038   67.5455    73.0614
1039   67.5455    72.9376
1040   67.5455    71.03
1041   67.5455    72.5805
1042   67.5455    73.1711
1043   67.5455    72.714
1044   67.5455    71.722
1045   67.5455    71.7549
1046   67.5455    71.5927
1047   67.5455    71.2223
1048   67.5455    71.1841
1049   67.5455    71.16
1050   67.5455    70.9903
1051   67.5455    70.2562
1052   67.5455    71.5273
1053   67.5455    71.5216
1054   67.5455    72.4446
1055   67.5455    71.778
1056   67.5455    71.1719
1057   67.5455    70.554
1058   67.5455    71.498
1059   67.5455    71.8549
1060   67.5455    70.8983
1061   67.5455    71.3107
1062   67.5455    72.1266
1063   67.5455    73.7646
1064   67.5455    72.368
1065   67.5455    71.5264
1066   67.5455    70.9404
1067   67.5455    68.9826
1068   67.5455    69.882
1069   67.5455    69.5389
1070   67.5455    68.986
1071   67.5455    69.0029
1072   67.5455    68.3155
1073   67.5455    68.7019
1074   67.5455    68.8689
1075   67.5455    67.9408
1076   67.5455    68.5322
1077   67.5455    71.1862
1078   67.5455    71.855
1079   67.5455    70.2887
1080   67.5455    71.3494
1081   67.5455    71.9705
1082   67.5455    72.1805
1083   67.5455    72.8201
1084   67.5455    70.8836
1085   67.5455    70.7603
1086   67.5455    71.9074
1087   67.5455    71.782
1088   67.5455    71.322
1089   67.5455    70.6517
1090   67.5455    70.46
1091   67.5455    69.9156
1092   67.5455    69.3456
1093   67.5455    68.3487
1094   67.5455    70.0531
1095   67.5455    70.6282
1096   67.5455    69.3911
1097   67.5455    69.7389
1098   67.5455    69.9339
1099   67.5455    70.8393
1100   67.5455    70.1277
1101   67.5455    70.5652
1102   67.5455    71.6282
1103   67.5455    72.5606
1104   67.5455    72.2084
1105   67.5455    69.7712
1106   67.5455    70.6179
1107   67.5455    70.7337
1108   67.5455    72.5997
1109   67.5455    72.0547
1110   67.5455    71.0979
1111   67.5455    68.9544
1112   67.5455    69.1238
1113   67.5455    68.6374
1114   67.5455    70.5959
1115   67.5455    71.2534
1116   67.5455    72.3477
1117   67.5455    71.952
1118   67.5455    72.3612
1119   67.5455    70.0666
1120   67.5455    70.6949
1121   67.5455    69.5788
1122   67.5455    70.6757
1123   67.5455    70.9358
1124   67.5455    70.8138
1125   67.5455    71.5026
1126   67.5455    71.3278
1127   67.5455    69.9572
1128   67.5455    70.0872
1129   67.5455    69.8403
1130   67.5455    69.1939
1131   67.5455    68.8237
1132   67.5455    69.795
1133   67.5455    71.8708
1134   67.5455    70.8685
1135   67.5455    69.9693
1136   67.5455    70.0931
1137   67.5455    71.7313
1138   67.5455    70.9015
1139   67.5455    69.6551
1140   67.5455    68.6332
1141   67.5455    69.5179
1142   67.5455    68.5699
1143   67.5455    69.118
1144   67.5455    69.968
1145   67.5455    70.9167
1146   67.5455    70.6876
1147   67.5455    71.3541
1148   67.5455    71.6862
1149   67.4916    70.1289
1150   67.4916    70.0166
1151   67.4916    70.4299
1152   67.4916    71.3226
1153   67.4916    70.6253
1154   67.4916    70.4721
1155   67.4916    70.2971
1156   67.4916    70.2169
1157   67.4916    71.2887
1158   67.4916    70.6656
1159   67.4916    72.1388
1160   67.4916    72.4409
1161   67.4916    70.9096
1162   67.4916    70.4809
1163   67.4916    71.5403
1164   67.4916    69.7458
1165   67.4916    69.9792
1166   67.4916    69.184
1167   67.4916    69.4798
1168   67.4916    68.8306
1169   67.4916    69.3527
1170   67.4916    70.452
1171   67.4916    70.0128
1172   67.4916    69.5748
1173   67.4916    69.3384
1174   67.4916    69.9089
1175   67.4916    69.7837
1176   67.4916    71.7043
1177   67.4916    71.3224
1178   67.4916    70.5274
1179   67.4916    71.6193
1180   67.4916    71.8165
1181   67.4916    70.0119
1182   67.4916    70.257
1183   67.4916    69.9786
1184   67.4916    70.0454
1185   67.4916    71.5355
1186   67.4916    71.8281
1187   67.4916    68.9387
1188   67.4916    68.6967
1189   67.4916    70.3499
1190   67.4916    70.6588
1191   67.4916    71.3065
1192   67.4916    71.5359
1193   67.4916    70.5098
1194   67.4916    70.8865
1195   67.4916    70.946
1196   67.4916    70.992
1197   67.4916    70.2898
1198   67.4916    72.1545
1199   67.4916    71.4057
1200   67.4916    71.8265
1201   67.4916    71.4195
1202   67.4916    72.1693
1203   67.4916    72.8731
1204   67.4916    72.8335
1205   67.4916    70.9001
1206   67.4916    71.7313
1207   67.4916    72.1205
1208   67.4916    72.3104
1209   67.4916    74.6182
1210   67.4916    73.4845
1211   67.4916    72.4363
1212   67.4916    72.3784
1213   67.4916    69.9129
1214   67.4916    70.0264
1215   67.4916    69.9135
1216   67.4916    70.3642
1217   67.4916    71.11
1218   67.4916    69.7012
1219   67.4916    70.0261
1220   67.4916    68.6746
1221   67.4916    69.0175
1222   67.4916    69.9661
1223   67.4916    71.008
1224   67.4916    69.6211
1225   67.4916    71.0808
1226   67.4916    70.5562
1227   67.4916    72.0976
1228   67.4916    71.3385
1229   67.4916    71.2026
1230   67.4916    71.1254
1231   67.4916    71.1313
1232   67.4916    70.4059
1233   67.4916    69.6405
1234   67.4916    68.7831
1235   67.4916    69.4137
1236   67.4916    69.6177
1237   67.4916    69.4071
1238   67.4916    69.6983
1239   67.4916    70.2941
1240   67.4916    70.1179
1241   67.4916    70.2713
1242   67.4916    70.1364
1243   67.4916    69.8282
1244   67.4916    69.6992
1245   67.4916    69.6757
1246   67.4916    70.328
1247   67.4916    70.1142
1248   67.4916    69.6148
1249   67.4916    71.4846
1250   67.4916    72.3488
1251   67.4916    70.9064
1252   67.4916    71.6981
1253   67.4916    73.2361
1254   67.4916    73.2902
1255   67.4916    72.9623
1256   67.4916    73.057
1257   67.4916    73.8284
1258   67.4916    71.2147
1259   67.4916    69.9612
1260   67.4916    70.4663
1261   67.4916    70.5208
1262   67.3063    70.643
1263   67.3063    70.4759
1264   67.3063    69.7308
1265   67.3063    70.9586
1266   67.3063    69.5437
1267   67.3063    71.0131
1268   67.3063    70.8436
1269   67.3063    68.7316
1270   67.3063    69.5961
1271   67.3063    69.6814
1272   67.3063    69.3944
1273   67.3063    70.7699
1274   67.3063    70.4892
1275   67.3063    68.7418
1276   67.3063    69.7472
1277   67.3063    70.6013
1278   67.3063    69.5743
1279   67.3063    69.175
1280   67.3063    69.873
1281   67.3063    69.7573
1282   67.3063    70.6271
1283   67.3063    71.04
1284   67.3063    69.4212
1285   67.3063    70.096
1286   67.3063    70.7651
1287   67.3063    70.8991
1288   67.3063    70.2569
1289   67.3063    71.2404
1290   67.3063    71.6722
1291   67.3063    70.9335
1292   67.3063    70.7945
1293   67.3063    69.3484
1294   67.3063    70.9806
1295   67.3063    72.4759
1296   67.3063    71.4016
1297   67.3063    71.0339
1298   67.3063    69.9439
1299   67.3063    71.0795
1300   67.3063    68.9253
1301   66.7418    67.9184
1302   66.7418    68.9821
1303   66.7418    69.6905
1304   66.7418    70.1284
1305   66.7418    69.5777
1306   66.7418    71.6751
1307   66.7418    70.2045
1308   66.7418    69.3823
1309   66.7418    69.5042
1310   66.7418    70.4844
1311   66.7418    69.9951
1312   66.7418    70.2511
1313   66.7418    70.3374
1314   66.7418    71.255
1315   66.7418    71.2889
1316   66.7418    71.2208
1317   66.7418    69.9349
1318   66.7418    69.5292
1319   66.7418    68.7111
1320   66.7418    69.2929
1321   66.7418    71.309
1322   66.7418    70.6088
1323   66.7418    70.7053
1324   66.7418    72.1546
1325   66.7418    71.6056
1326   66.7418    72.5759
1327   66.7418    71.3915
1328   66.7418    72.0528
1329   66.7418    70.3918
1330   66.7418    70.0446
1331   66.7418    71.563
1332   66.7418    70.0623
1333   66.7418    69.9403
1334   66.7418    69.8345
1335   66.7418    70.5567
1336   66.7418    73.6959
1337   66.7418    71.1523
1338   66.7418    71.8064
1339   66.7418    71.6499
1340   66.7418    72.7724
1341   66.7418    68.7181
1342   66.7418    69.1029
1343   66.7418    70.2714
1344   66.7418    69.5083
1345   66.7418    70.4839
1346   66.7418    71.2889
1347   66.7418    71.5984
1348   66.7418    70.07
1349   66.6788    71.0318
1350   66.6788    69.904
1351   66.6788    69.8081
1352   66.6788    68.4867
1353   66.6788    68.6116
1354   66.6788    70.1087
1355   66.6788    70.0245
1356   66.6788    68.376
1357   66.6788    68.4684
1358   66.6788    67.8317
1359   66.6788    69.0286
1360   66.6788    70.0436
1361   66.6788    70.7837
1362   66.6788    71.4906
1363   66.6788    72.1321
1364   66.6788    72.4806
1365   66.6788    72.793
1366   66.6788    72.7461
1367   66.6788    72.0917
1368   66.6788    70.8755
1369   66.6788    69.0769
1370   66.6788    69.6291
1371   66.6788    69.552
1372   66.6788    71.4418
1373   66.6788    70.4662
1374   66.6788    69.8012
1375   66.6788    69.7284
1376   66.6788    69.6591
1377   66.6788    68.826
1378   66.6788    68.4484
1379   66.6788    69.7464
1380   66.6788    68.6486
1381   66.6788    69.0478
1382   66.6788    70.2519
1383   66.6788    69.0836
1384   66.6788    69.0454
1385   66.6788    68.6001
1386   66.6788    68.791
1387   66.6788    69.5413
1388   66.6788    69.389
1389   66.6788    67.3826
1390   66.6788    68.3751
1391   66.6788    69.5946
1392   66.6788    70.4103
1393   66.6788    70.6166
1394   66.6788    68.9901
1395   66.6788    68.5463
1396   66.6788    69.9238
1397   66.6788    68.3923
1398   66.6788    69.2384
1399   66.6788    70.731
1400   66.6788    71.9341
1401   66.6167    70.0275
1402   66.4264    70.2684
1403   66.2681    70.147
1404   66.2681    70.9826
1405   66.2681    71.6154
1406   66.2681    68.8638
1407   66.2681    68.3772
1408   66.2681    67.3492
1409   66.2681    68.5161
1410   66.2681    68.9022
1411   66.2681    68.5986
1412   66.2681    69.5026
1413   66.2681    68.6986
1414   66.2681    68.9968
1415   66.2681    68.4043
1416   66.2681    69.0076
1417   66.2681    68.8378
1418   66.2681    68.4629
1419   66.2681    68.0691
1420   66.2681    68.5955
1421   66.2681    67.5258
1422   66.2681    68.781
1423   66.2681    68.4438
1424   66.2681    68.7273
1425   66.2681    67.6875
1426   66.2681    69.4744
1427   66.2681    69.2872
1428   66.2681    69.1866
1429   66.2681    70.3187
1430   66.2681    69.8275
1431   66.2681    69.1582
1432   66.2681    69.932
1433   66.2681    70.5983
1434   66.2681    69.5199
1435   66.2681    68.8824
1436   66.2681    71.2753
1437   66.2681    70.6604
1438   66.2681    69.0379
1439   66.2681    68.1216
1440   66.2681    68.3197
1441   66.2681    67.6952
1442   66.2681    69.01
1443   66.2681    69.6608
1444   66.2681    69.7487
1445   66.2681    70.4023
1446   66.2681    69.8332
1447   66.2681    68.7788
1448   66.2681    68.6274
1449   66.2681    68.6008
1450   66.2681    70.0852
1451   66.2681    69.3171
1452   66.2681    70.1436
1453   66.2681    68.339
1454   66.2681    68.6437
1455   66.2681    68.5037
1456   66.2681    69.8204
1457   66.2681    67.8562
1458   66.2681    68.8824
1459   66.2681    68.6971
1460   66.2681    67.8689
1461   66.2681    67.9085
1462   66.2681    67.8615
1463   66.2681    69.3392
1464   66.2681    69.899
1465   66.2681    69.8667
1466   66.2681    70.9744
1467   66.2681    71.3223
1468   66.2681    67.3665
1469   66.2681    68.6905
1470   66.2681    69.1747
1471   66.2681    68.3566
1472   66.2681    68.8298
1473   66.2681    70.0511
1474   66.2681    68.0622
1475   66.2681    68.2271
1476   66.2681    69.5655
1477   66.2681    68.8178
1478   66.2681    67.2704
1479   66.2681    67.8911
1480   66.2681    68.3457
1481   66.2681    67.6029
1482   66.2681    68.3891
1483   66.2681    68.3387
1484   66.2681    69.2576
1485   66.2681    70.7557
1486   66.2681    70.0988
1487   66.2681    69.7931
1488   66.2681    69.5167
1489   66.2681    68.2099
1490   66.2681    68.3121
1491   66.2681    70.3247
1492   66.2681    69.8113
1493   66.2681    68.8222
1494   66.2681    67.7962
1495   66.2681    68.0981
1496   66.2681    69.5769
1497   66.2681    69.7618
1498   66.2681    70.3661
1499   66.2681    68.327
1500   66.2681    69.4303
1501   66.2681    68.0765
1502   66.2681    68.5313
1503   66.2681    69.081
1504   66.2681    69.396
1505   66.2681    68.5447
1506   66.2681    69.4836
1507   66.2681    69.7417
1508   66.2681    69.372
1509   66.2681    70.5098
1510   66.2681    71.0879
1511   66.2681    69.8343
1512   66.2681    68.9966
1513   66.2681    68.6862
1514   66.2681    68.2969
1515   66.2681    68.8649
1516   66.2681    69.1352
1517   66.2681    69.0537
1518   66.2681    69.1602
1519   66.2681    69.327
1520   66.2681    70.2741
1521   66.2681    69.9707
1522   66.2681    69.5287
1523   66.2681    69.8317
1524   66.2681    68.1718
1525   66.2681    68.5626
1526   66.2681    69.6302
1527   66.2681    68.5891
1528   66.2681    68.7635
1529   66.2681    69.9007
1530   66.2681    69.3547
1531   66.2681    69.9434
1532   66.2681    68.8788
1533   66.2681    68.3699
1534   66.2681    69.0314
1535   66.2681    68.7793
1536   66.2681    69.5805
1537   66.2681    68.1548
1538   66.2681    69.6386
1539   66.2681    69.5986
1540   66.2681    69.1479
1541   66.2681    69.4698
1542   66.2681    68.2817
1543   66.2681    67.5139
1544   66.2681    68.6157
1545   66.2681    67.8131
1546   66.2681    66.9971
1547   66.2681    68.5836
1548   66.2681    69.9554
1549   66.2681    71.0843
1550   66.2681    68.6412
1551   66.2681    68.9678
1552   66.2681    70.4725
1553   66.2681    68.9136
1554   66.2681    68.6194
1555   66.2681    69.5286
1556   66.2681    69.8209
1557   66.2681    70.9669
1558   66.2681    71.5982
1559   66.2681    71.0311
1560   66.2681    69.9937
1561   66.2681    70.4608
1562   66.2681    70.4907
1563   66.2681    70.6258
1564   66.2681    70.3271
1565   66.2681    68.7055
1566   66.2681    70.8873
1567   66.2681    71.6591
1568   66.2681    69.8274
1569   66.2681    69.0759
1570   66.2681    69.1915
1571   66.2681    67.952
1572   66.2681    67.1135
1573   66.2681    67.3542
1574   66.2681    69.6303
1575   66.2681    69.3814
1576   66.2681    67.6397
1577   66.2681    69.0135
1578   66.2681    69.2953
1579   66.2681    66.9587
1580   66.2681    67.3666
1581   66.2681    68.4017
1582   66.2681    68.6731
1583   66.2681    69.8606
1584   66.2681    68.405
1585   66.2681    67.7488
1586   66.2681    68.1116
1587   66.2681    68.4444
1588   66.2681    68.7832
1589   66.2681    70.0792
1590   66.2681    69.8625
1591   66.2681    69.894
1592   66.2681    69.3492
1593   66.2681    70.5392
1594   66.2681    71.6345
1595   66.2681    69.1631
1596   66.2681    69.6855
1597   66.2681    70.6237
1598   66.2681    71.6478
1599   66.2681    68.99
1600   66.2681    68.4097
1601   66.1462    69.5218
1602   66.1462    69.0985
1603   65.9742    70.049
1604   65.9742    69.8341
1605   65.9742    68.1871
1606   65.9742    69.7687
1607   65.9742    70.3145
1608   65.9742    68.5318
1609   65.9742    68.5357
1610   65.9742    70.1086
1611   65.9742    69.2869
1612   65.9742    68.0541
1613   65.9742    67.3312
1614   65.9742    68.0307
1615   65.9742    68.0122
1616   65.9742    68.5706
1617   65.9742    69.2577
1618   65.9742    69.7533
1619   65.9742    69.7721
1620   65.9742    70.2439
1621   65.9742    68.1175
1622   65.9742    68.6968
1623   65.9742    70.1718
1624   65.9742    69.9819
1625   65.9742    69.8905
1626   65.9742    70.9814
1627   65.9742    71.2467
1628   65.9742    68.4972
1629   65.9742    67.7157
1630   65.9742    67.2845
1631   65.9742    67.3812
1632   65.9742    67.9913
1633   65.9742    68.8395
1634   65.9742    69.0344
1635   65.9742    69.4431
1636   65.9742    69.3844
1637   65.9742    69.351
1638   65.9742    68.4901
1639   65.9742    67.6852
1640   65.9742    68.9445
1641   65.9742    69.9499
1642   65.9742    67.9838
1643   65.9742    67.1311
1644   65.9742    67.7386
1645   65.9742    67.4129
1646   65.9742    68.6869
1647   65.9742    67.8753
1648   65.9742    69.7099
1649   65.9742    69.0428
1650   65.9742    70.336
1651   65.9742    69.4153
1652   65.9742    70.0328
1653   65.9742    69.5879
1654   65.9742    69.2793
1655   65.9742    69.2951
1656   65.9742    68.66
1657   65.9742    68.628
1658   65.9742    68.3928
1659   65.9742    68.1495
1660   65.9742    68.9193
1661   65.9742    69.9136
1662   65.9742    69.575
1663   65.9742    69.5461
1664   65.9742    69.8184
1665   65.9742    67.5508
1666   65.9742    67.0283
1667   65.9742    67.5805
1668   65.9742    68.2612
1669   65.9742    68.6547
1670   65.9742    70.5909
1671   65.9742    69.6858
1672   65.9742    69.3097
1673   65.9742    70.4324
1674   65.9742    69.2115
1675   65.9742    68.7541
1676   65.9742    69.1243
1677   65.9742    70.2431
1678   65.9742    70.4245
1679   65.9742    71.7685
1680   65.9742    71.237
1681   65.9742    69.773
1682   65.9742    68.4368
1683   65.9742    68.4284
1684   65.9742    67.95
1685   65.9742    68.9257
1686   65.9742    69.466
1687   65.9742    71.3978
1688   65.9742    72.611
1689   65.9742    71.5544
1690   65.9742    69.6251
1691   65.9742    69.8646
1692   65.9742    70.3402
1693   65.9742    70.472
1694   65.9742    70.1197
1695   65.9742    68.8118
1696   65.9742    68.339
1697   65.9742    68.8542
1698   65.9742    69.6953
1699   65.9742    68.3455
1700   65.9742    69.5683
1701   65.8222    70.5082
1702   65.8222    69.6498
1703   65.8222    69.249
1704   65.8222    70.4222
1705   65.8222    70.0983
1706   65.8222    70.3413
1707   65.8222    69.4589
1708   65.8222    68.9238
1709   65.8222    67.4648
1710   65.8222    68.7694
1711   65.8222    68.3152
1712   65.8222    67.8788
1713   65.8222    68.1621
1714   65.8222    67.1993
1715   65.8222    69.8983
1716   65.8222    71.0965
1717   65.8222    71.1213
1718   65.8222    70.5549
1719   65.8222    70.1865
1720   65.8222    69.4377
1721   65.8222    69.0922
1722   65.8222    69.7947
1723   65.8222    68.6619
1724   65.8222    67.7915
1725   65.8222    67.3803
1726   65.8222    68.2033
1727   65.8222    67.5335
1728   65.8222    68.2318
1729   65.8222    68.0943
1730   65.8222    68.3111
1731   65.8222    69.5008
1732   65.8222    68.521
1733   65.8222    68.3651
1734   65.8222    69.8607
1735   65.8222    71.3709
1736   65.8222    70.2513
1737   65.8222    69.6955
1738   65.8222    69.9432
1739   65.8222    69.1167
1740   65.8222    68.2843
1741   65.8222    68.5743
1742   65.8222    68.2291
1743   65.8222    68.1571
1744   65.8222    67.0844
1745   65.8222    69.0592
1746   65.8222    70.044
1747   65.8222    70.3475
1748   65.8222    70.1488
1749   65.8222    69.1856
1750   65.8222    69.0358
1751   65.8222    70.8727
1752   65.8222    71.0784
1753   65.8222    69.8213
1754   65.8222    67.4371
1755   65.8222    66.5398
1756   65.8222    67.3421
1757   65.8222    66.7283
1758   65.8222    66.8189
1759   65.8222    67.4664
1760   65.8222    68.2152
1761   65.8222    67.5134
1762   65.8222    67.6045
1763   65.8222    70.3499
1764   65.8222    71.087
1765   65.8222    69.9528
1766   65.8222    70.0117
1767   65.8222    68.9703
1768   65.8222    70.1479
1769   65.8222    70.5753
1770   65.8222    69.921
1771   65.8222    70.7338
1772   65.8222    70.9453
1773   65.8222    69.895
1774   65.8222    70.1024
1775   65.8222    68.7802
1776   65.8222    67.999
1777   65.8222    67.0144
1778   65.8222    67.6256
1779   65.8222    67.865
1780   65.8222    68.0928
1781   65.8222    68.5078
1782   65.8222    67.924
1783   65.8222    67.9599
1784   65.8222    69.0564
1785   65.8222    68.9409
1786   65.8222    67.4671
1787   65.8222    70.9898
1788   65.8222    68.0654
1789   65.8222    66.8864
1790   65.8222    69.8095
1791   65.8222    70.1444
1792   65.8222    70.3211
1793   65.8222    70.6933
1794   65.8222    70.4282
1795   65.8222    70.3786
1796   65.8222    68.7754
1797   65.8222    67.2459
1798   65.8222    68.4666
1799   65.8222    68.5114
1800   65.8222    68.191
1801   65.8222    68.4495
1802   65.8222    70.9311
1803   65.8222    71.0744
1804   65.8222    71.9807
1805   65.8222    71.0405
1806   65.8222    71.0395
1807   65.8222    69.7542
1808   65.8222    69.9036
1809   65.8222    67.5139
1810   65.8222    68.6954
1811   65.8222    67.0126
1812   65.8222    68.0536
1813   65.8222    67.1332
1814   65.8222    67.7978
1815   65.8222    67.5236
1816   65.8222    67.1129
1817   65.8222    67.453
1818   65.8222    68.406
1819   65.8222    67.8597
1820   65.8222    67.9202
1821   65.8222    69.2479
1822   65.8222    68.2876
1823   65.8222    69.0561
1824   65.8222    67.384
1825   65.8222    67.8554
1826   65.8222    67.9089
1827   65.8222    67.7729
1828   65.8222    68.4137
1829   65.8222    69.7608
1830   65.8222    69.2941
1831   65.8222    70.0423
1832   65.8222    69.6843
1833   65.8222    67.5506
1834   65.8222    68.0812
1835   65.8222    68.4987
1836   65.8222    67.3897
1837   65.8222    68.6494
1838   65.8222    70.2267
1839   65.8222    68.8666
1840   65.8222    68.803
1841   65.8222    68.8327
1842   65.8222    67.2663
1843   65.8222    67.3577
1844   65.8222    67.6531
1845   65.8222    69.0376
1846   65.8222    69.9726
1847   65.8222    69.9233
1848   65.8222    70.295
1849   65.8222    70.0536
1850   65.8222    69.2966
1851   65.8222    69.5723
1852   65.8222    69.8591
1853   65.8222    70.2419
1854   65.8222    70.2417
1855   65.8222    70.2845
1856   65.8222    69.8411
1857   65.8222    69.0408
1858   65.8222    68.861
1859   65.8222    70.0805
1860   65.8222    71.7825
1861   65.8222    70.7364
1862   65.8222    70.7727
1863   65.8222    68.1081
1864   65.8222    67.3308
1865   65.8222    68.1267
1866   65.8222    68.5802
1867   65.8222    68.9608
1868   65.8222    68.4948
1869   65.8222    71.7732
1870   65.8222    70.989
1871   65.8222    69.5108
1872   65.8222    68.1178
1873   65.8222    69.2472
1874   65.8222    68.663
1875   65.8222    69.4876
1876   65.8222    68.2258
1877   65.8222    69.3213
1878   65.8222    70.7533
1879   65.8222    68.7177
1880   65.8222    69.3796
1881   65.8222    68.8914
1882   65.8222    68.2878
1883   65.8222    67.3351
1884   65.8222    67.2441
1885   65.8222    66.4572
1886   65.8222    68.4415
1887   65.8222    68.6393
1888   65.8222    68.3298
1889   65.8222    68.8855
1890   65.8222    68.6236
1891   65.8222    67.1958
1892   65.8222    67.4745
1893   65.8222    68.009
1894   65.8222    68.209
1895   65.8222    68.4021
1896   65.8222    67.5238
1897   65.8222    69.5975
1898   65.8222    68.881
1899   65.8222    69.0631
1900   65.8222    68.5762
1901   65.7142    67.5273
1902   65.7142    66.8522
1903   65.7142    66.8394
1904   65.7142    67.9986
1905   65.7142    66.7776
1906   65.7142    67.4053
1907   65.7142    67.8478
1908   65.7142    69.6115
1909   65.7142    69.1616
1910   65.7142    70.0908
1911   65.7142    67.908
1912   65.7142    66.8438
1913   65.7142    66.7891
1914   65.7142    67.4827
1915   65.7142    67.6075
1916   65.7142    68.8792
1917   65.7142    68.8396
1918   65.7142    69.1211
1919   65.7142    68.6129
1920   65.7142    67.1701
1921   65.7142    69.2956
1922   65.7142    69.8189
1923   65.7142    68.9911
1924   65.7142    68.5136
1925   65.7142    70.643
1926   65.7142    71.1508
1927   65.7142    70.8581
1928   65.7142    68.2148
1929   65.7142    69.3534
1930   65.7142    69.6978
1931   65.7142    68.5738
1932   65.7142    68.6599
1933   65.7142    70.0126
1934   65.7142    69.3165
1935   65.7142    69.0955
1936   65.7142    71.8813
1937   65.7142    70.1019
1938   65.7142    70.2573
1939   65.7142    70.8985
1940   65.7142    71.5341
1941   65.7142    71.633
1942   65.7142    70.3382
1943   65.7142    70.0995
1944   65.7142    68.5184
1945   65.7142    68.5954
1946   65.7142    69.133
1947   65.7142    69.4831
1948   65.7142    68.8028
1949   65.7142    68.8404
1950   65.7142    68.1068
1951   65.7142    67.3085
1952   65.7142    67.2452
1953   65.7142    68.8537
1954   65.7142    70.5133
1955   65.7142    69.2919
1956   65.7142    69.1554
1957   65.7142    69.2834
1958   65.7142    70.2165
1959   65.7142    68.9859
1960   65.7142    69.5183
1961   65.7142    68.6422
1962   65.7142    67.6737
1963   65.7142    67.2382
1964   65.7142    67.4116
1965   65.7142    67.7499
1966   65.7142    67.9922
1967   65.7142    67.4907
1968   65.7142    68.4516
1969   65.7142    69.4218
1970   65.7142    67.7542
1971   65.7142    67.4471
1972   65.7142    67.1123
1973   65.7142    67.4703
1974   65.7142    69.1148
1975   65.7142    68.8014
1976   65.7142    67.269
1977   65.7142    67.4539
1978   65.7142    67.8737
1979   65.7142    67.0656
1980   65.7142    67.4749
1981   65.7142    67.5961
1982   65.7142    67.5216
1983   65.7142    66.6803
1984   65.7142    68.0347
1985   65.7142    66.6045
1986   65.7142    66.9505
1987   65.7142    68.8961
1988   65.7142    67.958
1989   65.7142    67.6807
1990   65.7142    68.5351
1991   65.7142    69.1172
1992   65.7142    68.5348
1993   65.7142    67.3594
1994   65.7142    67.0626
1995   65.7142    68.0202
1996   65.7142    66.5714
1997   65.7142    66.9091
1998   65.7142    67.0518
1999   65.7142    67.4448
2000   65.7142    67.7562
