1   456.893    492.277
2   438.301    480.158
3   434.063    467.959
4   405.25    455.435
5   394.273    436.09
6   393.997    419.664
7   383.173    410.008
8   381.245    397.944
9   371.141    388.647
10   365.116    382.568
11   359.667    376.733
12   354.921    372.605
13   345.965    366.815
14   345.787    361.134
15   338.159    357.124
16   337.69    353.584
17   325.344    347.044
18   325.254    340.614
19   321.024    336.63
20   319.132    332.465
21   312.323    327.145
22   312.081    324.315
23   311.091    323.8
24   303.796    319.925
25   295.68    316.642
26   292.299    311.824
27   287.647    303.256
28   286.042    299.526
29   285.508    296.981
30   283.507    295.346
31   281.586    292.067
32   281.586    289.565
33   277.938    287.458
34   275.585    287.685
35   275.585    286.089
36   275.585    285.39
37   270.039    281.949
38   266.719    279.473
39   261.809    276.543
40   260.799    272.971
41   260.799    271.544
42   259.896    270.047
43   257.492    268.178
44   254.601    264.913
45   252.34    262.537
46   250.799    259.963
47   243.384    256.677
48   241.123    255.319
49   239.157    252.785
50   238.829    250.048
51   238.305    244.723
52   235.792    243.469
53   233.216    240.484
54   230.09    238.503
55   230.09    237.678
56   222.41    237.068
57   220.302    235.669
58   216.319    232.959
59   216.319    227.74
60   216.319    224.706
61   212.632    221.488
62   212.632    220.199
63   211.51    217.794
64   209.136    216.524
65   208.85    215.394
66   208.85    214.439
67   207.176    214.223
68   206.839    215.321
69   206.839    215.764
70   204.519    215.01
71   202.895    212.466
72   202.214    211.357
73   202.214    210.221
74   202.077    211.511
75   202.077    210.235
76   202.019    209.891
77   202.019    210.673
78   202.019    210.158
79   201.766    211.479
80   200.858    211.168
81   196.255    211.171
82   196.255    206.723
83   195.643    202.963
84   195.219    200.695
85   195.114    199.847
86   193.674    198.675
87   193.57    197.39
88   192.325    196.874
89   192.325    195.959
90   192.038    196.716
91   192.038    195.285
92   192.038    195.03
93   189.637    195.484
94   188.826    195.824
95   188.826    196.505
96   188.826    195.462
97   187.935    194.43
98   187.124    195.144
99   187.124    194.314
100   187.124    192.451
101   183.537    192.39
102   180.072    191.418
103   180.072    191.158
104   176.44    191.159
105   176.44    190.476
106   176.44    190.894
107   174.686    189.106
108   174.686    185.819
109   172.436    182.418
110   172.436    180.602
111   172.436    181.216
112   171.715    179.08
113   171.715    176.718
114   171.715    176.312
115   170.737    174.135
116   170.737    173.097
117   169.621    175.414
118   165.914    175.105
119   165.914    173.422
120   164.36    173.436
121   164.36    172.853
122   164.36    169.03
123   162.83    168.074
124   162.83    168.955
125   162.83    170.28
126   161.527    169.942
127   161.527    167.348
128   160.471    165.743
129   158.496    165.168
130   158.496    165.064
131   156.526    162.983
132   156.526    162.443
133   156.526    162.263
134   156.44    161.206
135   154.47    159.655
136   153.806    158.166
137   153.806    158.075
138   153.806    156.674
139   153.806    157.338
140   153.806    157.875
141   153.806    158.009
142   153.806    157.178
143   153.806    157.168
144   153.514    156.267
145   151.851    157.045
146   151.258    157.557
147   151.258    156.806
148   151.258    157.823
149   147.628    157.485
150   147.628    156.72
151   147.007    155.794
152   147.007    156.303
153   145.94    154.266
154   144.757    153.297
155   144.757    152.266
156   144.757    151.95
157   144.757    152.257
158   144.757    151.3
159   144.384    149.755
160   144.384    148.09
161   142.611    149.49
162   142.611    149.171
163   139.119    147.937
164   139.119    147.688
165   139.119    147.199
166   138.779    146.839
167   138.779    146.363
168   138.779    144.672
169   138.779    146.031
170   138.779    144.68
171   138.494    143.175
172   138.494    144.222
173   138.494    147.074
174   138.494    148.083
175   138.494    147.549
176   138.494    147.435
177   138.494    145.407
178   138.494    143.08
179   137.985    143.419
180   137.985    141.711
181   137.985    141.565
182   137.445    140.969
183   137.445    139.73
184   137.122    140.745
185   137.122    141.185
186   135.769    142.623
187   135.769    143.879
188   134.669    144.623
189   133.315    141.281
190   133.315    141.142
191   132.743    140.015
192   132.401    140.5
193   132.401    139.918
194   132.401    140.576
195   132.401    138.974
196   132.401    139.154
197   132.401    139.323
198   131.743    138.783
199   131.743    137.829
200   131.541    136.713
201   130.873    133.769
202   130.873    133.8
203   130.72    134.847
204   129.955    134.6
205   129.671    133.338
206   129.142    132.199
207   129.142    131.278
208   128.662    131.699
209   128.662    132.723
210   128.564    133.602
211   128.104    134.524
212   128.104    135.111
213   128.104    134.191
214   127.625    131.956
215   127.625    131.686
216   127.068    130.151
217   127.068    129.403
218   126.307    129.397
219   126.307    132.072
220   125.537    131.206
221   125.175    130.871
222   124.552    130.75
223   124.552    130.101
224   123.649    129.731
225   123.649    131.046
226   123.649    129.177
227   123.07    128.046
228   123.07    128.356
229   123.07    128.12
230   123.07    126.837
231   123.07    124.518
232   123.07    124.871
233   123.027    125.372
234   123.027    124.85
235   122.709    125.205
236   122.045    126.528
237   122.045    126.294
238   121.783    127.658
239   121.783    128.628
240   121.783    130.164
241   120.517    128.824
242   120.517    127.804
243   120.517    125.344
244   120.517    125.304
245   120.517    124.356
246   120.517    125.436
247   120.517    123.886
248   120.508    123.687
249   120.508    123.96
250   120.227    122.512
251   120.168    123.966
252   120.168    123.357
253   120.168    123.402
254   118.991    121.591
255   118.991    121.242
256   116.988    121.023
257   116.988    120.599
258   116.864    119.937
259   116.864    120.933
260   116.864    120.806
261   115.811    120.018
262   115.811    120.954
263   115.42    120.21
264   114.909    119.54
265   114.909    119.641
266   114.909    118.778
267   114.909    117.516
268   114.909    117.613
269   114.909    117.376
270   114.285    118.173
271   114.285    116.995
272   113.712    117.151
273   113.712    116.194
274   113.53    116.342
275   113.53    115.477
276   113.452    114.828
277   113.059    115.375
278   110.869    116.334
279   110.608    116.954
280   110.216    116.592
281   110.216    113.5
282   110.216    113.711
283   110.216    115.345
284   110.216    114.644
285   110.216    113.473
286   110.216    113.041
287   110.216    111.681
288   109.902    111.961
289   109.902    112.234
290   109.902    112.956
291   109.902    113.303
292   109.902    112.178
293   109.567    112.6
294   109.567    113.41
295   109.567    113.3
296   109.567    113.089
297   108.491    112.855
298   108.491    111.742
299   108.491    113.14
300   107.329    113.586
301   104.991    111.472
302   104.991    113.281
303   104.991    113.585
304   104.991    113.212
305   104.373    111.859
306   104.33    111.061
307   102.692    112.049
308   102.692    110.56
309   102.692    110.056
310   102.692    110.438
311   102.524    109.293
312   102.511    109.324
313   101.947    110.096
314   101.781    109.687
315   101.781    107.885
316   101.781    105.91
317   101.781    105.075
318   101.781    104.896
319   101.781    104.448
320   101.601    104.922
321   101.601    104.09
322   101.571    104.806
323   100.878    104.015
324   100.878    103.717
325   100.698    102.675
326   99.6986    103.548
327   99.5182    101.909
328   99.5182    101.055
329   99.5182    101.365
330   99.2207    101.024
331   99.2207    101.928
332   99.2207    102.01
333   99.2207    102.17
334   99.2207    101.086
335   99.2207    103.252
336   98.6027    102.679
337   98.6027    102.753
338   97.7006    102.054
339   97.7006    101.459
340   97.533    101.674
341   97.4032    100.976
342   97.4032    101.071
343   97.4032    101.485
344   97.4032    100.706
345   97.0858    102.7
346   96.956    102.24
347   96.956    101.764
348   96.956    100.662
349   96.956    100.262
350   96.956    99.4841
351   96.956    100.44
352   96.956    100.617
353   96.8594    99.7346
354   96.8594    99.6347
355   96.7788    98.232
356   96.7788    98.2479
357   96.7788    98.4894
358   96.7788    98.2295
359   96.7788    100.07
360   96.7788    100.516
361   96.7213    98.9582
362   96.7213    98.1598
363   96.7213    98.0838
364   96.7213    98.3746
365   96.1795    100.201
366   96.0868    99.0572
367   95.9846    98.334
368   95.9846    99.051
369   95.9846    100.81
370   95.9846    100.363
371   95.9846    99.6622
372   95.9846    99.7349
373   95.9086    100.01
374   95.9086    99.7275
375   95.4096    98.8642
376   95.4096    99.3204
377   95.4096    98.8617
378   95.2674    99.6985
379   95.2674    100.486
380   95.2674    99.7959
381   95.2674    99.0295
382   95.0355    98.1324
383   95.0355    98.1674
384   95.0355    98.0948
385   94.8076    98.3396
386   94.7508    98.7993
387   94.7508    98.2526
388   94.7508    99.2129
389   92.6213    97.8964
390   92.6213    96.2127
391   92.6213    95.9166
392   92.5069    95.704
393   92.5069    96.1238
394   92.5069    96.1416
395   92.5069    95.6327
396   92.5069    95.0202
397   92.1548    95.256
398   92.1548    96.4721
399   92.1548    96.9344
400   92.1548    99.6645
401   91.5203    99.1928
402   91.5203    102.723
403   91.5203    102.401
404   91.5203    102.779
405   91.5203    103.923
406   91.5203    102.801
407   91.5203    100.207
408   91.5203    99.347
409   91.5203    98.5834
410   90.0779    95.7467
411   90.0779    94.5087
412   90.0779    94.7847
413   90.0779    95.4358
414   90.0779    93.3759
415   90.0779    93.1349
416   90.0779    93.7225
417   90.0779    92.0231
418   90.0779    92.3748
419   90.0779    91.2612
420   90.0779    92.4204
421   90.0779    91.3761
422   90.0779    94.1239
423   90.0779    92.4065
424   90.0779    94.0989
425   90.0779    94.4979
426   90.0779    94.2249
427   90.0779    93.693
428   90.0779    92.5155
429   90.0779    94.591
430   90.0779    93.5791
431   90.0227    93.6742
432   90.0227    94.7325
433   90.0227    94.241
434   90.0227    94.8505
435   89.9131    95.4031
436   89.8578    95.5288
437   89.8578    94.0786
438   89.5128    94.1806
439   89.0906    94.0382
440   89.0906    93.5763
441   88.9258    92.3804
442   88.5808    93.0343
443   88.4159    93.2784
444   88.4159    94.1286
445   88.4159    94.415
446   87.1587    93.3076
447   87.1587    93.761
448   87.1587    92.2199
449   87.1587    93.3631
450   87.1587    93.58
451   87.1587    91.2585
452   87.0362    92.1217
453   87.0362    91.0299
454   87.0362    91.8616
455   87.0362    90.9859
456   87.0362    90.9771
457   87.0362    91.0424
458   87.0362    91.2052
459   87.0362    89.6745
460   87.0362    88.9901
461   87.0362    88.5632
462   87.0362    88.5089
463   87.0362    89.1708
464   87.0362    90.4287
465   86.1285    89.3476
466   86.1285    89.3014
467   86.1285    89.8051
468   86.1285    89.566
469   86.1285    91.274
470   86.1285    90.1504
471   86.1285    90.6743
472   86.1285    90.9998
473   86.1285    90.8683
474   86.1285    89.3784
475   86.1285    88.9937
476   86.1285    89.4554
477   86.1285    90.0047
478   85.5405    89.5692
479   85.5405    88.2477
480   85.5405    87.573
481   85.5405    87.2867
482   85.5405    86.6669
483   85.5405    86.4596
484   85.5405    86.1589
485   85.5405    86.4625
486   85.5405    86.5286
487   85.5405    87.4218
488   85.4734    88.5635
489   85.317    87.8297
490   85.317    87.3607
491   85.317    87.8983
492   85.317    88.4753
493   85.317    87.9347
494   85.317    88.1089
495   85.317    86.6036
496   85.317    87.6588
497   85.2597    88.2131
498   85.2597    86.9806
499   85.2597    87.3283
500   85.2597    88.3116
501   84.0699    86.7316
502   84.0699    87.0327
503   84.0699    87.5188
504   84.0699    87.1238
505   84.0699    87.6217
506   84.0699    86.0735
507   84.0699    87.0154
508   84.0699    87.0003
509   84.0699    88.2278
510   84.0699    88.9831
511   83.7796    90.682
512   83.7796    91.3965
513   83.7796    94.0699
514   83.6792    92.6194
515   83.6792    90.8548
516   83.6792    92.3256
517   83.6792    90.0702
518   83.5708    91.2719
519   83.5708    89.406
520   83.5708    88.5089
521   83.5708    87.7654
522   83.5708    87.5904
523   83.5708    89.2017
524   83.5708    87.5657
525   83.5708    88.0989
526   83.5708    88.3511
527   83.4179    89.306
528   83.4179    86.8364
529   83.4179    87.2438
530   83.4179    85.1485
531   83.4179    85.1543
532   83.4179    86.5927
533   83.3359    87.7729
534   82.8729    85.65
535   82.7909    85.1701
536   82.7909    84.7741
537   82.7909    84.3488
538   82.6144    84.1502
539   82.6144    84.3747
540   82.6144    85.6418
541   82.6144    85.1732
542   82.6144    85.6319
543   82.6144    85.4003
544   82.6144    85.2939
545   82.6144    84.374
546   82.6144    84.0995
547   82.6144    86.8872
548   82.6144    85.8342
549   82.6144    86.3078
550   82.6144    87.0722
551   82.6144    85.9137
552   82.3236    83.992
553   82.3236    85.4113
554   82.3236    85.2373
555   81.9034    85.4289
556   81.6126    84.4547
557   81.6126    83.9652
558   81.6126    83.9527
559   81.6126    84.9019
560   81.6126    84.3657
561   81.1659    84.2736
562   81.1659    84.149
563   81.1659    84.0582
564   81.1659    83.9073
565   81.1659    84.7257
566   81.085    85.5604
567   80.9253    85.4477
568   80.9253    84.7379
569   80.8444    83.994
570   80.7581    83.2548
571   80.7581    84.351
572   80.7581    82.8925
573   80.7581    83.1095
574   80.7581    82.0925
575   80.7581    83.9923
576   80.7581    83.8745
577   80.7581    84.0089
578   80.7581    83.8997
579   80.7581    83.4956
580   80.7581    83.2039
581   80.7581    82.9699
582   80.7581    82.6826
583   80.7581    84.3003
584   80.7581    83.8837
585   80.7581    82.8642
586   80.7581    83.0293
587   80.7581    81.9539
588   80.7581    82.3605
589   80.7581    82.6605
590   80.3528    81.8919
591   80.3528    83.5082
592   80.3528    82.8525
593   80.3528    82.654
594   80.3528    84.2215
595   80.3528    86.0485
596   80.3528    83.4925
597   80.285    84.1789
598   80.285    83.7511
599   80.285    83.7213
600   80.285    83.5685
601   79.4092    82.2319
602   78.4374    83.2335
603   78.4374    81.4085
604   78.4374    82.0667
605   78.4374    83.1006
606   78.323    81.949
607   78.323    81.3929
608   78.323    81.5337
609   78.323    81.0059
610   78.323    81.9368
611   78.1491    80.5299
612   78.1491    81.6862
613   78.1491    83.2701
614   78.1491    84.2768
615   78.112    84.107
616   78.112    82.5436
617   77.4035    80.0223
618   77.4035    80.3325
619   77.4035    79.7723
620   77.4035    79.3555
621   77.2261    78.7701
622   77.2261    80.1415
623   77.2261    80.1256
624   77.2261    80.6331
625   77.2261    80.1541
626   76.5258    79.8484
627   76.5258    79.4353
628   76.5146    78.7537
629   76.5146    80.0888
630   76.5146    79.8747
631   76.5146    80.3176
632   76.5146    80.5846
633   76.5146    79.9015
634   76.5146    79.6087
635   76.5146    77.9631
636   76.5146    77.4848
637   76.5146    78.3723
638   76.5146    77.7296
639   76.5146    77.7796
640   76.5146    79.3231
641   76.5146    78.1592
642   76.5146    78.15
643   76.5146    77.7244
644   76.5146    78.7135
645   76.5146    79.4596
646   76.5146    80.2803
647   76.5146    80.4179
648   76.5146    81.3491
649   76.5146    80.8497
650   76.5146    80.3501
651   76.5146    79.2172
652   76.5146    79.795
653   76.5146    79.3256
654   76.5146    78.9495
655   76.5146    78.3083
656   76.5146    77.403
657   76.5146    77.8769
658   76.5146    78.9671
659   76.5146    77.2276
660   76.5146    77.6327
661   76.5146    78.2511
662   76.5146    78.205
663   75.8605    78.8181
664   75.8605    77.96
665   75.8605    77.5991
666   75.8605    77.2046
667   75.8605    76.2207
668   75.7632    76.2937
669   75.7632    77.3615
670   75.7632    77.1624
671   75.7632    76.8724
672   75.7632    76.6963
673   75.3285    76.7899
674   75.3285    76.4831
675   75.3285    77.7513
676   75.3285    77.4452
677   75.3285    79.0472
678   75.3285    77.9409
679   75.3285    78.6481
680   75.3285    77.8598
681   75.3285    78.4788
682   75.3285    77.9285
683   75.3285    77.8738
684   75.3285    78.6791
685   75.3285    77.6212
686   75.3285    79.0716
687   75.3285    78.3686
688   75.3285    77.3231
689   75.3285    77.5109
690   75.3285    78.3151
691   75.3285    80.4386
692   75.3285    78.3933
693   75.3285    78.9334
694   75.3285    78.2733
695   75.3285    78.4402
696   75.3285    77.198
697   75.3285    77.3881
698   75.3285    76.5922
699   75.3285    77.3752
700   75.3285    77.815
701   75.3285    77.1945
702   75.3285    78.1616
703   75.1398    79.239
704   75.1398    78.4046
705   75.0005    79.7982
706   75.0005    78.6235
707   75.0005    79.1899
708   74.8119    78.4197
709   74.8119    79.4506
710   74.8119    78.0035
711   74.8119    79.0074
712   74.8119    77.8602
713   74.8119    77.8277
714   74.8119    78.5998
715   74.6482    78.4982
716   74.6482    79.5845
717   74.6482    76.43
718   74.6482    77.039
719   74.6482    78.1088
720   74.6482    78.5061
721   74.6482    78.9195
722   74.6482    79.0513
723   74.1699    76.4373
724   74.1699    75.9804
725   74.1699    78.859
726   74.1699    78.0093
727   74.1699    76.7919
728   74.1699    77.0489
729   74.1699    77.1155
730   74.1699    77.9507
731   74.1442    78.8728
732   74.1442    79.2457
733   74.1442    79.5109
734   74.1442    77.9779
735   74.1442    76.7654
736   74.1442    77.0936
737   74.1442    76.3146
738   74.1442    76.2724
739   74.1442    75.7107
740   74.1442    75.2377
741   74.1442    77.2667
742   74.1442    77.0252
743   73.3658    75.8592
744   73.3658    76.4991
745   73.3658    78.9564
746   73.3658    77.9224
747   73.3658    78.8841
748   73.3658    77.9835
749   73.3658    77.4889
750   73.3658    77.6767
751   73.3658    77.0906
752   73.3658    77.6706
753   73.3658    75.5287
754   73.3658    75.9091
755   73.3658    76.6423
756   73.3658    77.1458
757   73.1602    77.0968
758   73.1602    76.5761
759   73.1602    75.7864
760   73.1602    75.5467
761   73.1602    75.4921
762   73.1602    76.4665
763   73.1602    76.3415
764   73.1602    75.6957
765   73.1602    76.4082
766   73.1602    74.3434
767   73.1602    74.0112
768   73.1602    75.1212
769   73.1602    75.2642
770   73.1602    76.4276
771   73.1602    75.9715
772   73.1602    75.7202
773   73.1602    77.4566
774   73.1602    76.883
775   73.1602    77.4321
776   73.1602    75.3837
777   73.1602    76.9996
778   73.1602    77.0822
779   73.1602    76.4915
780   73.1602    76.1442
781   73.1602    76.1768
782   73.1602    76.7988
783   73.1602    76.7008
784   73.1602    77.9256
785   73.1602    76.9299
786   73.1602    76.4567
787   73.1602    77.9998
788   73.1602    76.575
789   73.1602    76.7833
790   73.1602    77.3813
791   73.1602    77.5289
792   73.1602    77.184
793   73.1602    75.4557
794   73.1602    75.5873
795   73.1602    75.4927
796   73.1602    76.6726
797   73.1602    76.025
798   73.1602    75.7892
799   73.1602    76.3012
800   73.1602    75.8246
801   71.0921    77.1253
802   70.8952    77.0024
803   70.8952    76.6833
804   70.8952    75.6957
805   70.8952    74.8918
806   70.8952    76.0704
807   70.8952    74.3843
808   70.8952    73.2086
809   70.8952    73.1781
810   70.8952    72.8555
811   70.8952    73.4759
812   70.8952    73.6172
813   70.8952    75.2247
814   70.8952    74.7037
815   70.8952    74.6826
816   70.8952    75.2001
817   70.8952    75.8443
818   70.8952    74.2588
819   70.8952    74.392
820   70.8952    74.2019
821   70.8952    76.7768
822   70.8952    77.6859
823   70.8952    77.2533
824   70.8952    76.2444
825   70.8952    73.4018
826   70.8952    73.7848
827   70.8952    74.5068
828   70.8952    74.8668
829   70.8952    74.4358
830   70.8952    75.6435
831   70.8952    75.1224
832   70.8952    75.8725
833   70.8952    74.9157
834   70.8952    73.2415
835   70.8952    73.4981
836   70.8952    72.0498
837   70.8952    71.8029
838   70.8952    72.6516
839   70.8952    72.9153
840   70.8952    73.4198
841   70.8952    72.7812
842   70.8952    74.1838
843   70.8952    75.4406
844   70.8952    74.0609
845   70.8952    73.9865
846   70.8952    74.7219
847   70.8952    74.0758
848   70.8952    75.5803
849   70.8952    74.4733
850   70.8952    74.842
851   70.8952    75.7632
852   70.8952    73.477
853   70.8952    72.4542
854   70.8952    73.2136
855   70.8952    72.8091
856   70.8952    72.6485
857   70.8952    73.4697
858   70.8952    71.8773
859   70.8952    72.8534
860   70.8952    73.7299
861   70.8952    74.4057
862   70.8952    73.0062
863   70.8952    72.7348
864   70.8952    73.0579
865   70.8952    74.4558
866   70.8952    74.3194
867   70.8952    75.3598
868   70.8952    75.6874
869   70.8952    74.0555
870   70.8952    73.4008
871   70.8952    75.1734
872   70.8952    74.305
873   70.8952    73.2237
874   70.8952    75.7422
875   70.8952    75.3007
876   70.8952    74.5421
877   70.8952    76.2109
878   70.8952    75.7338
879   70.8952    75.4661
880   70.8952    73.5937
881   70.8952    73.9183
882   70.8952    74.7714
883   70.8952    75.0155
884   70.8952    74.7708
885   70.8952    74.4807
886   70.8952    73.6862
887   70.8952    74.1668
888   70.8952    74.8092
889   70.8952    74.8805
890   70.8952    73.9975
891   70.8952    73.1359
892   70.8952    72.6635
893   70.8952    71.9556
894   70.8952    73.4965
895   70.8952    74.1546
896   70.8952    74.9381
897   70.8952    75.0161
898   70.8952    74.3675
899   70.8952    73.5219
900   70.8952    74.0708
901   70.8952    73.6867
902   69.9704    74.8155
903   69.9704    74.3061
904   69.9704    75.2924
905   69.9704    75.1649
906   69.9704    74.997
907   69.9704    73.7675
908   69.9704    74.9992
909   69.9704    74.4397
910   69.9704    74.8561
911   69.9704    74.9694
912   69.9704    74.1216
913   69.9704    73.7388
914   69.9704    73.6088
915   69.9704    75.3909
916   69.9704    74.3714
917   69.9704    74.1544
918   69.9704    74.0261
919   69.9704    72.0135
920   69.9704    72.2541
921   69.9704    73.2353
922   69.9704    72.6547
923   69.9704    74.006
924   69.9704    74.505
925   69.9704    74.8422
926   69.9704    74.4275
927   69.9704    74.6422
928   69.9704    72.864
929   69.9704    73.771
930   69.9704    70.7112
931   69.9704    72.4981
932   69.9704    72.603
933   69.9704    71.1785
934   69.9704    71.444
935   69.9704    71.8115
936   69.9704    71.2157
937   69.9704    72.2674
938   69.9704    71.5649
939   69.9704    71.3012
940   69.9704    72.2301
941   69.9704    70.9624
942   69.9704    72.2605
943   69.9704    72.5463
944   69.8536    71.6683
945   69.8536    72.1282
946   69.8536    71.6587
947   69.8536    70.8876
948   69.8536    72.2657
949   69.8536    71.4316
950   69.8536    72.739
951   69.8536    72.0808
952   69.8536    72.9242
953   69.8536    72.9008
954   69.8536    74.8032
955   69.8536    73.4063
956   69.8536    72.9097
957   69.8536    71.8918
958   69.8536    73.3046
959   69.8536    74.2624
960   69.8536    75.5514
961   69.8536    72.9679
962   69.8536    73.5888
963   69.8536    71.9872
964   69.8536    72.399
965   69.8536    72.2072
966   69.8536    72.3607
967   69.8536    72.952
968   69.8536    74.6164
969   69.8536    71.5412
970   69.8536    71.778
971   69.8536    71.5897
972   69.8536    71.42
973   69.8536    70.5944
974   69.8536    72.6302
975   69.8536    72.6966
976   69.8536    71.6044
977   69.8536    71.5996
978   69.8536    71.097
979   69.8536    71.5468
980   69.8536    71.7981
981   69.8536    71.7066
982   69.8536    72.4923
983   69.8536    72.094
984   69.8536    71.5914
985   69.8536    71.9715
986   69.8536    71.9777
987   69.8536    73.2655
988   69.8536    72.9543
989   69.8536    72.5446
990   69.8536    73.578
991   69.8536    73.6206
992   69.8536    74.2744
993   69.8536    74.7652
994   69.8536    74.9971
995   69.8536    73.6779
996   69.8536    72.4086
997   69.8536    71.9667
998   69.8536    71.646
999   69.8536    71.3975
1000   69.8536    72.458
1001   67.2091    71.306
1002   67.191    71.8564
1003   67.191    72.2717
1004   67.191    74.522
1005   67.191    71.7033
1006   67.191    71.2004
1007   67.191    70.1717
1008   67.191    71.1466
1009   67.191    70.9061
1010   67.191    71.1229
1011   67.191    72.0937
1012   67.191    72.3986
1013   67.191    70.5317
1014   67.191    69.5555
1015   67.191    69.9035
1016   67.191    69.3986
1017   67.191    68.2066
1018   67.191    68.1158
1019   67.191    67.9614
1020   67.191    68.5998
1021   67.191    70.3946
1022   67.191    69.4963
1023   67.191    68.3182
1024   67.191    68.6582
1025   67.191    69.7332
1026   67.191    69.476
1027   67.191    68.9325
1028   67.191    70.6669
1029   67.191    70.8645
1030   67.191    71.6103
1031   67.191    69.3295
1032   67.191    68.1729
1033   67.191    69.2227
1034   67.191    70.0079
1035   67.191    68.5618
1036   67.191    68.3386
1037   67.191    68.7982
1038   67.191    70.6812
1039   67.191    70.2309
1040   67.191    69.4342
1041   67.191    70.4727
1042   67.191    71.1249
1043   67.191    71.0118
1044   67.191    68.9855
1045   67.191    71.0092
1046   67.191    71.2767
1047   67.191    70.4856
1048   67.191    70.7265
1049   67.191    70.2247
1050   67.191    69.582
1051   67.191    70.0755
1052   67.191    71.9901
1053   67.191    71.282
1054   67.191    71.2161
1055   67.191    70.9984
1056   67.191    71.5615
1057   67.191    70.3907
1058   67.191    71.6894
1059   67.191    69.9323
1060   67.191    69.0652
1061   67.191    68.5069
1062   67.191    69.4358
1063   67.191    69.879
1064   67.191    69.8009
1065   67.191    71.0287
1066   67.191    73.0011
1067   67.191    70.045
1068   67.191    71.1991
1069   67.191    69.3394
1070   67.191    70.081
1071   67.191    71.2737
1072   67.191    69.3827
1073   67.191    68.5686
1074   67.191    69.7871
1075   67.191    69.6629
1076   67.191    69.7979
1077   67.191    71.5314
1078   67.191    71.5733
1079   67.191    72.7716
1080   67.191    72.0644
1081   67.191    71.4662
1082   67.191    71.0808
1083   67.191    69.493
1084   67.191    67.6082
1085   67.191    68.3714
1086   67.191    67.9222
1087   67.191    68.1185
1088   67.191    69.0759
1089   67.191    69.5306
1090   67.191    69.2548
1091   67.191    70.356
1092   67.191    70.184
1093   67.191    71.7025
1094   67.191    71.7059
1095   67.191    71.487
1096   67.191    69.7822
1097   67.191    69.6765
1098   67.191    69.4925
1099   67.191    70.334
1100   67.191    69.9475
1101   67.191    70.5037
1102   67.191    69.5626
1103   67.191    69.5023
1104   67.191    71.1972
1105   67.191    70.3229
1106   67.191    69.7289
1107   67.191    69.7135
1108   67.191    70.5498
1109   67.191    71.1536
1110   67.191    72.2191
1111   67.191    70.1394
1112   67.191    70.2442
1113   67.191    69.6665
1114   67.191    68.7061
1115   67.191    69.105
1116   67.191    69.7381
1117   67.191    68.9854
1118   67.191    69.7578
1119   67.191    71.584
1120   67.191    70.3244
1121   67.191    70.2016
1122   67.191    68.8517
1123   67.191    69.6709
1124   67.191    70.1703
1125   67.191    71.3846
1126   67.191    70.4697
1127   67.191    71.2304
1128   67.191    70.4917
1129   67.191    69.279
1130   67.191    69.009
1131   67.191    68.638
1132   67.191    71.3885
1133   67.191    70.8556
1134   67.191    69.0662
1135   67.191    68.8922
1136   67.191    68.3847
1137   67.191    68.7564
1138   67.191    68.0485
1139   67.191    69.7568
1140   67.191    69.1095
1141   67.191    69.9572
1142   67.191    70.5395
1143   67.191    68.6827
1144   67.191    69.3879
1145   67.191    70.7669
1146   67.191    69.2787
1147   67.191    71.0479
1148   67.191    70.0413
1149   67.191    70.8097
1150   67.191    70.2034
1151   67.191    69.1047
1152   67.191    69.9539
1153   67.191    69.6494
1154   67.191    70.0282
1155   67.191    70.9392
1156   67.191    69.6539
1157   67.191    70.1144
1158   67.191    70.1941
1159   67.191    71.4832
1160   67.191    69.6228
1161   67.191    69.0943
1162   67.191    69.9231
1163   67.191    68.551
1164   67.191    69.2958
1165   67.191    69.1514
1166   67.191    68.3096
1167   67.191    68.793
1168   67.191    69.0402
1169   67.191    69.4499
1170   67.191    71.2337
1171   67.191    70.6576
1172   67.191    70.6452
1173   67.191    70.029
1174   67.191    69.3073
1175   67.191    68.3923
1176   67.191    69.0132
1177   67.191    69.8091
1178   67.191    71.203
1179   67.191    70.7219
1180   67.191    69.6305
1181   67.191    69.1522
1182   67.191    69.4965
1183   67.191    70.637
1184   67.191    71.0594
1185   67.191    72.2269
1186   67.191    69.5538
1187   67.191    70.0275
1188   67.191    70.1319
1189   67.191    70.7402
1190   67.191    70.5497
1191   67.191    70.3012
1192   67.191    69.216
1193   67.191    69.4482
1194   67.191    69.177
1195   67.191    69.6312
1196   67.191    69.9995
1197   67.191    71.3385
1198   67.191    70.7295
1199   67.191    69.6918
1200   67.191    69.7924
1201   66.8555    68.8715
1202   66.8555    72.2847
1203   66.8555    70.757
1204   66.8555    70.5435
1205   66.8555    69.6658
1206   66.8555    69.839
1207   66.8555    69.713
1208   66.8555    69.8963
1209   66.8555    69.5601
1210   66.8555    70.6773
1211   66.8555    70.2963
1212   66.8555    69.4496
1213   66.8555    70.7318
1214   66.8555    70.6517
1215   66.8555    72.0666
1216   66.8555    73.1358
1217   66.8555    71.3681
1218   66.8555    71.6807
1219   66.8555    70.8628
1220   66.8555    70.9884
1221   66.8555    71.1833
1222   66.8555    70.9616
1223   66.8555    69.8483
1224   66.8555    71.3484
1225   66.8555    70.9563
1226   66.8555    70.4196
1227   66.8555    70.7998
1228   66.8555    69.2745
1229   66.8555    68.3398
1230   66.8555    68.8899
1231   66.8555    70.4986
1232   66.8555    72.0132
1233   66.8555    71.8032
1234   66.8555    71.0804
1235   66.8555    69.2642
1236   66.8555    69.4226
1237   66.8555    69.6243
1238   66.6167    69.5864
1239   66.6167    69.8515
1240   66.6167    69.3607
1241   66.6167    70.3295
1242   66.6167    69.8115
1243   66.6167    69.0331
1244   66.6167    69.4956
1245   66.6167    69.6114
1246   66.6167    71.12
1247   66.6167    70.6612
1248   66.6167    71.0981
1249   66.6167    70.2108
1250   66.6167    69.6155
1251   66.6167    69.7672
1252   66.6167    68.3919
1253   66.6167    70.1181
1254   66.6167    68.9623
1255   66.6167    70.1883
1256   66.6167    70.1165
1257   66.6167    69.6622
1258   66.6167    70.1117
1259   66.6167    70.5024
1260   66.6167    68.1873
1261   66.6167    67.8449
1262   66.6167    68.2107
1263   66.6167    68.6993
1264   66.6167    69.8238
1265   66.6167    70.5461
1266   66.6167    70.6179
1267   66.6167    68.2404
1268   66.6167    67.0984
1269   66.6167    68.1329
1270   66.6167    68.5754
1271   66.6167    69.7619
1272   66.6167    69.4161
1273   66.6167    68.473
1274   66.6167    68.2945
1275   66.6167    69.8482
1276   66.6167    69.2482
1277   66.6167    69.1607
1278   66.6167    68.7131
1279   66.6167    67.7447
1280   66.6167    68.6084
1281   66.6167    69.9491
1282   66.6167    71.5774
1283   66.6167    71.6996
1284   66.6167    72.1405
1285   66.6167    70.4943
1286   66.6167    70.7116
1287   66.6167    68.6789
1288   66.6167    70.0731
1289   66.6167    70.7895
1290   66.6167    68.8171
1291   66.6167    67.7405
1292   66.6167    68.344
1293   66.6167    69.9288
1294   66.6167    69.8776
1295   66.6167    69.0662
1296   66.6167    69.7784
1297   66.6167    69.4393
1298   66.6167    69.8331
1299   66.6167    69.5573
1300   66.6167    72.0421
1301   66.6167    71.1245
1302   66.6167    70.2789
1303   66.6167    70.5908
1304   66.6167    70.7337
1305   66.6167    71.569
1306   66.6167    69.5101
1307   66.6167    69.0884
1308   66.6167    69.4946
1309   66.6167    69.0705
1310   66.6167    69.3871
1311   66.6167    70.0607
1312   66.6167    69.768
1313   66.6167    70.3178
1314   66.6167    70.1431
1315   66.6167    68.7089
1316   66.6167    69.9909
1317   66.6167    70.42
1318   66.6167    69.6266
1319   66.6167    68.7098
1320   66.6167    70.6386
1321   66.6167    71.4315
1322   66.6167    71.7379
1323   66.6167    72.7116
1324   66.6167    71.9424
1325   66.6167    70.6779
1326   66.6167    68.6162
1327   66.6167    70.4224
1328   66.6167    68.8334
1329   66.6167    68.3743
1330   66.6167    68.5722
1331   66.6167    68.4853
1332   66.6167    69.9392
1333   66.6167    70.2341
1334   66.6167    69.3073
1335   66.6167    70.2406
1336   66.6167    69.5421
1337   66.6167    69.3057
1338   66.6167    67.9541
1339   66.6167    67.4134
1340   66.6167    68.5468
1341   66.6167    69.686
1342   66.6167    71.0351
1343   66.6167    70.0406
1344   66.6167    69.1796
1345   66.6167    68.7415
1346   66.6167    68.4819
1347   66.6167    68.962
1348   66.6167    69.1662
1349   66.6167    68.0626
1350   66.6167    69.1063
1351   66.6167    70.6931
1352   66.6167    70.1148
1353   66.6167    70.1058
1354   66.6167    71.4032
1355   66.6167    71.3163
1356   66.6167    71.7876
1357   66.6167    70.376
1358   66.6167    70.3488
1359   66.6167    70.719
1360   66.6167    69.0414
1361   66.6167    68.6123
1362   66.6167    69.7187
1363   66.6167    71.015
1364   66.6167    71.4232
1365   66.6167    69.2675
1366   66.6167    69.9418
1367   66.6167    70.1421
1368   66.6167    70.5189
1369   66.6167    70.3347
1370   66.6167    70.2724
1371   66.6167    69.2487
1372   66.6167    68.5546
1373   66.6167    69.5722
1374   66.6167    68.619
1375   66.6167    68.6632
1376   66.6167    67.7254
1377   66.6167    68.2899
1378   66.6167    68.1252
1379   66.6167    70.1864
1380   66.6167    71.2119
1381   66.6167    70.7866
1382   66.6167    69.8278
1383   66.6167    69.1172
1384   66.6167    69.8254
1385   66.6167    70.7765
1386   66.6167    70.5669
1387   66.6167    69.923
1388   66.6167    70.1964
1389   66.6167    70.5034
1390   66.6167    70.0339
1391   66.6167    69.2801
1392   66.6167    70.2258
1393   66.6167    71.3464
1394   66.6167    72.7722
1395   66.6167    69.36
1396   66.6167    67.2846
1397   66.6167    67.9017
1398   66.6167    67.8705
1399   66.6167    68.6668
1400   66.6167    69.0426
1401   66.1462    68.1962
1402   66.1462    69.6325
1403   66.1462    70.89
1404   66.1462    70.572
1405   66.1462    71.9466
1406   66.1462    71.9786
1407   66.1462    72.3584
1408   66.1462    68.2646
1409   66.1462    69.0928
1410   66.1462    68.7134
1411   66.1462    70.1906
1412   66.1462    69.4766
1413   66.1462    68.4715
1414   66.1462    69.3559
1415   66.1462    70.1601
1416   66.1462    70.982
1417   66.1462    70.6523
1418   66.1462    68.6395
1419   66.1462    70.0628
1420   66.1462    70.038
1421   66.1462    70.7148
1422   66.1462    69.5919
1423   66.1462    69.3563
1424   66.1462    69.6351
1425   66.1462    69.2282
1426   66.1462    68.9107
1427   66.1462    70.6516
1428   66.1462    72.1613
1429   66.1462    71.0471
1430   66.1462    69.8104
1431   66.1462    69.8045
1432   66.1462    69.6254
1433   66.1462    68.8595
1434   66.1462    68.7651
1435   66.1462    68.4658
1436   66.1462    70.6585
1437   66.1462    71.581
1438   66.1462    70.7701
1439   66.1462    70.1418
1440   66.1462    72.0647
1441   66.1462    70.7892
1442   66.1462    68.9367
1443   66.1462    69.1007
1444   66.1462    68.0937
1445   66.1462    69.011
1446   66.1462    67.4218
1447   66.1462    66.8713
1448   66.1462    66.3768
1449   66.1462    67.0737
1450   66.1462    69.812
1451   66.1462    69.8704
1452   66.1462    69.4341
1453   66.1462    68.8071
1454   66.1462    69.6837
1455   66.1462    67.9978
1456   66.1462    68.7098
1457   66.1462    69.5716
1458   66.1462    68.9985
1459   66.1462    68.9962
1460   66.1462    70.2896
1461   66.1462    70.8501
1462   66.1462    69.2732
1463   66.1462    70.9103
1464   66.1462    70.8823
1465   66.1462    70.4455
1466   66.1462    71.619
1467   66.1462    72.0144
1468   66.1462    70.1016
1469   66.1462    68.8472
1470   66.1462    68.4503
1471   66.1462    67.6799
1472   66.1462    68.5073
1473   66.1462    68.0914
1474   66.1462    69.5331
1475   66.1462    70.0206
1476   66.1462    68.2784
1477   66.1462    68.5797
1478   66.1462    66.8511
1479   66.1462    68.8804
1480   66.1462    70.1376
1481   66.1462    69.8266
1482   66.1462    69.8863
1483   66.1462    69.5998
1484   66.1462    69.0088
1485   66.1462    67.9876
1486   66.1462    68.7129
1487   66.1462    67.0376
1488   66.1462    67.552
1489   66.1462    68.1424
1490   66.1462    67.6973
1491   66.1462    68.3724
1492   66.1462    68.0548
1493   66.1462    68.0738
1494   66.1462    69.4874
1495   66.1462    70.0144
1496   66.1462    70.1455
1497   66.1462    69.8434
1498   66.1462    70.4907
1499   66.1462    70.8288
1500   66.1462    70.2837
1501   65.7142    69.7129
1502   65.7142    70.7124
1503   65.7142    70.3592
1504   65.7142    70.6282
1505   65.7142    69.1475
1506   65.7142    69.2434
1507   65.7142    70.7665
1508   65.7142    70.0631
1509   65.7142    68.3319
1510   65.7142    67.6574
1511   65.7142    68.6909
1512   65.7142    67.3819
1513   65.7142    68.0568
1514   65.7142    68.2957
1515   65.7142    67.191
1516   65.7142    69.0909
1517   65.7142    67.1199
1518   65.7142    67.082
1519   65.7142    66.8724
1520   65.7142    67.0706
1521   65.7142    67.6707
1522   65.7142    69.0405
1523   65.7142    69.6615
1524   65.7142    69.4626
1525   65.7142    69.1653
1526   65.7142    69.6202
1527   65.7142    70.488
1528   65.7142    69.9759
1529   65.7142    69.2274
1530   65.7142    68.5992
1531   65.7142    67.53
1532   65.7142    67.5111
1533   65.7142    67.6021
1534   65.7142    68.739
1535   65.7142    67.4694
1536   65.7142    69.9812
1537   65.7142    68.9143
1538   65.7142    66.9656
1539   65.7142    67.2547
1540   65.7142    67.683
1541   65.7142    68.1358
1542   65.7142    68.2326
1543   65.7142    70.1629
1544   65.7142    69.8462
1545   65.7142    67.6872
1546   65.7142    67.6438
1547   65.7142    68.1993
1548   65.7142    68.6455
1549   65.7142    67.6294
1550   65.7142    68.5585
1551   65.7142    68.8325
1552   65.7142    68.3044
1553   65.7142    69.0767
1554   65.7142    68.5187
1555   65.7142    66.8705
1556   65.7142    67.2663
1557   65.7142    68.2222
1558   65.7142    67.3789
1559   65.7142    66.7594
1560   65.7142    66.4973
1561   65.7142    69.3738
1562   65.7142    69.6134
1563   65.7142    67.1354
1564   65.7142    67.005
1565   65.7142    68.449
1566   65.7142    69.7286
1567   65.7142    68.4432
1568   65.7142    67.6449
1569   65.7142    68.1894
1570   65.7142    67.2963
1571   65.7142    66.8685
1572   65.7142    68.1822
1573   65.7142    68.1443
1574   65.7142    68.8551
1575   65.7142    69.5063
1576   65.7142    68.9194
1577   65.7142    70.4434
1578   65.7142    70.1941
1579   65.7142    69.1293
1580   65.7142    68.8628
1581   65.7142    68.4599
1582   65.7142    68.058
1583   65.7142    68.07
1584   65.7142    66.5816
1585   65.7142    67.8781
1586   65.7142    68.1496
1587   65.7142    69.6951
1588   65.7142    69.3051
1589   65.7142    69.4936
1590   65.7142    70.7406
1591   65.7142    69.7417
1592   65.7142    68.622
1593   65.7142    68.5692
1594   65.7142    68.7191
1595   65.7142    68.7388
1596   65.7142    67.3128
1597   65.7142    66.8984
1598   65.7142    68.0355
1599   65.7142    67.7462
1600   65.7142    67.2341
1601   65.7142    67.7173
1602   65.7142    68.1216
1603   65.7142    67.1888
1604   65.7142    66.5366
1605   65.7142    67.0549
1606   65.7142    67.4043
1607   65.7142    67.6349
1608   65.7142    68.6245
1609   65.7142    69.1712
1610   65.7142    70.0471
1611   65.7142    69.2882
1612   65.7142    70.1176
1613   65.7142    67.9751
1614   65.7142    68.1571
1615   65.7142    67.8573
1616   65.7142    68.9572
1617   65.7142    69.355
1618   65.7142    68.235
1619   65.7142    69.4662
1620   65.7142    71.2134
1621   65.7142    71.7988
1622   65.7142    73.7238
1623   65.7142    70.5245
1624   65.7142    70.6359
1625   65.7142    68.2738
1626   65.7142    68.8129
1627   65.7142    67.6513
1628   65.7142    67.3194
1629   65.7142    69.2783
1630   65.7142    68.012
1631   65.7142    68.5015
1632   65.7142    67.6284
1633   65.7142    67.5018
1634   65.7142    68.74
1635   65.7142    66.2939
1636   65.7142    66.6639
1637   65.7142    68.2365
1638   65.7142    68.0537
1639   65.7142    68.2628
1640   65.7142    69.3057
1641   65.7142    69.0725
1642   65.7142    71.1693
1643   65.7142    70.3736
1644   65.7142    68.8931
1645   65.7142    68.5654
1646   65.7142    68.8925
1647   65.7142    69.6215
1648   65.7142    69.2918
1649   65.7142    68.936
1650   65.7142    67.6825
1651   65.7142    69.613
1652   65.7142    68.8091
1653   65.7142    67.8352
1654   65.7142    68.171
1655   65.7142    67.6297
1656   65.7142    67.3202
1657   65.7142    67.6717
1658   65.7142    67.8096
1659   65.7142    68.0888
1660   65.7142    68.5316
1661   65.7142    68.7862
1662   65.7142    68.7401
1663   65.7142    67.7156
1664   65.7142    68.4772
1665   65.7142    66.8507
1666   65.7142    69.2224
1667   65.7142    68.4284
1668   65.7142    68.2776
1669   65.7142    68.1076
1670   65.7142    68.7164
1671   65.7142    70.344
1672   65.7142    69.3505
1673   65.7142    68.1254
1674   65.7142    70.2274
1675   65.7142    68.1182
1676   65.7142    68.3599
1677   65.7142    67.4174
1678   65.7142    68.4955
1679   65.7142    68.5748
1680   65.7142    68.493
1681   65.7142    70.2028
1682   65.7142    70.1335
1683   65.7142    70.2184
1684   65.7142    69.4823
1685   65.7142    70.3222
1686   65.7142    70.8201
1687   65.7142    69.7581
1688   65.7142    70.1086
1689   65.7142    69.6506
1690   65.7142    69.6966
1691   65.7142    69.4605
1692   65.7142    68.5309
1693   65.7142    68.6451
1694   65.7142    67.9231
1695   65.7142    69.2321
1696   65.7142    69.0819
1697   65.7142    68.1481
1698   65.7142    70.1548
1699   65.7142    70.0018
1700   65.7142    70.2761
1701   65.7142    69.0141
1702   65.7142    68.7816
1703   65.7142    68.1424
1704   65.7142    67.8362
1705   65.7142    67.8538
1706   65.7142    68.4541
1707   65.7142    67.8187
1708   65.7142    68.1646
1709   65.7142    68.181
1710   65.7142    68.7383
1711   65.7142    69.7992
1712   65.7142    70.0074
1713   65.7142    69.7215
1714   65.7142    69.5237
1715   65.7142    70.159
1716   65.7142    69.2294
1717   65.7142    70.2299
1718   65.7142    68.6244
1719   65.7142    69.9116
1720   65.7142    69.8025
1721   65.7142    68.639
1722   65.7142    68.7745
1723   65.7142    70.8803
1724   65.7142    69.1163
1725   65.7142    68.3779
1726   65.7142    67.919
1727   65.7142    68.2964
1728   65.7142    71.1673
1729   65.7142    69.6161
1730   65.7142    67.3874
1731   65.7142    67.9315
1732   65.7142    69.159
1733   65.7142    67.4816
1734   65.7142    68.2233
1735   65.7142    68.1878
1736   65.7142    68.2343
1737   65.7142    68.5912
1738   65.7142    70.1288
1739   65.7142    69.4604
1740   65.7142    69.9
1741   65.7142    69.9652
1742   65.7142    69.7201
1743   65.7142    70.7355
1744   65.7142    70.8058
1745   65.7142    72.9939
1746   65.7142    70.6438
1747   65.7142    68.9876
1748   65.7142    68.184
1749   65.7142    68.9196
1750   65.7142    70.2885
1751   65.7142    71.0114
1752   65.7142    71.4431
1753   65.7142    68.73
1754   65.7142    69.1107
1755   65.7142    69.0713
1756   65.7142    68.7777
1757   65.7142    69.3017
1758   65.7142    69.3996
1759   65.7142    70.3204
1760   65.7142    69.494
1761   65.7142    68.5466
1762   65.7142    68.0759
1763   65.7142    69.0261
1764   65.7142    69.598
1765   65.7142    69.2634
1766   65.7142    69.7165
1767   65.7142    70.3781
1768   65.7142    69.8646
1769   65.7142    68.3091
1770   65.7142    67.9745
1771   65.7142    68.1102
1772   65.7142    67.6864
1773   65.7142    68.2057
1774   65.7142    67.5896
1775   65.7142    68.5105
1776   65.7142    68.6751
1777   65.7142    67.6029
1778   65.7142    68.0413
1779   65.7142    68.6261
1780   65.7142    68.7298
1781   65.7142    68.4355
1782   65.7142    70.6942
1783   65.7142    71.1927
1784   65.7142    70.2919
1785   65.7142    71.0501
1786   65.7142    72.4604
1787   65.7142    71.0708
1788   65.7142    69.3161
1789   65.7142    69.8052
1790   65.7142    70.1283
1791   65.7142    69.6888
1792   65.7142    68.4702
1793   65.7142    68.8159
1794   65.7142    71.1961
1795   65.7142    71.2226
1796   65.7142    69.8753
1797   65.7142    69.4796
1798   65.7142    69.6459
1799   65.7142    68.6678
1800   65.7142    69.5838
1801   65.7142    68.2518
1802   65.7142    70.2052
1803   65.7142    70.4767
1804   65.7142    70.4845
1805   65.7142    70.5815
1806   65.7142    71.2709
1807   65.7142    69.6386
1808   65.7142    70.6501
1809   65.7142    69.7684
1810   65.7142    69.0103
1811   65.7142    70.5195
1812   65.7142    69.1729
1813   65.7142    68.8918
1814   65.7142    68.8187
1815   65.7142    69.0641
1816   65.7142    68.1595
1817   65.7142    67.5443
1818   65.7142    67.9477
1819   65.7142    68.9791
1820   65.7142    67.9315
1821   65.7142    67.161
1822   65.7142    67.5174
1823   65.7142    68.6986
1824   65.7142    69.7335
1825   65.7142    70.2018
1826   65.7142    69.6166
1827   65.7142    69.4352
1828   65.7142    69.814
1829   65.7142    70.4535
1830   65.7142    68.6943
1831   65.7142    69.0617
1832   65.7142    70.3458
1833   65.7142    68.5372
1834   65.7142    68.4695
1835   65.7142    68.1171
1836   65.7142    66.8626
1837   65.7142    67.3534
1838   65.7142    68.6413
1839   65.7142    69.0024
1840   65.7142    68.3683
1841   65.7142    66.8844
1842   65.7142    66.675
1843   65.7142    68.4735
1844   65.7142    69.7949
1845   65.7142    69.0534
1846   65.7142    69.6123
1847   65.7142    69.4305
1848   65.7142    70.0445
1849   65.7142    70.3353
1850   65.7142    69.7338
1851   65.7142    69.8232
1852   65.7142    67.8954
1853   65.7142    67.5584
1854   65.7142    67.3451
1855   65.7142    68.4717
1856   65.7142    67.2895
1857   65.7142    68.5204
1858   65.7142    68.0861
1859   65.7142    67.4329
1860   65.7142    67.0926
1861   65.7142    67.2304
1862   65.7142    67.7199
1863   65.7142    67.6039
1864   65.7142    67.2112
1865   65.7142    68.2444
1866   65.7142    67.7811
1867   65.7142    68.7372
1868   65.7142    69.685
1869   65.7142    68.6162
1870   65.7142    68.6544
1871   65.7142    68.2426
1872   65.7142    68.04
1873   65.7142    68.214
1874   65.7142    68.2047
1875   65.7142    70.8076
1876   65.7142    70.0569
1877   65.7142    68.8786
1878   65.7142    67.0013
1879   65.7142    67.5292
1880   65.7142    69.3622
1881   65.7142    70.243
1882   65.7142    69.3136
1883   65.7142    69.5221
1884   65.7142    67.7469
1885   65.7142    68.9586
1886   65.7142    69.1909
1887   65.7142    69.3822
1888   65.7142    69.959
1889   65.7142    72.2086
1890   65.7142    73.8094
1891   65.7142    71.7759
1892   65.7142    71.1629
1893   65.7142    70.5618
1894   65.7142    71.0287
1895   65.7142    71.2826
1896   65.7142    70.8654
1897   65.7142    72.4803
1898   65.7142    70.1894
1899   65.7142    68.9642
1900   65.7142    70.3868
1901   65.7142    70.7275
1902   65.7142    70.1498
1903   65.7142    71.7811
1904   65.7142    70.3856
1905   65.7142    70.8203
1906   65.7142    69.8814
1907   65.7142    69.5089
1908   65.7142    68.836
1909   65.7142    69.0839
1910   65.7142    67.7193
1911   65.7142    68.3761
1912   65.7142    70.9826
1913   65.7142    69.8103
1914   65.7142    69.2854
1915   65.7142    69.9883
1916   65.7142    69.3975
1917   65.7142    68.5713
1918   65.7142    69.7616
1919   65.7142    71.454
1920   65.7142    72.6162
1921   65.7142    69.3931
1922   65.7142    69.1951
1923   65.7142    69.5204
1924   65.7142    68.1153
1925   65.7142    69.5486
1926   65.7142    67.8938
1927   65.7142    67.2982
1928   65.7142    67.0028
1929   65.7142    67.9063
1930   65.7142    67.5442
1931   65.7142    68.4917
1932   65.7142    69.1747
1933   65.7142    69.3018
1934   65.7142    67.8339
1935   65.7142    67.6659
1936   65.7142    68.664
1937   65.7142    68.397
1938   65.7142    68.2027
1939   65.7142    68.1338
1940   65.7142    69.1492
1941   65.7142    71.0539
1942   65.7142    72.7672
1943   65.7142    70.4816
1944   65.7142    70.9608
1945   65.7142    71.0048
1946   65.7142    70.1806
1947   65.7142    70.6129
1948   65.7142    71.8687
1949   65.7142    73.9567
1950   65.7142    74.6108
1951   65.7142    71.3792
1952   65.7142    71.5444
1953   65.7142    69.3383
1954   65.7142    68.3075
1955   65.7142    67.6085
1956   65.7142    67.1649
1957   65.7142    68.4051
1958   65.7142    69.2224
1959   65.7142    69.888
1960   65.7142    70.0986
1961   65.7142    69.4486
1962   65.7142    68.4418
1963   65.7142    69.4039
1964   65.7142    67.5377
1965   65.7142    67.7728
1966   65.7142    69.2091
1967   65.7142    69.9005
1968   65.7142    69.8697
1969   65.7142    69.535
1970   65.7142    68.1901
1971   65.7142    67.1596
1972   65.7142    67.4475
1973   65.7142    67.7918
1974   65.7142    68.599
1975   65.7142    69.5339
1976   65.7142    68.9458
1977   65.7142    66.9248
1978   65.7142    67.808
1979   65.7142    69.9746
1980   65.7142    68.5798
1981   65.7142    68.5382
1982   65.7142    69.1217
1983   65.7142    68.7548
1984   65.7142    69.0661
1985   65.7142    68.2238
1986   65.7142    67.8067
1987   65.7142    68.5585
1988   65.7142    69.3871
1989   65.7142    68.7006
1990   65.7142    67.8383
1991   65.7142    68.3708
1992   65.7142    68.0377
1993   65.7142    70.5968
1994   65.7142    70.9408
1995   65.7142    69.8539
1996   65.7142    69.1145
1997   65.7142    68.4256
1998   65.7142    68.4868
1999   65.7142    67.3828
2000   65.7142    67.9662
