1   444.875    487.942
2   439.751    473.426
3   423.63    461.945
4   415.103    450.175
5   409.95    436.575
6   403.88    425.396
7   402.455    418.685
8   394.415    412.118
9   393.361    408.31
10   388.431    405.239
11   387.697    401.822
12   381.005    396.339
13   378.453    393.52
14   369.816    388.279
15   363.166    382.646
16   347.716    371.915
17   341.588    363.527
18   341.571    355.025
19   334.386    350.016
20   324.075    344.858
21   324.075    339.769
22   314.181    335.948
23   314.181    330.459
24   313.895    326.891
25   310.097    321.096
26   305.315    317.95
27   303.297    316.271
28   302.34    312.825
29   297.373    309.423
30   294.19    307.406
31   293.451    304.577
32   292.047    300.908
33   290.449    299.26
34   283.752    296.119
35   283.752    294.552
36   279.13    290.854
37   278.798    288.224
38   272.99    286.785
39   265.838    282.77
40   264.01    280.989
41   263.334    276.858
42   261.901    273.942
43   261.257    271.311
44   260.781    270.415
45   258.858    267.06
46   257.979    266.88
47   254.104    266.109
48   253.974    267.507
49   253.076    265.018
50   251.985    263.233
51   247.302    260.471
52   243.875    258.199
53   242.182    255.658
54   240.826    253.863
55   238.27    250.635
56   234.135    247.384
57   228.619    244.922
58   228.619    242.39
59   228.619    239.468
60   228.239    235.958
61   224.002    234.124
62   220.367    233.976
63   216.061    230.513
64   213.6    229.476
65   213.6    229.381
66   209.419    226.885
67   209.419    225.544
68   208.841    221.329
69   204.878    216.633
70   202.273    217.067
71   200.239    214.077
72   198.599    212.739
73   196.654    211.42
74   194.225    208.593
75   194.225    207.502
76   193.754    205.065
77   193.754    206.252
78   192.393    203.376
79   192.393    202.105
80   192.393    201.54
81   187.135    200.338
82   186.326    199.721
83   186.326    196.635
84   186.326    196.528
85   186.326    194.08
86   186.326    191.181
87   186.175    189.61
88   183.77    189.056
89   183.77    189.422
90   183.77    189.779
91   183.77    192.077
92   180.636    191.24
93   180.636    192.342
94   180.636    192.304
95   176.809    189.399
96   176.809    186.443
97   176.809    183.901
98   173.873    182.684
99   172.843    182.143
100   171.639    181.592
101   171.639    180.789
102   170.01    178.176
103   169.759    176.788
104   168.481    177.293
105   168.073    175.312
106   166.037    173.397
107   164.759    171.856
108   164.759    171.718
109   164.368    170.107
110   163.083    170.497
111   163.083    170.097
112   163.005    169.622
113   163.005    168.396
114   161.873    168.164
115   161.873    166.67
116   161.393    166.13
117   161.393    165.405
118   160.706    165.588
119   158.425    164.825
120   157.474    163.653
121   157.474    162.338
122   157.333    161.425
123   157.333    161.451
124   157.144    161.338
125   157.144    161.107
126   157.144    160.427
127   156.657    160.068
128   156.657    161.034
129   156.657    159.367
130   156.657    159.822
131   156.46    158.511
132   156.431    158.893
133   154.86    157.656
134   153.482    157.225
135   153.482    157.837
136   153.482    157.358
137   152.205    157.096
138   152.205    156.528
139   152.205    157.219
140   152.205    157.209
141   152.205    158.41
142   149.803    161.427
143   149.345    158.592
144   149.345    157.517
145   149.345    156.255
146   149.345    154.837
147   149.345    153.324
148   146.95    151.569
149   146.664    151.267
150   146.664    151.354
151   145.944    150.113
152   145.064    150.999
153   143.621    151.507
154   143.621    153.296
155   143.621    155.344
156   143.621    155.287
157   143.621    152.029
158   143.621    150.251
159   143.621    150.678
160   143.415    150.683
161   143.415    150.312
162   143.415    148.886
163   142.405    146.15
164   141.565    145.167
165   141.565    146
166   141.565    150.553
167   140.555    149.574
168   140.555    149.943
169   139.799    150.025
170   139.799    148.173
171   139.799    146.155
172   139.799    144.415
173   138.523    143.665
174   138.523    145.571
175   136.746    145.052
176   136.746    144.034
177   136.746    142.781
178   135.548    142.311
179   135.548    143.28
180   135.548    143.574
181   134.907    142.434
182   134.907    142.108
183   134.907    141.712
184   134.907    142.014
185   134.907    141.147
186   133.645    141.157
187   132.819    138.738
188   131.273    138.737
189   131.273    139.572
190   131.273    135.641
191   131.061    134.688
192   131.061    134.741
193   131.061    134.37
194   131.061    133.212
195   130.093    135.285
196   130.093    136.163
197   130.093    136.393
198   130.093    136.445
199   130.093    136.91
200   130.093    136.134
201   129.162    135.357
202   129.162    134.516
203   125.079    133.722
204   122.996    133.933
205   122.996    131.873
206   122.996    132.41
207   122.996    130.534
208   120.062    129.527
209   120.062    130.098
210   120.062    128.668
211   120.062    127.736
212   120.062    126.935
213   120.062    124.797
214   120.062    124.641
215   120.062    123.214
216   120.062    122.829
217   120.062    123.923
218   119.637    124.075
219   119.637    124.226
220   119.637    125.422
221   119.637    124.599
222   119.637    124.24
223   119.637    125.37
224   119.637    126.003
225   119.394    127.17
226   119.394    125.732
227   119.394    124.571
228   119.394    124.133
229   119.394    123.039
230   119.394    123.558
231   119.394    124.135
232   119.394    122.812
233   119.394    121.892
234   119.394    121.381
235   119.026    121.954
236   119.026    121.432
237   119.026    120.416
238   118.642    122.034
239   118.545    121.896
240   118.545    123.38
241   118.545    125.355
242   118.545    127.244
243   118.382    129.766
244   117.998    129.427
245   117.998    127.553
246   117.998    125.78
247   117.998    124.518
248   117.998    122.674
249   117.674    121.867
250   116.315    119.999
251   116.315    120.292
252   116.315    121.293
253   115.825    119.429
254   114.967    119.601
255   114.967    118.843
256   114.967    118.657
257   114.477    118.239
258   114.477    117.619
259   114.477    117.505
260   114.477    118.616
261   113.851    119.176
262   113.851    119.488
263   113.851    117.816
264   113.442    116.386
265   112.816    116.492
266   112.816    116.312
267   112.816    117.532
268   112.816    117.637
269   112.816    117.007
270   112.816    116.94
271   112.816    117.952
272   112.816    117.548
273   112.816    117.301
274   112.816    117.163
275   112.816    115.509
276   112.816    116.473
277   112.727    116.056
278   112.727    114.941
279   112.727    114.641
280   112.623    114.851
281   112.623    113.846
282   112.592    113.94
283   112.592    114.823
284   112.592    115.821
285   112.592    115.201
286   112.576    115.57
287   112.576    115.795
288   112.506    115.748
289   111.916    114.241
290   111.916    115.851
291   111.855    115.121
292   111.808    114.541
293   111.808    118.024
294   111.808    119.547
295   111.808    121.071
296   111.808    121.421
297   111.189    120.262
298   111.189    119.08
299   111.189    119.109
300   111.189    118.282
301   111.189    118.135
302   111.189    117.523
303   109.477    118.472
304   109.477    116.789
305   109.477    115.878
306   109.477    115.193
307   109.477    114.414
308   109.477    114.906
309   109.477    114.98
310   109.477    114.015
311   109.477    112.91
312   109.477    113.225
313   109.477    111.037
314   109.433    110.408
315   108.96    112.019
316   108.96    112.709
317   108.96    113.669
318   108.96    113.438
319   108.849    113.035
320   108.849    112.917
321   108.549    113.466
322   108.549    112.132
323   108.549    111.667
324   108.549    111.693
325   108.549    114.031
326   108.549    114.027
327   108.549    113.832
328   108.549    111.155
329   108.549    112.406
330   108.549    112.603
331   107.986    112.788
332   107.986    113.34
333   107.986    113.687
334   107.986    113.478
335   107.094    113.599
336   107.094    114.55
337   107.094    116.582
338   107.094    117.354
339   107.094    117.326
340   107.094    117.507
341   105.761    116.794
342   105.718    114.557
343   103.997    115.361
344   103.997    115.135
345   103.997    115.418
346   103.997    115.416
347   103.997    114.759
348   103.997    117.74
349   103.997    114.492
350   103.997    112.209
351   103.997    109.99
352   103.997    108.042
353   103.997    108.427
354   103.997    106.667
355   103.997    106.121
356   103.997    106.519
357   103.997    106.609
358   103.997    107.146
359   103.997    105.256
360   103.997    104.989
361   103.725    106.48
362   103.206    106.412
363   102.934    106.97
364   102.934    106.473
365   102.934    107.167
366   102.934    107.419
367   102.934    107.094
368   102.82    107.718
369   102.028    106.922
370   101.659    105.02
371   101.659    105.758
372   101.659    106.049
373   101.659    104.45
374   101.659    105.863
375   101.659    106.246
376   101.659    106.494
377   101.194    106.982
378   101.194    105.651
379   101.194    103.769
380   101.194    104.562
381   101.194    104.628
382   101.194    105.8
383   101.194    104.132
384   101.194    103.443
385   101.194    103.771
386   101.194    104.327
387   101.194    104.33
388   101.194    104.096
389   101.194    103.988
390   101.194    104.308
391   101.194    104.991
392   101.194    103.279
393   101.194    102.94
394   101.194    105.899
395   101.194    105.591
396   101.194    105.783
397   101.154    106.661
398   100.982    107.355
399   100.982    106.725
400   100.982    106.01
401   100.53    105.061
402   100.53    105.56
403   100.53    105.57
404   100.53    103.711
405   100.415    103.409
406   100.058    103.697
407   99.6029    104.312
408   99.6029    103.558
409   99.6029    103.301
410   99.5238    103.437
411   99.3645    102.83
412   99.3645    103.618
413   99.3645    102.063
414   99.1521    102.046
415   99.1521    101.766
416   99.003    101.942
417   99.003    101.997
418   99.003    103.824
419   99.003    104.435
420   99.003    106.343
421   99.003    103.791
422   99.003    104.326
423   99.003    105.357
424   99.003    105.241
425   99.003    104.642
426   99.003    104.368
427   99.003    103.208
428   99.003    100.371
429   98.3543    100.742
430   98.3543    100.741
431   98.3543    99.5436
432   96.7292    100.02
433   96.7292    100.143
434   96.7292    99.3784
435   96.7292    98.1403
436   96.7292    98.0286
437   96.7292    98.0486
438   96.7292    97.8976
439   96.7292    98.5726
440   96.7292    100.065
441   96.2127    99.0509
442   96.2127    98.8055
443   96.2127    99.7245
444   96.2127    99.7099
445   96.2127    100.936
446   96.2127    99.5918
447   95.8468    98.569
448   95.6084    98.2134
449   95.6084    99.1486
450   95.6017    99.5795
451   95.6017    100.539
452   95.6017    100.181
453   95.5017    98.6385
454   95.5017    101.296
455   95.3614    100.048
456   95.3614    100.68
457   95.3614    100.249
458   95.3614    99.1915
459   94.6355    99.826
460   94.6355    99.9232
461   94.6355    99.5587
462   94.507    99.6195
463   94.507    97.7143
464   94.1209    97.5847
465   94.1209    97.2722
466   94.1209    97.8141
467   94.1209    97.4474
468   94.0767    98.0832
469   94.0767    98.755
470   93.5697    98.5312
471   93.5254    98.7292
472   93.1027    96.9358
473   93.1027    96.3589
474   93.1027    95.0326
475   93.1027    95.5415
476   92.7799    96.8054
477   92.2654    96.813
478   91.0194    95.602
479   91.0194    94.6073
480   91.0194    94.2088
481   91.0194    93.6498
482   91.0194    95.7517
483   91.0194    94.5226
484   91.0194    95.5187
485   91.0194    96.7107
486   91.0194    94.5663
487   91.0194    94.6554
488   91.0194    94.088
489   91.0194    94.3498
490   91.0194    94.0216
491   91.0194    95.9329
492   90.6892    94.522
493   90.6892    95.5056
494   90.6892    94.3035
495   90.6892    94.4808
496   90.6892    95.0066
497   90.6892    95.5008
498   90.0495    96.3422
499   90.0495    95.8531
500   90.0495    95.614
501   90.0495    93.498
502   90.0495    92.3961
503   90.0495    92.0217
504   90.0495    92.1641
505   90.0495    93.4109
506   90.0495    94.4282
507   90.0495    94.3472
508   90.0495    94.4194
509   89.9036    93.4736
510   89.9036    94.6853
511   89.9036    93.0088
512   89.9036    92.9962
513   89.9036    95.3384
514   89.9036    94.0197
515   89.9036    92.7368
516   89.9036    92.4873
517   89.8852    94.0887
518   89.8852    94.9567
519   89.8852    95.4227
520   89.8852    93.9236
521   89.8852    94.2513
522   89.8852    94.1469
523   89.8852    94.2023
524   89.8852    94.0328
525   89.8852    93.1876
526   89.8852    92.0653
527   89.8852    93.4982
528   89.8852    94.0773
529   89.8852    93.0127
530   89.8852    93.1719
531   89.8852    93.6279
532   89.8852    92.6863
533   89.8852    93.7126
534   89.8852    94.4213
535   89.8852    93.1976
536   89.8852    93.2401
537   89.8852    92.8718
538   89.5593    92.9309
539   89.5593    92.2339
540   89.5593    92.0185
541   89.5593    91.9709
542   89.5593    92.369
543   89.5593    93.3086
544   89.5593    92.7346
545   89.5593    92.9648
546   89.5593    93.2879
547   89.5593    92.5831
548   89.5593    91.9957
549   89.4104    92.3819
550   89.4104    91.5868
551   89.4104    91.3604
552   89.4104    92.983
553   89.4104    92.2194
554   89.4104    92.069
555   89.4104    91.918
556   89.4104    92.2904
557   89.4104    92.6702
558   89.4104    92.4287
559   89.4104    92.2573
560   89.4104    92.3464
561   89.4104    90.803
562   89.4104    91.5836
563   89.4104    92.5557
564   89.4104    92.7045
565   89.4104    92.6217
566   89.4104    90.7241
567   89.4104    91.0673
568   89.4104    90.9357
569   89.4104    90.4958
570   89.4104    91.8724
571   89.3531    92.6974
572   89.3531    92.1241
573   89.3531    92.4384
574   89.3531    91.879
575   89.3531    91.9874
576   89.0509    93.1197
577   89.0509    92.6251
578   89.0509    92.8496
579   89.0509    95.7588
580   89.0509    94.0524
581   89.0509    94.6368
582   89.0509    92.8033
583   89.0509    93.8428
584   89.0509    92.2078
585   89.0509    94.7435
586   89.0109    94.0699
587   89.0109    91.9977
588   88.2747    90.8254
589   88.2747    90.8285
590   88.2347    90.7012
591   88.2347    90.9551
592   88.2347    91.1158
593   88.2347    93.1605
594   88.2347    94.7986
595   88.2347    91.9988
596   88.2347    92.0691
597   88.2347    91.6793
598   88.2347    92.858
599   88.2347    92.1424
600   88.2347    92.7188
601   88.2347    92.2905
602   88.2347    92.4702
603   88.2347    92.9026
604   88.2347    93.0671
605   88.2347    92.3808
606   87.9843    92.1125
607   87.8484    91.3539
608   87.8484    92.3062
609   87.8484    91.4499
610   87.8484    90.2307
611   87.5981    90.5125
612   87.5981    90.9042
613   87.5981    90.1492
614   87.5981    88.636
615   87.5981    87.9504
616   87.5836    89.1035
617   87.5836    89.1803
618   87.5118    90.3355
619   87.5118    89.3267
620   87.5118    88.9362
621   87.5118    89.9104
622   87.5118    89.7998
623   87.5118    89.0434
624   87.5118    91.4481
625   87.5118    90.801
626   87.5118    90.8338
627   87.5118    89.2226
628   87.5118    89.24
629   87.5118    89.5517
630   86.4685    89.831
631   86.4685    88.9353
632   86.4685    89.4625
633   86.4685    88.9968
634   86.4685    89.7252
635   86.4685    90.2808
636   86.4685    90.5672
637   85.4692    89.8602
638   85.4692    88.9124
639   85.4692    89.1122
640   85.4692    88.0043
641   85.3321    88.2713
642   84.5926    87.8076
643   84.5926    87.0631
644   84.5926    87.0954
645   84.5926    86.9255
646   84.5918    87.1085
647   84.5918    87.1902
648   83.7406    86.9583
649   83.7406    86.629
650   83.7406    85.1952
651   83.7406    84.7199
652   83.7406    85.1938
653   83.7406    86.221
654   83.7406    85.2164
655   83.7406    86.6702
656   83.7406    85.1258
657   83.7406    85.4066
658   83.7406    85.4408
659   83.7406    84.4292
660   83.7406    85.0929
661   83.7406    85.7443
662   83.7406    86.3078
663   82.9314    86.6124
664   82.9314    86.448
665   82.9314    86.0133
666   82.9314    85.7027
667   82.9314    85.2334
668   82.9314    85.9294
669   82.9314    85.5637
670   82.9314    84.1601
671   82.745    84.7945
672   82.745    85.6126
673   82.745    86.5071
674   82.745    87.302
675   82.745    85.8333
676   82.745    84.8553
677   82.745    83.2735
678   82.745    84.9102
679   82.745    85.1095
680   82.745    87.473
681   82.745    85.825
682   82.745    86.8121
683   82.745    87.2033
684   82.745    85.7277
685   82.745    86.4831
686   82.745    85.3697
687   82.745    85.4584
688   82.745    86.351
689   82.745    85.7801
690   82.745    84.6476
691   82.745    84.1009
692   82.2499    83.8566
693   82.2499    84.8343
694   82.2499    84.9206
695   82.2499    84.276
696   82.2499    84.5187
697   81.7679    85.1157
698   81.7679    85.7286
699   81.7679    87.1139
700   81.7679    85.8068
701   81.7679    84.8798
702   81.7679    84.3859
703   81.7679    85.6256
704   81.7679    85.1683
705   81.7679    85.2614
706   81.7679    84.5386
707   81.7679    83.6182
708   81.7679    83.9552
709   81.7679    83.3816
710   81.7679    84.2257
711   81.7679    83.7881
712   81.7679    84.9763
713   81.7679    84.7938
714   81.7679    84.5762
715   81.7679    84.2139
716   81.7679    85.5197
717   81.7679    84.343
718   81.7445    83.3796
719   81.3747    84.4857
720   80.955    84.5897
721   80.955    86.2253
722   80.955    85.8002
723   80.955    86.9687
724   80.955    85.808
725   80.955    84.0073
726   80.955    82.734
727   80.955    83.5198
728   80.955    85.7359
729   80.955    84.409
730   80.955    83.9165
731   80.955    83.9807
732   80.4152    83.8161
733   80.4152    82.8215
734   80.4152    83.1979
735   80.4152    82.7094
736   80.4152    81.9601
737   80.4152    82.1027
738   80.4152    81.0158
739   80.4152    81.2111
740   80.4152    81.9192
741   80.4152    82.8287
742   80.4152    82.542
743   80.4152    83.8542
744   80.4152    83.7699
745   80.4152    82.9019
746   80.4152    83.1757
747   80.4152    83.8052
748   80.4152    84.0274
749   80.4152    83.7784
750   80.4152    83.7791
751   80.4152    84.6168
752   80.4152    84.0562
753   80.4152    84.1621
754   80.4152    86.1806
755   80.4152    84.307
756   80.4152    84.2941
757   80.4152    82.7818
758   80.4152    82.5616
759   80.4152    84.0339
760   80.4152    83.472
761   80.4152    84.6639
762   80.4152    84.6633
763   80.4152    84.5551
764   80.049    84.9266
765   80.049    81.6216
766   80.049    82.5009
767   80.049    82.0653
768   80.049    81.1118
769   80.049    81.2252
770   80.049    80.8816
771   80.049    81.7263
772   80.049    84.3312
773   80.049    84.3283
774   80.049    83.9415
775   80.049    84.4877
776   79.1518    87.3058
777   79.1518    86.312
778   79.1518    85.7523
779   79.1518    84.8931
780   79.1518    86.5769
781   79.1518    87.6948
782   79.1518    83.5445
783   79.1518    83.3359
784   79.1518    85.8024
785   79.1518    86.1636
786   79.1518    88.8721
787   79.1518    89.5557
788   79.1518    88.3548
789   79.1518    89.676
790   79.1518    88.5561
791   79.1518    90.9434
792   79.1518    90.8115
793   79.1518    88.0299
794   79.1518    85.0591
795   79.1518    85.662
796   79.1518    84.2558
797   79.1518    83.8592
798   79.1518    84.1621
799   79.1518    82.8962
800   79.1518    82.4392
801   79.1518    81.4689
802   79.1518    81.1153
803   79.1518    81.2832
804   79.1518    81.3097
805   79.1453    82.2829
806   79.1453    83.4669
807   79.1453    83.6199
808   79.1453    84.3779
809   79.1453    83.434
810   79.1453    84.8429
811   79.1453    84.8544
812   79.1453    83.1919
813   79.1453    82.1249
814   79.1453    81.6022
815   79.1453    82.1204
816   79.1453    83.1289
817   79.1453    84.2011
818   79.1453    81.4908
819   79.1453    81.9579
820   79.1453    81.2192
821   79.1453    81.968
822   79.1453    83.5791
823   79.1453    80.9506
824   79.1453    81.0226
825   78.7348    83.5956
826   78.7348    83.5641
827   78.7348    81.9144
828   78.7348    82.0403
829   78.7348    81.8434
830   78.7348    82.6836
831   78.7348    83.0877
832   78.7348    82.474
833   78.7348    82.1282
834   78.7348    81.9696
835   78.7348    80.527
836   78.7348    82.3785
837   78.7348    81.5333
838   78.7348    80.628
839   78.7348    80.7561
840   78.7348    81.6618
841   78.7348    80.958
842   78.7348    81.2758
843   78.7348    80.4204
844   78.7348    79.7864
845   78.7348    80.4456
846   78.7348    80.3355
847   78.7348    80.9578
848   78.7348    80.698
849   78.7348    81.4721
850   78.7348    82.1397
851   78.7348    82.1495
852   78.7348    82.5055
853   78.7348    81.4859
854   78.7348    80.5763
855   78.7348    80.796
856   78.7348    81.2484
857   78.7348    81.4574
858   78.5896    80.1663
859   78.5896    81.0747
860   78.5896    80.6246
861   78.5896    80.7373
862   78.5534    82.1692
863   78.5534    82.7712
864   78.5534    81.9267
865   78.5534    81.3964
866   78.5534    82.8757
867   78.5534    82.7818
868   78.5534    82.6446
869   78.5534    83.9974
870   78.5534    87.1727
871   78.5534    88.5103
872   78.5534    89.708
873   78.5534    89.8388
874   78.5534    91.9702
875   78.5534    91.7768
876   78.5534    88.1428
877   78.5534    88.8795
878   78.5534    86.1248
879   78.5534    82.9014
880   78.5534    82.8551
881   78.5534    82.3923
882   78.5534    82.2922
883   78.5534    81.832
884   78.5534    80.9866
885   78.5534    82.2149
886   78.541    83.9909
887   78.541    82.1243
888   78.541    81.1282
889   78.541    81.7851
890   78.541    82.1711
891   78.541    81.8914
892   78.541    82.3113
893   78.541    81.3969
894   78.541    83.6128
895   78.541    81.7575
896   78.541    81.1235
897   78.541    80.4906
898   78.541    81.1243
899   78.541    81.8355
900   78.541    82.9055
901   78.541    83.916
902   78.541    83.3301
903   78.4166    82.4068
904   78.4166    81.6079
905   78.4166    81.4307
906   78.4166    79.9894
907   78.4166    80.8256
908   78.4166    82.0955
909   78.4166    83.835
910   78.4166    84.3339
911   78.4166    82.4016
912   78.4166    81.6088
913   78.4166    79.6581
914   78.4166    80.4412
915   78.2852    79.6992
916   78.2852    80.2156
917   78.2852    80.5595
918   78.2852    81.0608
919   78.2852    81.4034
920   78.2852    81.3268
921   78.2852    82.4
922   78.2852    82.9288
923   78.2852    83.5473
924   78.2852    84.2242
925   78.2852    81.0278
926   78.2852    82.5866
927   78.2852    81.4756
928   78.2852    81.1261
929   78.2852    81.1593
930   78.2852    82.1948
931   78.2852    81.0292
932   78.2852    80.5617
933   78.2852    80.1301
934   78.2852    81.037
935   78.2852    81.1559
936   78.2852    82.9304
937   78.2852    81.3725
938   78.2852    81.6058
939   78.2852    81.2511
940   78.2852    82.4451
941   78.2852    83.0336
942   78.2852    80.4785
943   78.2852    80.3269
944   78.2852    80.4658
945   78.2852    81.7122
946   78.2852    82.9091
947   78.2852    81.1009
948   78.2852    80.1526
949   78.2852    79.4096
950   78.2852    80.004
951   78.2852    80.6001
952   78.2852    80.2785
953   78.2852    80.0671
954   78.2852    79.3214
955   78.2852    80.8233
956   78.2852    81.0804
957   78.2852    80.065
958   78.2852    80.3942
959   78.2852    80.2447
960   78.2852    80.4471
961   78.2852    80.1692
962   78.2852    81.0635
963   78.2852    81.3705
964   78.2852    81.9203
965   78.2852    81.7838
966   78.2852    83.2386
967   78.2852    82.951
968   78.2852    82.5179
969   78.2852    82.8013
970   78.2852    81.8807
971   78.2852    81.7295
972   78.2852    81.0096
973   78.2852    80.3025
974   78.2852    79.6578
975   78.2852    79.9197
976   78.1235    81.4841
977   78.1235    80.3592
978   78.1235    80.9845
979   78.1235    81.3565
980   78.1235    82.1617
981   78.1235    80.4533
982   78.1235    81.1791
983   78.1235    80.7443
984   78.1235    80.908
985   78.1235    81.9641
986   78.1235    82.2078
987   78.1235    82.3225
988   78.1235    81.1113
989   78.1235    80.6727
990   78.1235    80.8489
991   78.1235    80.31
992   78.1235    80.738
993   78.1235    81.9781
994   78.1235    83.174
995   78.1235    82.0846
996   78.1235    81.5324
997   78.1235    82.7622
998   78.1235    82.7593
999   78.1235    81.6605
1000   78.1235    81.0838
1001   78.1235    81.3487
1002   78.1235    83.659
1003   78.1235    83.6246
1004   78.1235    82.4976
1005   78.1235    80.2833
1006   78.1235    82.2861
1007   78.1235    81.879
1008   78.1235    81.9059
1009   78.1235    84.0723
1010   78.1235    82.5842
1011   78.1235    81.5523
1012   78.1235    80.0323
1013   78.1235    80.1883
1014   78.1235    79.1273
1015   78.1235    79.2162
1016   78.1235    81.1231
1017   78.1235    80.738
1018   78.1235    79.1158
1019   78.1235    80.0858
1020   78.1235    79.9636
1021   78.1235    79.7853
1022   78.1235    81.4747
1023   78.1235    81.7456
1024   78.1235    80.8285
1025   78.1235    81.8645
1026   78.1235    81.9637
1027   78.1235    80.718
1028   78.1235    79.937
1029   78.1235    80.3993
1030   78.1235    82.2152
1031   78.1235    82.3113
1032   78.1235    82.7865
1033   78.1235    81.3577
1034   78.1235    83.3899
1035   78.1235    83.0709
1036   77.9762    82.2088
1037   77.9762    83.1161
1038   77.9762    82.4788
1039   77.9762    82.4622
1040   77.9762    82.0568
1041   77.4531    81.4217
1042   77.4531    80.9784
1043   77.4531    82.3387
1044   77.4531    82.7323
1045   77.4531    79.97
1046   77.4531    79.6154
1047   77.4531    81.0108
1048   77.4531    80.3199
1049   77.4531    80.2741
1050   77.4531    79.474
1051   77.4531    80.1877
1052   77.4531    80.8936
1053   77.4531    79.6539
1054   77.4531    80.5002
1055   77.4531    81.6644
1056   77.4531    81.4218
1057   77.4531    82.0325
1058   77.4531    81.2997
1059   77.4531    81.7167
1060   77.4531    82.0137
1061   77.4531    81.0173
1062   77.4531    80.4194
1063   77.4531    80.4372
1064   77.4531    80.9613
1065   77.4531    81.2424
1066   77.4531    81.9903
1067   77.4531    80.7552
1068   77.4531    80.3255
1069   77.4531    81.1193
1070   77.3668    80.1258
1071   77.1159    82.1507
1072   77.1159    80.3745
1073   77.1159    79.9927
1074   77.1159    78.9004
1075   77.1159    79.9872
1076   77.1159    81.0458
1077   77.1159    78.6155
1078   77.1159    79.3762
1079   77.1159    78.5198
1080   77.1159    79.1834
1081   77.1159    79.5454
1082   77.1159    79.7703
1083   77.1159    79.8512
1084   77.1159    81.1433
1085   77.1159    79.5823
1086   77.1159    78.7944
1087   77.1159    79.1216
1088   77.1159    79.5308
1089   77.1159    78.7884
1090   77.1159    78.8806
1091   77.1159    80.0137
1092   77.1159    79.0503
1093   77.1159    79.5059
1094   77.1159    79.6373
1095   77.1159    80.193
1096   77.1159    81.2447
1097   77.1159    79.709
1098   77.1159    79.4327
1099   77.1159    79.1013
1100   77.1159    80.0168
1101   77.1159    80.4
1102   77.1159    81.4956
1103   77.1159    81.1948
1104   77.1159    81.3659
1105   77.1159    80.7901
1106   77.1159    78.9109
1107   77.1159    79.0304
1108   77.1159    79.2682
1109   77.1159    78.5573
1110   77.1159    79.1022
1111   77.1159    78.5701
1112   77.1159    77.7864
1113   77.1159    79.5092
1114   77.1159    79.6781
1115   76.7484    80.5935
1116   76.7484    78.745
1117   76.7484    79.1921
1118   76.7484    79.506
1119   76.7484    80.3816
1120   76.7484    81.1591
1121   76.7484    82.583
1122   76.7484    81.3386
1123   76.7484    81.76
1124   76.7484    83.0768
1125   76.7484    81.6496
1126   76.7484    82.2505
1127   76.7484    84.2021
1128   76.7484    83.5604
1129   76.7484    82.7649
1130   76.7484    80.3455
1131   76.3385    82.5084
1132   76.3385    81.4512
1133   76.3385    79.5979
1134   76.3385    78.8964
1135   76.3385    79.8263
1136   76.2946    80.6316
1137   76.2946    78.939
1138   76.2946    78.7438
1139   76.2946    78.9476
1140   76.2946    78.9312
1141   76.2946    79.2518
1142   76.2946    78.3763
1143   76.2946    78.4292
1144   76.2946    77.7765
1145   76.2946    77.9812
1146   76.2946    79.2261
1147   76.2946    79.709
1148   76.2946    79.2856
1149   76.2946    78.2578
1150   76.2946    77.6166
1151   76.2946    77.6045
1152   76.2946    78.2265
1153   76.2946    79.1023
1154   76.2946    78.029
1155   76.2946    79.3853
1156   76.2946    79.6079
1157   76.2946    78.915
1158   76.2946    79.7021
1159   76.2946    80.1286
1160   76.2946    80.1184
1161   76.2946    79.1238
1162   76.2946    79.6876
1163   76.2946    78.9838
1164   76.2946    79.5473
1165   76.2946    79.9878
1166   76.2946    78.5353
1167   76.2946    79.0182
1168   76.2946    77.6043
1169   76.2946    77.8479
1170   76.2946    77.2575
1171   76.2946    79.855
1172   76.2946    78.8269
1173   76.2946    77.9725
1174   76.2946    79.3147
1175   76.2946    82.6184
1176   76.2946    80.0416
1177   76.2946    78.7144
1178   76.2946    78.7225
1179   76.2946    78.4385
1180   76.2946    79.2609
1181   75.9998    78.7161
1182   75.9998    77.8956
1183   75.9998    79.3286
1184   75.9998    79.8982
1185   75.9998    79.7231
1186   75.9998    78.6041
1187   75.9998    78.9558
1188   75.9998    77.6731
1189   75.9998    78.2254
1190   75.9998    79.1288
1191   75.9998    78.3328
1192   75.9998    79.8871
1193   75.9998    80.843
1194   75.9998    80.6085
1195   75.9998    79.7116
1196   75.9998    81.709
1197   75.9998    79.0976
1198   75.9998    77.8496
1199   75.9998    77.1135
1200   75.9998    79.8685
1201   75.9998    81.0342
1202   75.9998    80.3328
1203   75.9998    79.1804
1204   75.9998    78.9684
1205   75.9998    79.0752
1206   75.9998    78.512
1207   75.9387    79.196
1208   75.9387    78.7887
1209   75.9387    77.9599
1210   75.9387    77.9821
1211   75.9387    78.762
1212   75.9387    79.1637
1213   74.4366    78.5538
1214   74.4366    77.6275
1215   74.4366    77.1277
1216   74.4366    78.8736
1217   74.4366    78.6755
1218   74.4366    79.8196
1219   74.4366    80.5204
1220   73.6806    80.1245
1221   73.6806    81.2149
1222   73.6806    81.9425
1223   73.6806    82.0043
1224   73.6806    82.405
1225   73.6806    81.1585
1226   73.6806    81.146
1227   73.6806    84.2542
1228   73.6806    85.159
1229   73.6806    83.5051
1230   73.0461    82.1023
1231   73.0461    83.1198
1232   73.0461    83.2326
1233   73.0461    83.2742
1234   73.0461    83.0365
1235   73.0461    81.777
1236   73.0461    79.0775
1237   73.0461    79.2449
1238   73.0461    76.845
1239   73.0461    77.2338
1240   73.0461    77.3796
1241   73.0461    78.356
1242   73.0461    76.9792
1243   73.0461    78.1809
1244   73.0461    76.0851
1245   73.0461    75.6083
1246   73.0461    74.4312
1247   73.0461    74.5623
1248   73.0461    73.908
1249   73.0461    73.6067
1250   73.0461    74.4587
1251   73.0461    75.3406
1252   73.0461    74.0004
1253   73.0461    74.9061
1254   73.0461    75.3135
1255   73.0461    76.1828
1256   73.0461    75.6886
1257   73.0461    74.1377
1258   73.0461    75.3091
1259   73.0461    75.2472
1260   73.0461    76.2127
1261   73.0461    76.4921
1262   73.0461    77.3115
1263   73.0461    77.8238
1264   73.0461    76.9979
1265   73.0461    78.8011
1266   73.0461    79.1055
1267   73.0461    77.2352
1268   73.0461    79.4001
1269   73.0461    78.1752
1270   73.0461    76.4129
1271   73.0461    78.1625
1272   73.0461    78.3563
1273   73.0461    77.5526
1274   73.0461    76.5811
1275   73.0461    77.2579
1276   73.0461    77.6431
1277   73.0461    77.1416
1278   73.0461    77.3362
1279   73.0461    77.1252
1280   73.0461    78.3185
1281   73.0461    79.1519
1282   73.0461    77.7636
1283   73.0461    77.5313
1284   73.0461    78.7997
1285   73.0461    78.2949
1286   73.0461    76.6424
1287   73.0461    76.8643
1288   73.0461    75.3866
1289   73.0461    75.1249
1290   73.0461    75.8172
1291   73.0461    75.1913
1292   73.0461    73.787
1293   73.0461    74.9066
1294   73.0461    75.824
1295   73.0461    75.6265
1296   73.0461    75.5108
1297   73.0461    75.7821
1298   73.0461    76.6325
1299   73.0461    75.8843
1300   73.0461    76.8923
1301   73.0461    75.8648
1302   73.0461    75.1583
1303   73.0461    77.0223
1304   73.0461    75.855
1305   73.0461    78.3452
1306   73.0461    76.9704
1307   73.0461    76.6931
1308   73.0461    76.8769
1309   73.0461    75.4732
1310   73.0461    76.9774
1311   73.0461    76.4406
1312   73.0461    76.1993
1313   73.0461    77.2532
1314   73.0461    76.4907
1315   73.0461    77.47
1316   73.0461    78.3534
1317   73.0461    77.6865
1318   73.0461    76.2672
1319   73.0461    76.2371
1320   73.0461    74.8595
1321   73.0461    74.4686
1322   73.0461    75.2018
1323   73.0461    75.1771
1324   73.0461    75.0444
1325   73.0461    75.4625
1326   73.0461    76.4828
1327   73.0461    75.5359
1328   73.0461    73.874
1329   73.0461    73.9675
1330   73.0461    75.0024
1331   73.0461    76.7046
1332   73.0461    75.0004
1333   73.0461    75.4282
1334   73.0461    74.7684
1335   73.0461    76.1512
1336   73.0461    75.6681
1337   73.0461    78.266
1338   73.0461    77.2883
1339   73.0461    79.226
1340   73.0461    78.6749
1341   73.0461    77.2191
1342   73.0461    76.5205
1343   73.0461    78.291
1344   73.0461    77.2124
1345   73.0461    77.1962
1346   73.0461    76.0741
1347   73.0461    76.7567
1348   73.0461    76.0987
1349   73.0461    76.8358
1350   72.7517    77.4596
1351   72.7517    76.3939
1352   72.7517    75.1261
1353   72.7517    75.1966
1354   72.7517    74.3254
1355   72.7517    74.7487
1356   72.7517    76.4707
1357   72.7517    75.5104
1358   72.7517    74.1896
1359   71.9123    74.3046
1360   71.9123    74.2772
1361   71.9123    73.484
1362   71.9123    74.3569
1363   71.9123    75.5395
1364   71.9123    76.7097
1365   71.9123    76.4031
1366   71.7751    73.9248
1367   71.7751    74.4091
1368   71.7751    74.8981
1369   71.7751    75.8346
1370   71.7751    74.1258
1371   71.7751    74.3689
1372   71.7751    74.7089
1373   71.7751    73.2372
1374   71.7751    74.9493
1375   71.6425    74.7058
1376   71.6425    75.9575
1377   71.6425    76.9441
1378   71.6425    75.9594
1379   71.6425    75.2467
1380   71.6425    77.2034
1381   71.6425    76.8611
1382   71.6425    76.4757
1383   71.6425    75.1422
1384   71.6425    76.7541
1385   71.6425    76.2593
1386   71.6425    74.8473
1387   71.6425    75.0272
1388   71.6425    76.916
1389   71.6425    75.8946
1390   71.6425    74.3624
1391   71.6425    72.9741
1392   71.6425    72.837
1393   71.6425    73.3653
1394   71.6425    73.4675
1395   71.6425    73.7927
1396   71.6425    75.055
1397   71.6425    73.8559
1398   71.6425    73.4934
1399   71.6425    73.4714
1400   71.6425    73.9965
1401   71.6425    73.905
1402   71.6425    74.2493
1403   71.6425    73.8176
1404   71.6425    74.2779
1405   71.6425    73.6486
1406   71.6425    75.4301
1407   71.6425    75.3513
1408   71.6425    74.3724
1409   71.6425    74.3044
1410   71.6425    73.6532
1411   71.6425    72.718
1412   71.6425    73.7566
1413   71.6425    74.0439
1414   71.6425    75.3695
1415   71.6425    75.3424
1416   71.6425    76.8023
1417   71.6425    78.1021
1418   71.6425    75.9324
1419   71.6425    74.7607
1420   71.6425    74.2526
1421   71.6425    73.0189
1422   71.6425    72.9862
1423   71.6425    74.0251
1424   71.6425    74.1678
1425   71.6425    73.6106
1426   71.6425    73.3443
1427   71.6425    74.5888
1428   71.6425    75.0056
1429   71.6425    74.7974
1430   71.6425    74.7118
1431   71.6425    74.5543
1432   71.6425    75.6058
1433   71.6425    74.8144
1434   71.6425    75.0019
1435   71.6425    73.3278
1436   71.272    73.945
1437   71.272    76.1269
1438   71.272    75.129
1439   71.272    77.8186
1440   71.272    77.7989
1441   71.272    76.5311
1442   71.272    76.1172
1443   71.272    75.5301
1444   71.272    74.9792
1445   71.272    75.0877
1446   71.272    74.7679
1447   71.272    75.7105
1448   71.272    76.1773
1449   71.272    75.5308
1450   71.272    75.0002
1451   71.272    75.6579
1452   71.272    76.0937
1453   71.272    75.958
1454   71.272    77.1954
1455   71.272    75.8957
1456   71.272    73.9516
1457   71.272    73.555
1458   71.272    75.3034
1459   71.272    74.2055
1460   71.272    72.9745
1461   71.272    73.5691
1462   71.272    74.1315
1463   71.272    74.3129
1464   71.272    74.7727
1465   71.272    74.8944
1466   71.272    75.7184
1467   71.272    75.5697
1468   71.272    75.1918
1469   71.272    76.3646
1470   71.272    75.9639
1471   71.272    76.1295
1472   71.272    74.2137
1473   71.272    74.6816
1474   71.272    77.4153
1475   71.272    73.9926
1476   71.272    74.1489
1477   71.272    73.8117
1478   71.272    74.3837
1479   71.272    72.9603
1480   71.272    73.2475
1481   71.272    74.9334
1482   71.272    73.2711
1483   71.272    73.4591
1484   71.272    75.5838
1485   71.272    74.1624
1486   71.272    74.6835
1487   71.272    75.4463
1488   71.272    74.9866
1489   71.272    73.6924
1490   71.272    74.1117
1491   71.272    74.1278
1492   71.272    73.3141
1493   71.272    72.629
1494   71.272    73.2742
1495   71.272    73.1441
1496   71.272    73.2618
1497   71.272    72.5276
1498   71.272    73.9713
1499   71.272    74.7714
1500   71.272    75.3259
1501   71.272    74.469
1502   71.272    76.0729
1503   71.272    76.6683
1504   71.272    75.3732
1505   71.272    75.0895
1506   71.272    74.8509
1507   71.272    74.0769
1508   71.272    75.1724
1509   71.272    75.2804
1510   71.272    75.4093
1511   71.272    78.425
1512   71.272    75.0291
1513   71.272    76.2557
1514   71.272    77.2307
1515   71.272    75.5812
1516   71.272    74.35
1517   71.272    73.848
1518   71.272    73.9302
1519   71.272    73.3154
1520   71.272    73.4467
1521   71.272    75.6079
1522   71.272    75.2776
1523   71.272    74.8992
1524   71.272    74.3036
1525   71.272    74.7055
1526   71.272    75.2645
1527   71.272    75.7822
1528   71.272    75.1293
1529   71.272    74.41
1530   71.272    73.4481
1531   71.272    76.8668
1532   71.272    75.1728
1533   71.272    74.2176
1534   71.272    75.5995
1535   71.272    74.9872
1536   71.272    73.448
1537   71.272    74.7841
1538   71.272    74.2308
1539   71.272    74.7025
1540   71.272    75.214
1541   71.272    74.9698
1542   71.272    73.9289
1543   71.272    75.1408
1544   71.272    74.6217
1545   71.272    75.853
1546   71.272    73.9729
1547   71.272    72.799
1548   71.272    74.0814
1549   71.272    75.1498
1550   71.272    74.5663
1551   71.272    75.3097
1552   71.272    76.4857
1553   71.272    78.2653
1554   71.272    76.7925
1555   71.272    77.1212
1556   71.272    78.1656
1557   71.272    76.6023
1558   71.272    76.2398
1559   71.272    76.1805
1560   71.272    74.5027
1561   71.272    76.3704
1562   71.272    76.4141
1563   71.272    76.0936
1564   71.272    76.5853
1565   71.272    74.8413
1566   71.272    73.4801
1567   71.272    74.9767
1568   71.272    75.5686
1569   71.272    76.3592
1570   71.272    76.1848
1571   71.272    74.8966
1572   71.272    74.1908
1573   71.272    73.7168
1574   71.272    74.507
1575   71.272    75.8097
1576   71.272    75.1023
1577   71.272    73.7425
1578   71.272    73.2936
1579   71.225    73.5432
1580   71.225    72.9672
1581   71.225    72.3348
1582   71.225    71.7105
1583   71.225    73.0418
1584   71.225    73.958
1585   71.225    73.8577
1586   71.225    76.1593
1587   71.225    74.656
1588   71.0986    74.7422
1589   71.0986    74.9637
1590   71.0882    76.0202
1591   71.0882    76.6864
1592   71.0882    75.6551
1593   71.0882    73.1381
1594   71.0882    74.5374
1595   71.0882    74.8128
1596   71.0882    74.0817
1597   71.0882    72.6712
1598   71.0882    73.5984
1599   71.0882    73.8565
1600   71.0882    74.2584
1601   71.0882    74.5667
1602   71.0882    74.3461
1603   71.0882    73.9278
1604   71.0882    73.8074
1605   71.0882    73.4147
1606   71.0882    73.3753
1607   71.0882    74.4333
1608   71.0882    74.3428
1609   71.0882    75.2479
1610   71.0882    75.1212
1611   71.0882    74.6147
1612   71.0882    75.4412
1613   71.0882    74.3161
1614   71.0882    74.0848
1615   71.0882    73.7863
1616   71.0882    73.401
1617   71.0882    74.6418
1618   71.0882    74.0124
1619   71.0882    73.4274
1620   71.0882    72.8003
1621   71.0882    72.9286
1622   71.0882    72.9002
1623   71.0882    74.0291
1624   71.0882    75.0991
1625   71.0882    74.8828
1626   71.0244    75.5203
1627   71.0244    74.3844
1628   71.0244    75.0147
1629   71.0244    73.517
1630   71.0244    72.6132
1631   71.0244    74.3621
1632   71.0244    74.6174
1633   71.0244    74.8188
1634   71.0244    73.8303
1635   71.0244    74.4596
1636   71.0244    74.2047
1637   71.0244    75.2411
1638   71.0244    76.5968
1639   71.0244    77.1634
1640   71.0244    77.3267
1641   71.0244    77.4898
1642   71.0244    79.0255
1643   71.0244    77.8532
1644   71.0244    76.6458
1645   71.0244    75.7279
1646   71.0244    74.8598
1647   71.0244    74.6712
1648   71.0244    75.7541
1649   71.0244    73.7659
1650   71.0244    73.3353
1651   71.0244    73.9309
1652   71.0244    74.0925
1653   71.0244    74.0212
1654   71.0244    73.7284
1655   71.0244    74.4826
1656   71.0244    74.8918
1657   71.0244    75.5737
1658   71.0244    74.3604
1659   71.0244    74.2325
1660   71.0244    73.4564
1661   71.0244    74.1307
1662   71.0244    74.412
1663   70.2871    72.7965
1664   70.2871    72.9106
1665   70.2871    72.9247
1666   70.2871    72.4129
1667   70.2871    72.8304
1668   70.2871    71.9505
1669   70.2871    71.9273
1670   70.2871    71.9797
1671   70.2871    71.3164
1672   70.2871    72.6201
1673   70.2871    72.4448
1674   70.2871    72.2186
1675   70.2871    72.6324
1676   70.2871    73.4608
1677   70.2871    73.6685
1678   70.2871    74.0425
1679   70.2871    73.5967
1680   70.2871    73.9703
1681   70.2871    74.4742
1682   70.2871    75.0169
1683   70.2871    74.4951
1684   70.2871    73.4031
1685   70.2871    73.7618
1686   70.2871    74.091
1687   70.2871    75.5489
1688   70.2871    76.0912
1689   70.2871    76.2309
1690   70.2871    76.2909
1691   70.2871    75.4404
1692   70.2871    75.1796
1693   70.2871    73.1029
1694   69.9083    73.4326
1695   69.9083    73.1392
1696   69.9083    74.4116
1697   69.9083    73.6593
1698   69.9083    73.3733
1699   69.9083    73.9069
1700   69.9083    74.3634
1701   69.9083    73.9428
1702   69.9083    73.5989
1703   69.9083    73.8437
1704   69.9083    72.8485
1705   69.9083    74.0748
1706   69.9083    74.0754
1707   69.9083    71.9418
1708   69.9083    74.5265
1709   69.9083    73.263
1710   69.9083    75.2094
1711   69.9083    73.3549
1712   69.9083    74.0461
1713   69.9083    74.2726
1714   69.9083    74.1778
1715   69.9083    73.651
1716   69.9083    74.123
1717   69.9083    74.6818
1718   69.9083    72.9598
1719   69.9083    73.0168
1720   69.9083    72.6816
1721   69.9083    72.0991
1722   69.9083    71.4015
1723   69.9083    72.0606
1724   69.9083    72.1532
1725   69.9083    73.2525
1726   69.9083    73.3966
1727   69.9083    72.0415
1728   69.9083    72.4686
1729   69.9083    72.6282
1730   69.9083    73.2139
1731   69.9083    73.219
1732   69.9083    72.8799
1733   69.9083    72.0989
1734   69.9083    71.9001
1735   69.9083    73.1693
1736   69.9083    73.256
1737   69.9083    71.7811
1738   69.9083    72.6253
1739   69.9083    72.8394
1740   69.9083    72.4268
1741   69.9083    73.2329
1742   69.9083    72.3233
1743   69.9083    72.8978
1744   69.9083    72.3047
1745   69.9083    71.977
1746   69.9083    73.9348
1747   69.9083    74.5126
1748   69.9083    75.294
1749   69.9083    74.884
1750   69.9083    75.203
1751   69.9083    75.7757
1752   69.9083    74.8341
1753   69.9083    74.5205
1754   69.9083    74.9371
1755   69.5208    73.7193
1756   69.5208    72.6286
1757   69.5208    72.8567
1758   69.5208    71.917
1759   69.5208    72.0686
1760   69.5208    72.4959
1761   69.5208    73.4012
1762   69.5208    72.9689
1763   69.5208    74.3653
1764   69.5208    74.5221
1765   69.5208    72.9375
1766   69.5208    74.4944
1767   69.5208    73.6622
1768   69.5208    73.6496
1769   69.5208    73.4425
1770   69.5208    73.9485
1771   69.5208    74.4313
1772   69.5208    72.5651
1773   69.5208    73.88
1774   69.5208    74.9652
1775   69.5208    73.1965
1776   69.5208    72.3956
1777   69.5208    72.8692
1778   69.5208    73.5793
1779   69.5208    71.3537
1780   69.5208    70.6323
1781   69.5208    71.5635
1782   69.5208    72.7135
1783   69.5208    72.0728
1784   69.5208    71.0851
1785   69.5208    71.1009
1786   69.5208    72.3502
1787   69.5208    72.3597
1788   69.5208    71.8499
1789   69.5208    72.7519
1790   69.5208    73.5965
1791   69.5208    74.1733
1792   69.5208    72.9326
1793   69.5208    72.8912
1794   69.5208    71.6232
1795   69.5208    70.8262
1796   69.5208    71.8964
1797   69.5208    72.6107
1798   69.5208    73.1034
1799   69.5208    71.584
1800   69.5208    73.0781
1801   69.5208    72.6705
1802   69.5208    73.3125
1803   69.5208    72.9067
1804   69.5208    72.6565
1805   69.5208    73.5833
1806   69.5208    73.6256
1807   69.5208    75.0896
1808   69.5208    72.6938
1809   69.5208    72.9238
1810   69.5208    72.4288
1811   69.5208    72.5679
1812   69.5208    72.6326
1813   69.5208    71.0929
1814   69.5208    71.6262
1815   69.5208    72.4482
1816   69.5208    72.7247
1817   69.5208    72.4109
1818   69.5208    72.3907
1819   69.5208    71.6386
1820   69.5208    71.3453
1821   69.5208    72.0043
1822   69.5208    72.1741
1823   69.5208    71.447
1824   69.5208    73.4652
1825   69.5208    71.9776
1826   69.5208    72.0053
1827   69.5208    73.4217
1828   69.5208    73.4806
1829   69.5208    73.1563
1830   69.5208    74.1461
1831   69.5208    72.3792
1832   69.5208    72.1478
1833   69.5208    71.9968
1834   69.5208    71.7857
1835   69.4038    71.6223
1836   69.4038    72.4146
1837   69.4038    71.7455
1838   69.4038    71.1375
1839   69.4038    71.5073
1840   69.4038    71.722
1841   69.4038    71.5283
1842   69.4038    72.7642
1843   69.4038    72.7319
1844   69.4038    72.6579
1845   69.4038    72.959
1846   69.4038    72.6496
1847   69.4038    74.3008
1848   69.4038    74.0754
1849   69.4038    73.2429
1850   69.4038    73.499
1851   69.4038    74.3385
1852   69.4038    74.2945
1853   69.4038    75.7306
1854   69.4038    74.4244
1855   69.4038    72.4754
1856   69.4038    72.3665
1857   69.4038    73.4255
1858   69.4038    72.4819
1859   69.4038    73.028
1860   69.4038    72.295
1861   69.4038    73.0206
1862   69.4038    73.1575
1863   69.4038    71.8098
1864   69.4038    73.1878
1865   69.4038    74.3714
1866   69.4038    74.9501
1867   69.4038    74.2915
1868   69.4038    72.8862
1869   69.4038    73.0238
1870   69.4038    73.0347
1871   69.4038    71.0531
1872   69.4038    70.4337
1873   69.4038    71.0783
1874   69.4038    72.0999
1875   69.4038    72.5145
1876   69.4038    74.1626
1877   69.4038    74.1036
1878   69.4038    72.4748
1879   69.4038    72.5041
1880   69.4038    72.6217
1881   69.4038    72.8513
1882   69.4038    73.2733
1883   69.4038    72.741
1884   69.4038    72.0277
1885   69.4038    73.3297
1886   69.4038    73.4671
1887   69.4038    72.3129
1888   69.4038    72.4227
1889   69.4038    74.2099
1890   69.4038    72.6494
1891   69.4038    72.0651
1892   69.4038    75.4976
1893   69.4038    74.6287
1894   69.4038    72.5756
1895   69.4038    71.726
1896   69.4038    71.8725
1897   69.4038    71.7993
1898   69.4038    72.3899
1899   69.4038    73.6682
1900   69.4038    72.2257
1901   69.4038    71.7984
1902   69.4038    70.7977
1903   69.4038    71.6261
1904   69.4038    71.4891
1905   69.4038    71.9396
1906   69.4038    71.5974
1907   69.4038    72.3949
1908   69.4038    73.2813
1909   69.4038    74.4528
1910   69.4038    73.0175
1911   69.4038    72.891
1912   69.4038    74.4704
1913   69.4038    71.9726
1914   69.4038    70.5329
1915   69.4038    70.0897
1916   69.4038    70.8735
1917   69.4038    71.6357
1918   69.4038    70.6281
1919   69.4038    70.5867
1920   69.4038    71.3493
1921   69.4038    71.7601
1922   69.4038    73.2156
1923   69.4038    74.4007
1924   69.4038    73.7315
1925   69.4038    73.0805
1926   69.4038    72.8298
1927   69.4038    74.2285
1928   69.4038    77.3676
1929   69.4038    76.7355
1930   69.4038    74.0356
1931   69.4038    74.0607
1932   69.4038    74.1465
1933   69.4038    72.7791
1934   69.4038    74.3386
1935   69.4038    72.4083
1936   69.4038    73.0703
1937   69.4038    74.6284
1938   69.4038    74.038
1939   69.4038    74.4162
1940   69.4038    74.2026
1941   69.4038    73.6869
1942   69.4038    73.2975
1943   69.4038    72.4517
1944   69.4038    70.8134
1945   69.4038    70.3103
1946   69.4038    72.3775
1947   69.4038    71.0271
1948   69.4038    70.6904
1949   69.4038    73.2552
1950   69.4038    74.6229
1951   69.4038    73.4457
1952   69.4038    72.18
1953   69.4038    72.4877
1954   69.4038    74.7702
1955   69.4038    71.2394
1956   69.4038    71.8485
1957   69.4038    71.7882
1958   69.4038    72.0502
1959   69.4038    72.1464
1960   69.4038    72.2067
1961   69.4038    72.7685
1962   69.4038    71.134
1963   69.4038    72.7151
1964   69.4038    74.0046
1965   69.4038    72.9473
1966   69.4038    71.9626
1967   69.4038    73.936
1968   69.4038    72.1522
1969   69.4038    71.4966
1970   69.4038    70.9586
1971   69.4038    72.0411
1972   69.4038    72.2788
1973   69.4038    72.7589
1974   69.4038    71.6014
1975   69.4038    71.9241
1976   69.4038    73.3706
1977   69.4038    73.5505
1978   69.4038    72.6315
1979   69.4038    72.8145
1980   69.4038    73.4144
1981   69.4038    75.2142
1982   69.4038    75.5451
1983   69.4038    76.0549
1984   69.4038    75.6831
1985   69.4038    75.0421
1986   69.4038    75.2709
1987   69.4038    74.2113
1988   69.4038    74.7155
1989   69.4038    75.2245
1990   69.4038    74.4315
1991   69.4038    72.4424
1992   69.4038    72.4261
1993   69.4038    73.1504
1994   69.4038    72.1783
1995   69.4038    70.927
1996   69.4038    70.2469
1997   69.4038    70.6942
1998   69.4038    72.4698
1999   69.4038    70.5307
2000   69.4038    70.2943
