1   452.29    494.329
2   443.793    478.66
3   426.555    462.171
4   384.893    447.971
5   376.472    433.815
6   369.111    413.184
7   364.94    394.211
8   364.537    382.341
9   358.225    374.031
10   355.229    369.337
11   353.478    365.269
12   345.902    361.646
13   343.463    358.746
14   340.871    353.435
15   340.871    350.65
16   333.668    347.635
17   333.668    345.362
18   326.44    342.519
19   324.101    339.848
20   313.557    335.693
21   313.557    330.215
22   310.382    324.553
23   304.454    320.608
24   303.169    313.525
25   298.624    309.43
26   294.13    306.608
27   292.799    303.69
28   290.231    301.599
29   289.701    297.488
30   289.701    296.552
31   287.473    293.913
32   282.532    291.464
33   279.085    290.411
34   277.836    287.22
35   272.126    284.44
36   271.596    281.727
37   264.523    277.637
38   264.026    274.525
39   264.026    273.054
40   261.443    270.906
41   261.377    268.638
42   258.89    266.404
43   252.367    264.636
44   249.379    262.069
45   249.301    260.744
46   242.325    257.537
47   241.612    255.505
48   241.612    253.084
49   241.612    250.799
50   236.359    248.472
51   236.359    246.38
52   235.971    245.457
53   231.625    243.335
54   230.737    242.292
55   228.387    240.521
56   228.387    239.203
57   227.037    236.83
58   227.037    237.894
59   226.116    236.07
60   226.116    234.643
61   224.606    232.57
62   221.495    234.011
63   217.068    232.032
64   213.908    229.912
65   213.535    225.852
66   212.432    222.995
67   209.556    221.891
68   208.368    219.508
69   208.368    217.538
70   208.368    216.229
71   208.368    214.675
72   207.916    214.467
73   204.577    216.287
74   204.577    214.797
75   202.882    213.043
76   202.267    210.68
77   201.523    207.621
78   197.103    205.353
79   194.211    203.261
80   193.519    202.011
81   190.662    200.268
82   190.662    197.929
83   190.098    196.462
84   187.079    194.24
85   186.18    193.481
86   186.18    190.649
87   186.18    190.195
88   186.18    189.225
89   185.648    188.732
90   185.205    189.433
91   184.452    189.08
92   182.429    189.229
93   181.846    189.317
94   181.846    187.641
95   181.846    186.353
96   177.946    186.471
97   177.784    185.57
98   176.207    183.475
99   173.881    182.518
100   173.881    180.731
101   173.881    180.146
102   173.881    179.561
103   172.807    178.426
104   172.608    177.644
105   172.608    178.337
106   172.347    177.097
107   169.404    176.071
108   167.85    176.046
109   167.85    175.929
110   166.996    174.654
111   166.996    173.631
112   164.217    174.012
113   162.275    173.679
114   162.275    173.757
115   162.275    172.624
116   162.275    171.157
117   162.275    169.165
118   160.158    165.461
119   160.158    164.648
120   160.158    163.794
121   159.181    164.48
122   159.181    164.093
123   158.966    164.344
124   158.278    163.906
125   157.434    164.909
126   157.434    164.388
127   155.532    163.285
128   155.262    164.048
129   155.262    163.663
130   150.459    162.35
131   150.459    159.593
132   150.362    159.018
133   149.304    156.218
134   149.304    153.949
135   149.304    153.663
136   149.304    153.441
137   149.304    153.525
138   149.126    153.017
139   148.999    154.663
140   148.999    157.099
141   148.548    155.4
142   148.548    156.745
143   145.099    154.8
144   145.099    153.456
145   144.217    153.537
146   144.217    153.711
147   143.824    152.517
148   143.536    150.248
149   143.105    148.684
150   143.105    147.015
151   141.305    147.79
152   141.305    146.162
153   140.843    145.733
154   140.809    146.295
155   139.886    146.47
156   139.216    145.531
157   139.216    146.055
158   139.118    144.306
159   138.287    143.117
160   137.934    143.027
161   137.934    142.46
162   137.555    141.273
163   137.555    141.222
164   137.126    140.349
165   137.126    141.364
166   136.462    142.147
167   135.882    143.136
168   135.882    142.968
169   135.882    141.454
170   135.882    142.623
171   135.882    141.153
172   135.09    142.344
173   135.09    140.006
174   135.09    140.432
175   135.09    138.936
176   135.09    139.369
177   135.09    137.817
178   135.09    138.619
179   133.975    139.387
180   133.975    138.954
181   133.521    138.023
182   133.317    138.321
183   133.317    137.604
184   133.317    137.481
185   131.384    135.653
186   131.384    136.385
187   131.013    138.563
188   131.013    138.747
189   131.013    138.033
190   125.231    138.873
191   125.231    137.786
192   125.231    135.86
193   124.882    134.729
194   124.7    133.144
195   124.7    132.511
196   124.609    131.387
197   124.428    130.191
198   124.262    129.352
199   124.262    127.917
200   124.262    128.302
201   124.262    128.379
202   124.262    127.561
203   123.452    127.68
204   122.211    127.155
205   122.211    128.047
206   122.211    126.262
207   122.211    126.162
208   122.211    126.616
209   122.211    126.439
210   122.12    126.279
211   122.12    126.418
212   122.12    124.591
213   122.023    124.476
214   122.12    126.322
215   121.922    125.65
216   121.795    127.539
217   120.943    128.237
218   120.918    126.78
219   120.494    126.204
220   119.292    126.273
221   118.567    125.938
222   118.567    124.546
223   118.567    123.431
224   118.567    123.892
225   118.567    124.804
226   118.567    126.569
227   118.567    126.046
228   118.567    126.277
229   117.927    128.476
230   117.927    127.147
231   117.875    124.868
232   116.644    125.899
233   116.644    126.815
234   116.644    126.158
235   115.919    127.596
236   115.63    127.679
237   115.63    126.56
238   115.63    128.235
239   115.63    127.675
240   115.63    123.226
241   114.87    121.896
242   114.398    119.586
243   114.398    117.65
244   114.398    117.032
245   114.398    117.245
246   114.398    118.693
247   114.398    116.994
248   114.398    116.563
249   114.398    116.214
250   114.398    116.398
251   114.398    116.481
252   114.398    117.329
253   113.469    118.312
254   113.469    118.271
255   113.469    118.079
256   112.904    118.415
257   112.904    117.092
258   112.516    116.025
259   112.494    115.934
260   112.494    116.851
261   112.494    115.727
262   112.494    114.272
263   112.457    115.049
264   112.435    115.509
265   112.435    114.978
266   112.366    115.336
267   112.176    115.445
268   112.176    114.082
269   111.549    115.02
270   111.549    114.07
271   111.371    115.032
272   111.371    115.324
273   111.371    116.093
274   111.371    119.036
275   111.371    122.175
276   110.178    121.233
277   110.178    121.57
278   110.178    121.554
279   110.178    120.141
280   109.6    120.246
281   109.6    121.672
282   109.6    120.268
283   109.6    120.54
284   109.6    121.278
285   109.6    121.549
286   109.6    119.353
287   109.6    119.883
288   109.6    116.713
289   108.965    115.869
290   108.965    116.53
291   108.965    117.334
292   108.965    116.553
293   108.965    117.462
294   108.965    118.041
295   108.965    115.46
296   108.965    116.412
297   108.813    114.191
298   108.813    115.494
299   107.699    115.476
300   107.699    115.775
301   107.699    115.278
302   107.598    113.805
303   107.547    112.749
304   106.556    112.328
305   106.556    112.977
306   106.556    113.747
307   106.556    111.442
308   106.556    111.361
309   106.556    110.023
310   106.556    109.737
311   106.556    109.928
312   106.556    110.014
313   105.563    110.687
314   105.11    109.925
315   104.954    109.058
316   104.954    108.732
317   104.501    108.752
318   104.501    108.652
319   104.501    108.434
320   103.733    106.945
321   103.733    106.966
322   103.733    106.291
323   103.733    105.209
324   103.733    105.302
325   102.485    105.69
326   102.019    105.429
327   101.934    106.328
328   101.934    105.694
329   101.934    105.29
330   101.934    105.362
331   101.934    105.444
332   101.216    104.221
333   101.216    104.499
334   101.216    106.211
335   101.216    104.094
336   101.216    104.607
337   101.216    104.055
338   101.216    102.683
339   101.216    102.045
340   101.216    102.361
341   101.216    103.192
342   101.216    103.042
343   101.216    104.359
344   101.216    103.851
345   101.216    102.627
346   101.216    102.578
347   101.216    102.999
348   101.115    102.509
349   100.841    103.127
350   100.58    103.59
351   100.58    105.059
352   100.205    105.092
353   100.205    104.661
354   100.205    104.601
355   100.205    103.773
356   100.205    102.852
357   100.205    102.802
358   100.205    102.633
359   100.205    102.532
360   100.205    103.035
361   100.205    104.276
362   100.205    104.07
363   100.205    103.753
364   100.186    103.997
365   100.186    105.006
366   99.7711    105.761
367   99.7711    104.828
368   99.7529    102.81
369   99.7529    103.353
370   99.6093    104.054
371   99.5143    104.216
372   99.3707    102.67
373   99.3182    102.209
374   99.3182    103.421
375   98.9817    102.943
376   98.9817    102.956
377   98.9817    102.345
378   98.9817    103.543
379   98.9817    102.936
380   98.9817    102.87
381   98.9817    103.367
382   98.9817    101.947
383   98.9817    100.738
384   98.2161    101.07
385   98.2161    100.925
386   98.2161    100.992
387   98.1201    100.484
388   98.1201    100.197
389   97.8565    100.421
390   97.8565    100.228
391   97.8565    100.835
392   97.8565    101.733
393   97.8565    101.858
394   97.1989    104.009
395   97.1989    101.573
396   94.7031    102.907
397   94.7031    103.981
398   94.7031    101.484
399   94.3396    100.835
400   94.3396    101.488
401   94.3396    101.759
402   94.3396    100.724
403   94.3396    99.6766
404   94.3396    98.2435
405   94.3396    97.9604
406   94.3396    97.3783
407   94.3396    99.3293
408   94.3396    98.2558
409   91.5014    99.9717
410   91.5014    97.9545
411   91.5014    96.5488
412   91.5014    95.9784
413   91.5014    94.9946
414   91.5014    96.0527
415   91.5014    97.052
416   91.2435    95.8473
417   91.2435    95.1563
418   91.178    96.4781
419   91.178    97.672
420   91.178    96.5813
421   90.9173    96.1635
422   90.8518    94.841
423   90.8518    93.5648
424   90.1598    94.297
425   90.1598    94.9633
426   89.6892    93.3455
427   89.6892    94.0151
428   89.6892    93.4269
429   89.6892    94.4586
430   89.6892    94.1297
431   89.4971    92.9106
432   89.4971    92.9629
433   89.4971    94.1765
434   89.4971    91.126
435   89.3589    92.2111
436   88.8846    93.0568
437   88.8846    92.7599
438   88.8846    92.7582
439   88.8846    92.3571
440   88.8846    93.7078
441   88.8846    93.2818
442   88.8846    92.5687
443   88.8846    92.4428
444   88.8846    92.5725
445   88.6456    91.5096
446   88.6456    90.8859
447   88.6456    90.9002
448   88.6456    92.4484
449   88.6456    92.5826
450   88.6456    92.6115
451   88.6456    91.2647
452   88.6175    91.3402
453   88.6175    91.8695
454   88.413    93.2934
455   88.413    91.3074
456   87.9911    94.0124
457   87.9911    92.2912
458   87.9911    91.6608
459   87.9911    90.6234
460   87.9911    90.3472
461   87.8703    89.7262
462   87.8703    89.2215
463   87.8703    89.703
464   87.8703    91.3185
465   87.813    92.5022
466   87.813    90.1824
467   87.5286    89.9437
468   87.4712    92.5663
469   87.4712    92.1727
470   87.4712    92.2309
471   87.4712    93.2585
472   87.4712    90.9206
473   87.4712    91.3235
474   87.4712    91.0687
475   87.4712    90.721
476   87.4712    90.1198
477   87.4712    90.4165
478   87.4712    90.055
479   87.4712    90.1464
480   87.4712    89.4287
481   87.4712    89.8533
482   87.4712    91.8596
483   87.4712    91.2164
484   87.4712    91.5868
485   87.4712    89.9232
486   87.4202    89.6994
487   87.4202    88.7002
488   87.4202    90.5707
489   87.4202    90.5326
490   86.5752    90.4244
491   86.5752    91.8827
492   86.5752    92.8392
493   86.5752    92.3083
494   86.5752    92.1636
495   86.5752    90.4808
496   86.5752    89.9315
497   86.5752    89.3977
498   86.5752    88.9769
499   86.5752    89.7239
500   86.5752    90.4563
501   86.5752    90.0302
502   86.5752    90.3114
503   86.5752    89.5276
504   86.5752    89.2965
505   86.5752    89.2225
506   86.5752    90.5399
507   86.5752    91.5662
508   86.5752    90.8094
509   86.5752    90.997
510   86.5752    90.3729
511   85.6792    89.2513
512   85.6792    89.6327
513   85.6792    88.5838
514   85.632    90.0926
515   85.632    87.6632
516   85.3417    87.9266
517   85.3417    87.7116
518   85.3417    87.2263
519   85.3417    87.3518
520   84.9198    87.4852
521   84.9198    87.3733
522   84.6446    87.813
523   84.5714    88.0507
524   84.5714    88.9062
525   84.5714    89.4428
526   84.5714    88.8294
527   84.5714    89.4296
528   84.5714    89.4858
529   84.2598    89.9368
530   84.2598    91.2233
531   84.2598    88.8161
532   84.2598    86.5022
533   83.9308    86.5361
534   83.9308    86.8813
535   83.9308    87.3412
536   83.3066    87.227
537   83.3066    87.2461
538   83.3066    86.7551
539   83.3066    86.7759
540   83.3066    86.8671
541   83.3066    86.8882
542   83.3066    88.1611
543   83.3066    87.6623
544   83.3066    85.7909
545   83.3066    86.1211
546   83.3066    85.9225
547   83.3066    85.1478
548   83.3066    84.4097
549   83.2885    86.1462
550   83.2885    85.1725
551   83.2885    84.5105
552   83.2885    84.6981
553   83.2885    86.1017
554   83.2885    86.5659
555   83.2885    85.1809
556   83.2885    85.2753
557   83.2885    85.7095
558   83.2885    84.7641
559   83.2885    85.0212
560   83.2885    86.4493
561   83.2885    85.7861
562   83.2885    84.4841
563   83.2885    83.7914
564   83.2885    84.4429
565   83.2885    85.4392
566   83.2885    85.9025
567   83.2885    86.8522
568   83.2885    87.6673
569   83.2885    88.0529
570   83.2885    86.9808
571   82.2705    86.9085
572   82.2705    86.0666
573   82.2705    87.3897
574   82.2705    84.3064
575   82.2705    84.4497
576   82.2705    84.8604
577   82.2705    85.0682
578   81.8392    86.0668
579   81.8392    85.596
580   81.8392    86.1077
581   81.8392    85.9823
582   81.8392    85.4669
583   81.8392    85.6919
584   81.8392    84.3753
585   81.8392    84.5057
586   81.8392    84.4749
587   81.8392    84.1084
588   81.8392    84.8413
589   81.8392    83.0712
590   81.4737    83.3774
591   81.4737    83.3476
592   81.4727    82.5911
593   81.2966    83.5376
594   80.9172    84.0106
595   80.9172    84.0496
596   80.9172    83.8402
597   80.9172    83.777
598   80.9172    82.9191
599   80.9172    82.6228
600   80.9172    82.9424
601   80.9172    84.4033
602   80.1384    84.1216
603   80.1384    84.5036
604   80.1384    84.5277
605   80.1384    83.9996
606   80.1384    84.767
607   80.1384    85.8181
608   80.1384    84.6522
609   80.1384    84.0053
610   80.1384    83.4152
611   80.1384    84.7954
612   80.1384    84.2795
613   80.1384    84.5522
614   80.1384    83.3393
615   80.1384    82.9059
616   80.1384    83.1409
617   80.1384    82.1985
618   80.1384    81.9337
619   80.1384    82.0867
620   80.1384    82.0109
621   79.9098    80.9815
622   79.9098    82.0458
623   79.6894    81.8103
624   79.6894    82.2846
625   79.6894    81.9702
626   79.6894    82.9858
627   79.6894    82.8289
628   79.6894    83.248
629   79.6894    84.318
630   79.6894    84.0372
631   79.6894    83.7938
632   79.6894    85.1423
633   79.6894    84.6623
634   79.6894    84.9905
635   79.6894    83.219
636   79.6894    81.5309
637   79.6894    81.7618
638   79.6894    82.2251
639   79.6894    81.7224
640   79.6894    82.4641
641   79.6894    84.171
642   79.6894    82.4414
643   79.6894    81.666
644   79.6894    81.7995
645   79.6894    81.9682
646   79.6894    83.5019
647   79.6894    83.0328
648   79.6894    84.2046
649   79.6894    83.5413
650   79.6894    84.166
651   79.6894    83.3614
652   79.6894    82.4059
653   79.6894    80.8806
654   79.6894    81.0247
655   79.6894    81.6062
656   79.6894    81.2293
657   79.6894    81.5308
658   79.6894    80.9805
659   79.6894    81.6553
660   79.6894    82.7176
661   79.6894    81.7067
662   79.6894    81.8874
663   79.1933    83.2057
664   79.1933    81.5911
665   79.1933    82.3424
666   79.1933    81.5227
667   79.1933    80.9504
668   79.1933    80.4084
669   79.1933    80.2386
670   79.1933    81.7003
671   79.1933    81.7841
672   79.1745    82.1175
673   79.1745    81.1212
674   79.1745    82.1335
675   79.1745    81.2352
676   79.1745    82.7363
677   79.1745    83.8003
678   79.1745    83.6159
679   79.1745    82.2314
680   79.1745    81.7116
681   79.1745    83.4103
682   79.1745    83.2208
683   79.1745    83.3186
684   79.1745    84.7841
685   79.1745    82.4914
686   79.1745    82.6002
687   79.1745    81.9882
688   79.1745    82.2047
689   79.1745    83.9203
690   79.1745    83.6237
691   79.1745    84.4684
692   79.1745    83.3794
693   79.1745    81.4535
694   79.1745    82.8192
695   79.1745    82.9134
696   79.1745    83.1721
697   79.1745    82.2094
698   79.1745    81.6099
699   79.1745    81.1625
700   79.1745    82.6375
701   79.1745    82.5982
702   79.1745    83.3515
703   79.1745    82.2277
704   79.1745    82.0454
705   79.1745    81.4683
706   79.1745    82.0182
707   79.1745    82.2822
708   79.1745    84.3879
709   79.1745    82.2025
710   79.1745    81.3936
711   79.1745    81.4468
712   79.1745    81.1759
713   79.1745    81.2259
714   79.1745    82.762
715   79.1745    81.7148
716   79.1745    81.7264
717   79.1745    82.4098
718   79.1745    82.794
719   79.1745    81.7712
720   79.1745    81.4047
721   79.1745    82.2358
722   79.1745    82.1683
723   79.1745    81.8037
724   79.1745    82.4
725   79.1745    81.9358
726   79.1745    81.8283
727   79.1745    81.1784
728   79.1745    80.6967
729   79.1745    82.5501
730   79.1745    80.0345
731   79.1745    81.3197
732   79.1745    80.6968
733   79.1745    81.8077
734   78.9021    81.4723
735   78.9021    81.8563
736   78.9021    81.247
737   78.9021    81.5339
738   78.9021    81.5946
739   78.9021    81.379
740   78.9021    82.6125
741   78.9021    82.4121
742   78.9021    81.6378
743   78.9021    81.8544
744   78.9021    81.3674
745   78.9021    81.1239
746   78.9021    81.545
747   78.9021    80.8167
748   78.9021    81.6511
749   78.9021    82.8718
750   78.9021    81.547
751   78.9021    80.8166
752   78.9021    80.8678
753   78.9021    80.3325
754   78.9021    80.1907
755   78.9021    80.2626
756   78.9021    79.8273
757   78.9021    82.0437
758   78.8954    80.6357
759   78.8954    81.6023
760   78.8954    82.9911
761   78.8954    82.5862
762   78.8954    83.7118
763   78.8954    82.8599
764   78.8954    81.5461
765   78.8954    81.5059
766   78.8954    82.5938
767   78.7209    81.6671
768   78.7209    81.2681
769   78.7209    80.9473
770   78.7209    81.2237
771   78.7209    81.7242
772   78.7209    82.1575
773   78.7209    81.606
774   78.7209    84.4795
775   78.7209    83.9715
776   78.7209    84.207
777   78.7209    84.805
778   78.7209    84.4478
779   78.7209    82.0004
780   78.7209    82.8177
781   78.7209    81.8019
782   78.7209    81.7294
783   78.7209    81.5908
784   78.7209    82.1585
785   78.7209    82.3043
786   78.7209    81.4628
787   78.7209    82.8958
788   78.7209    83.9527
789   78.7209    83.9309
790   78.7209    82.9432
791   78.7209    82.9458
792   78.5475    84.0057
793   78.5475    83.7993
794   78.5475    83.8179
795   78.5475    84.9837
796   78.5475    83.7898
797   78.0765    83.2956
798   78.0765    82.9972
799   78.0765    81.5319
800   78.0765    82.565
801   78.0765    81.4963
802   78.0765    82.2712
803   78.0765    81.0032
804   78.0765    82.427
805   78.0765    82.7064
806   78.0765    81.7948
807   78.0765    83.7527
808   78.0765    81.1401
809   78.0765    82.6115
810   78.0765    81.832
811   78.0765    80.3607
812   78.0765    79.0303
813   78.0765    81.1399
814   78.0765    79.6131
815   78.0765    79.1921
816   78.0765    79.8883
817   78.0765    80.7733
818   78.0765    81.2602
819   78.0765    79.9244
820   78.0765    80.3965
821   78.0765    82.8168
822   78.0765    81.6748
823   77.7518    83.4249
824   77.7518    82.3215
825   77.7518    82.0087
826   77.7518    83.8913
827   77.7518    82.2638
828   77.7518    81.0904
829   77.7518    79.4443
830   77.7518    79.1496
831   77.7518    80.3114
832   77.7518    79.8178
833   77.7518    79.1909
834   77.7518    80.2879
835   77.7518    80.5954
836   77.7518    80.9698
837   77.7518    81.9783
838   77.7518    80.5262
839   77.7518    78.9645
840   77.7518    79.7034
841   77.7518    79.6055
842   77.7518    82.3325
843   77.7518    80.5601
844   77.7518    79.4455
845   77.7518    80.0863
846   77.7518    79.9221
847   77.7518    79.8958
848   77.7518    81.9869
849   77.7518    81.0655
850   77.7518    82.7955
851   77.7518    80.7664
852   77.7518    80.3439
853   77.7518    81.0825
854   77.7518    80.4561
855   77.7518    81.6479
856   77.7518    81.7187
857   77.7518    81.8274
858   77.7518    81.5579
859   77.7518    83.3318
860   77.6949    85.1945
861   77.6949    82.1785
862   77.6949    82.8673
863   77.6949    80.9289
864   77.6949    80.5336
865   77.6949    81.0952
866   77.6949    80.4922
867   77.6949    79.9792
868   77.6949    80.9714
869   77.6949    82.3477
870   77.6949    82.6997
871   77.6949    80.5536
872   77.5294    80.5029
873   77.5294    80.4858
874   77.5294    80.5589
875   77.5294    82.8514
876   77.5294    81.4363
877   77.5294    82.4775
878   77.5294    80.5635
879   77.5294    80.9492
880   77.5294    81.473
881   77.5294    81.488
882   77.5294    81.755
883   77.5294    80.8259
884   77.5294    79.6046
885   77.5294    80.1589
886   77.5294    80.6592
887   77.5294    80.3405
888   77.5294    78.999
889   77.5294    80.5232
890   77.5294    79.7913
891   77.5294    80.9672
892   77.5294    80.9067
893   77.5294    80.081
894   77.5294    80.2511
895   77.5294    82.631
896   77.5294    81.1582
897   77.5294    81.777
898   77.4795    79.6646
899   77.4795    78.2042
900   77.4795    79.6133
901   77.4031    81.6079
902   77.4031    82.7147
903   77.4031    81.9444
904   77.4031    81.4101
905   77.4031    81.3082
906   77.4031    81.5927
907   77.4031    82.4465
908   77.4031    80.6984
909   77.4031    81.7379
910   77.4031    81.7467
911   77.4031    81.3206
912   77.4031    82.045
913   77.2942    81.5037
914   77.2942    81.0283
915   77.2942    80.1835
916   77.2942    79.2144
917   77.2942    79.5099
918   77.2942    80.3478
919   77.2942    81.0992
920   77.2942    79.7877
921   77.2942    80.9434
922   77.2942    80.8958
923   77.2942    81.0717
924   77.2942    80.0991
925   77.2942    80.0804
926   77.2942    82.8539
927   77.2942    81.5467
928   77.2942    79.9785
929   77.2942    79.5309
930   77.2942    80.3252
931   77.2942    80.0202
932   77.2942    79.7194
933   77.2942    81.2978
934   77.2942    78.9869
935   77.2942    80.3518
936   77.2942    80.013
937   77.2942    79.2246
938   77.2942    80.3692
939   77.2942    81.405
940   77.2942    78.8147
941   77.2942    80.3464
942   77.2942    78.872
943   77.2942    78.4569
944   77.2942    80.1266
945   77.2942    79.9363
946   77.2942    78.4989
947   77.2942    78.6657
948   77.2942    80.3046
949   77.2942    80.6747
950   77.2942    81.8128
951   77.2942    82.6045
952   77.2942    81.9528
953   77.2942    81.3529
954   77.2942    81.8369
955   77.2942    79.969
956   77.2942    81.3606
957   77.2942    82.5942
958   77.2942    82.1209
959   76.9076    83.4799
960   76.9076    81.0709
961   76.9076    79.8309
962   76.9076    78.9064
963   76.9076    79.966
964   76.9076    79.4222
965   76.9076    79.8226
966   76.9076    79.4533
967   76.9076    78.501
968   76.9076    78.8605
969   76.9076    79.2995
970   76.9076    78.4475
971   76.9076    79.235
972   76.9076    78.2517
973   76.9076    79.8292
974   76.846    78.9678
975   76.846    78.6539
976   76.846    79.2198
977   76.846    79.3461
978   76.846    79.5812
979   76.846    78.8225
980   76.846    81.1649
981   76.846    82.0602
982   76.846    81.8527
983   76.846    83.5976
984   76.846    82.1113
985   76.846    80.0976
986   76.846    78.8916
987   76.8328    78.6987
988   76.8328    78.9148
989   76.8328    79.8624
990   76.8328    79.9356
991   76.8328    79.4816
992   76.8328    78.9292
993   76.8328    79.62
994   76.8328    79.6721
995   76.8328    78.6346
996   76.8328    80.3539
997   76.466    79.5809
998   76.466    80.0765
999   76.466    79.5766
1000   76.466    78.9226
1001   76.466    80.0257
1002   76.466    80.1356
1003   76.466    80.6298
1004   76.466    79.974
1005   76.466    78.1556
1006   76.466    78.136
1007   76.466    79.7842
1008   76.466    78.493
1009   76.466    78.1792
1010   76.466    79.086
1011   76.466    77.6559
1012   76.466    78.2957
1013   76.466    77.3622
1014   76.466    77.5731
1015   76.466    77.038
1016   76.466    77.7996
1017   76.466    78.9578
1018   76.466    80.0717
1019   76.466    79.1746
1020   76.466    79.5074
1021   76.466    79.9977
1022   76.466    80.3759
1023   76.4536    80.0889
1024   76.4536    80.0022
1025   76.4536    80.397
1026   76.4536    79.6502
1027   76.3197    79.3707
1028   76.3197    81.0257
1029   76.3197    80.7095
1030   76.3197    80.3898
1031   76.3197    78.9302
1032   76.3197    79.0789
1033   76.3197    78.1471
1034   76.3197    78.952
1035   76.3197    78.4423
1036   75.9003    79.5062
1037   75.9003    79.6077
1038   75.9003    79.2549
1039   75.9003    78.5582
1040   75.9003    80.4314
1041   75.9003    81.1269
1042   75.9003    81.1023
1043   75.9003    80.0011
1044   75.9003    81.7996
1045   75.9003    82.6564
1046   75.9003    79.8364
1047   75.9003    78.4193
1048   75.9003    78.5373
1049   75.9003    79.5235
1050   75.9003    81.1459
1051   75.9003    79.0797
1052   75.9003    77.8735
1053   75.9003    78.5678
1054   75.9003    76.9699
1055   75.9003    76.7306
1056   75.9003    76.7016
1057   75.9003    77.9322
1058   75.9003    76.4331
1059   75.9003    78.6212
1060   75.9003    77.774
1061   75.9003    77.3547
1062   75.9003    79.8683
1063   75.9003    78.2158
1064   75.9003    78.9466
1065   75.9003    79.5353
1066   75.9003    78.9921
1067   75.9003    78.1259
1068   75.9003    78.9931
1069   75.9003    79.3422
1070   75.9003    77.1468
1071   75.9003    76.877
1072   75.9003    76.9631
1073   75.9003    77.9346
1074   75.9003    78.942
1075   75.9003    79.7925
1076   75.9003    80.2775
1077   75.89    80.1358
1078   75.89    80.018
1079   75.89    81.3368
1080   75.89    80.9109
1081   75.89    81.1595
1082   75.89    78.1926
1083   75.89    77.3373
1084   75.89    78.6098
1085   75.89    78.094
1086   75.89    78.9359
1087   75.6657    78.5404
1088   75.6657    78.5984
1089   75.2565    77.9361
1090   75.2565    78.1029
1091   75.2565    78.2975
1092   75.2565    78.3317
1093   75.2565    77.13
1094   75.2565    77.6175
1095   75.2565    77.9022
1096   75.2565    78.4967
1097   75.2565    78.5973
1098   75.2565    76.9355
1099   75.2565    77.5746
1100   75.2565    78.3185
1101   75.2565    77.1238
1102   75.2565    77.5269
1103   75.2565    77.8277
1104   75.2565    77.6149
1105   75.2565    77.8087
1106   75.2565    76.695
1107   75.2565    76.5277
1108   75.2565    77.6519
1109   75.2565    77.8866
1110   75.2565    76.9339
1111   75.2565    75.8376
1112   75.2565    75.9138
1113   75.2565    77.4048
1114   75.2565    79.527
1115   75.2565    79.4106
1116   75.2565    80.1724
1117   75.2565    78.8709
1118   75.2565    78.0457
1119   75.2565    80.4444
1120   75.2565    78.5125
1121   75.2565    77.7769
1122   75.2565    78.1916
1123   75.2565    78.5864
1124   75.2565    81.1369
1125   75.2565    80.1142
1126   75.2565    81.6469
1127   75.2565    79.8111
1128   75.2565    78.9781
1129   75.2565    79.3779
1130   75.2565    80.0584
1131   75.2565    78.2258
1132   75.2565    78.8613
1133   75.2565    78.9822
1134   75.2565    78.083
1135   75.2565    78.0642
1136   75.2565    77.8392
1137   75.2565    77.5988
1138   75.2565    77.6614
1139   75.2565    78.2736
1140   75.2565    79.6428
1141   75.2565    79.5647
1142   75.2565    78.8341
1143   75.2565    78.853
1144   75.2565    78.7814
1145   75.2565    78.3105
1146   75.2565    78.1553
1147   75.2565    77.4585
1148   75.2565    77.5376
1149   75.2565    78.4231
1150   75.2565    78.6182
1151   75.2565    78.6084
1152   75.2565    79.2313
1153   75.2565    80.7357
1154   75.2565    79.5317
1155   75.2565    78.1867
1156   75.2565    78.7392
1157   75.2565    78.1404
1158   75.2565    79.1997
1159   75.2565    80.2708
1160   75.2565    80.9834
1161   75.2565    80.3021
1162   75.2565    78.5194
1163   75.2565    78.0016
1164   75.2565    79.1075
1165   75.2565    80.8497
1166   75.2565    79.9611
1167   75.2565    78.7553
1168   75.2565    78.0061
1169   75.2565    78.9677
1170   74.821    77.182
1171   74.821    76.142
1172   74.0464    76.9557
1173   74.0464    76.4129
1174   74.0464    77.9724
1175   74.0464    77.6158
1176   74.0464    77.8054
1177   74.0464    77.4028
1178   74.0464    77.9918
1179   74.0464    79.3425
1180   74.0464    77.9838
1181   74.0464    77.2968
1182   74.0464    77.1034
1183   74.0464    78.2715
1184   73.9911    77.2007
1185   73.9911    76.915
1186   73.9911    76.3206
1187   73.9911    75.6376
1188   73.9911    76.1895
1189   73.9911    77.4275
1190   73.9911    77.1145
1191   73.9911    77.8814
1192   73.9911    76.7149
1193   73.9911    76.1093
1194   73.9911    76.7891
1195   73.9911    76.8221
1196   73.9911    77.6353
1197   73.9911    77.9592
1198   73.9911    78.8823
1199   73.9911    78.931
1200   73.9911    77.7911
1201   73.9911    79.197
1202   73.9911    78.3326
1203   73.9911    78.0877
1204   73.9911    79.4308
1205   73.9911    81.2484
1206   73.9911    79.7706
1207   73.9911    79.6522
1208   73.9911    77.5931
1209   73.9911    77.5555
1210   73.9911    77.6759
1211   73.9911    76.9449
1212   73.9911    77.2074
1213   73.9911    77.4974
1214   73.9911    78.6507
1215   73.9911    77.9008
1216   73.9911    79.2045
1217   73.9911    77.4918
1218   73.9911    77.956
1219   73.9911    76.3546
1220   73.9911    78.1577
1221   73.9911    77.0337
1222   73.9911    77.0677
1223   73.9911    76.9541
1224   73.9911    76.3685
1225   73.9911    77.5138
1226   73.9911    76.3895
1227   73.9911    75.9534
1228   73.9911    76.0772
1229   73.9911    77.789
1230   73.9911    78.2711
1231   73.9911    77.7533
1232   73.9911    78.6842
1233   73.9911    77.9134
1234   73.9911    78.9867
1235   73.9911    78.1249
1236   73.9911    79.2266
1237   73.9911    78.6537
1238   73.9911    79.2215
1239   73.9911    79.4376
1240   73.9911    79.3165
1241   73.9911    76.8028
1242   73.9911    75.6837
1243   73.9911    76.8578
1244   73.9911    78.5883
1245   73.9911    77.7725
1246   73.5814    78.3909
1247   73.5814    79.3727
1248   73.5814    79.2254
1249   73.5814    78.1012
1250   73.5814    77.2192
1251   73.5814    77.069
1252   73.5814    75.3097
1253   73.5814    77.853
1254   73.5814    77.3424
1255   73.5814    76.4732
1256   73.5814    77.3326
1257   73.5814    76.1625
1258   73.5814    76.5046
1259   73.5814    77.5188
1260   73.5814    76.9188
1261   73.5814    76.5008
1262   73.5814    76.9234
1263   73.5814    77.3081
1264   73.5814    78.1362
1265   73.5814    78.3239
1266   73.5814    75.9273
1267   73.5814    76.2902
1268   73.5814    74.9125
1269   73.5814    75.9513
1270   73.5814    77.1147
1271   73.5814    77.7682
1272   73.5814    78.9864
1273   73.5814    79.0297
1274   73.5814    78.6929
1275   73.5814    77.9727
1276   73.5814    76.9714
1277   73.5814    77.9204
1278   73.5814    75.463
1279   73.2776    76.1608
1280   73.2776    76.0413
1281   73.2776    76.4334
1282   73.2776    78.9315
1283   73.2776    77.6636
1284   73.2776    77.5264
1285   73.2776    77.1105
1286   73.2776    77.2241
1287   73.2776    76.7539
1288   73.2776    76.0331
1289   73.2776    76.5927
1290   73.2776    76.1071
1291   73.2776    75.6675
1292   73.2776    75.525
1293   73.2776    76.4474
1294   73.2776    78.1683
1295   73.2776    75.3661
1296   73.2776    75.8206
1297   73.2776    75.4535
1298   73.2776    76.0194
1299   73.2776    75.5118
1300   73.2776    76.8031
1301   73.2776    77.6466
1302   73.2776    76.4747
1303   73.2776    76.2597
1304   73.2776    75.1426
1305   73.2776    77.8474
1306   73.2776    76.2095
1307   73.2776    76.7719
1308   73.2776    77.1621
1309   73.2776    75.046
1310   73.2776    75.788
1311   73.2776    75.4392
1312   73.2776    75.1614
1313   73.2776    75.0039
1314   73.2776    74.9065
1315   73.2776    75.0794
1316   73.2776    77.7228
1317   73.2776    76.0531
1318   73.2776    75.7955
1319   73.2776    74.788
1320   73.2776    75.1794
1321   73.2776    75.7102
1322   73.2776    76.952
1323   73.2776    76.0221
1324   73.2776    75.3317
1325   73.2776    76.0277
1326   73.2776    76.1363
1327   73.2776    74.6229
1328   73.2776    76.687
1329   73.2776    76.3558
1330   73.2776    76.2813
1331   73.2776    78.6857
1332   73.2776    79.4231
1333   73.2776    77.8835
1334   73.2776    77.9168
1335   73.2776    77.3655
1336   73.2776    76.8373
1337   73.2776    76.0017
1338   73.2776    75.7843
1339   73.2776    75.8814
1340   73.2776    75.6611
1341   73.2776    76.3034
1342   73.2776    76.0376
1343   73.2776    76.8314
1344   73.2776    77.193
1345   73.2776    76.2227
1346   73.2776    76.0307
1347   73.2776    76.6747
1348   73.2776    75.6561
1349   73.2776    75.7291
1350   73.2776    75.0048
1351   73.2776    74.8516
1352   73.2776    75.3423
1353   73.2776    74.7022
1354   73.2776    74.443
1355   73.2776    74.4006
1356   73.2776    75.6392
1357   73.2776    75.8467
1358   73.2776    77.3223
1359   73.2776    76.6447
1360   73.2776    76.3906
1361   73.2776    77.0731
1362   73.2776    76.4853
1363   73.2776    76.453
1364   73.2776    74.9868
1365   73.2776    75.5752
1366   73.2776    75.6268
1367   73.2776    75.5873
1368   73.2776    75.5625
1369   73.2776    75.8414
1370   73.2776    75.2873
1371   73.0808    77.1459
1372   73.0808    76.2621
1373   73.0808    75.6924
1374   73.0808    77.7175
1375   73.0808    77.6195
1376   73.0808    76.3985
1377   73.0808    76.6282
1378   73.0808    76.0185
1379   73.0808    77.3577
1380   73.0808    77.5335
1381   73.0808    76.8418
1382   73.0808    77.1859
1383   73.0808    77.5268
1384   73.0808    75.5927
1385   73.0808    75.9867
1386   73.0808    76.0814
1387   73.0808    76.1335
1388   73.0808    78.18
1389   73.0808    77.4903
1390   73.0808    77.0944
1391   73.0808    75.7447
1392   73.0808    75.6841
1393   73.0808    75.6715
1394   73.0808    74.8538
1395   73.0808    75.2312
1396   73.0808    75.3506
1397   73.0808    75.7404
1398   73.0808    75.4056
1399   73.0808    75.8645
1400   73.0808    75.7615
1401   73.0808    76.8676
1402   73.0808    76.8207
1403   73.0808    76.2646
1404   73.0808    75.4656
1405   73.0808    74.2577
1406   73.0808    74.7951
1407   73.0808    74.9799
1408   73.0808    75.816
1409   73.0808    76.7427
1410   73.0808    76.3622
1411   73.0808    77.0984
1412   73.0808    78.0899
1413   73.0808    77.6714
1414   73.0808    77.5338
1415   73.0808    78.4264
1416   73.0808    77.7859
1417   73.0808    78.7375
1418   73.0808    77.039
1419   73.0808    76.2482
1420   73.0808    75.3255
1421   73.0808    75.7561
1422   73.0808    77.0242
1423   73.0808    76.6467
1424   73.0808    75.1684
1425   73.0808    74.7436
1426   73.0808    76.4623
1427   73.0808    77.8388
1428   73.0808    77.9703
1429   73.0808    76.3267
1430   73.0808    76.3283
1431   73.0808    76.3055
1432   73.0808    75.8574
1433   73.0808    75.6225
1434   73.0808    75.5674
1435   73.0808    76.3573
1436   73.0808    75.1965
1437   73.0808    76.055
1438   73.0808    76.1438
1439   73.0808    76.7797
1440   73.0808    76.3228
1441   73.0808    76.2558
1442   73.0808    76.2405
1443   73.0808    77.5967
1444   73.0808    76.0953
1445   73.0808    75.6714
1446   73.0808    75.2142
1447   73.0808    75.1201
1448   73.0808    75.0187
1449   73.0808    74.9396
1450   73.0808    74.6043
1451   73.0808    74.2887
1452   73.0808    75.6726
1453   73.0808    76.9607
1454   73.0808    75.8432
1455   73.0808    76.0359
1456   73.0808    77.5076
1457   73.0808    76.5373
1458   73.0808    75.326
1459   73.0808    74.6609
1460   73.0808    75.0304
1461   73.0808    76.4075
1462   73.0808    76.9317
1463   73.0808    75.2847
1464   73.0808    76.7992
1465   73.0808    77.052
1466   73.0808    77.1335
1467   73.0808    77.5867
1468   73.0808    77.2349
1469   73.0808    75.8497
1470   73.0808    76.5432
1471   73.0808    76.8433
1472   73.0808    77.4508
1473   73.0808    77.8591
1474   73.0808    77.7825
1475   73.0808    77.0779
1476   73.0808    78.889
1477   73.0808    76.6348
1478   73.0808    76.5767
1479   73.0808    77.4582
1480   73.0808    76.1653
1481   73.0808    74.9037
1482   73.0808    76.6845
1483   73.0808    78.1863
1484   73.0808    76.0646
1485   73.0808    75.2496
1486   73.0808    77.5285
1487   73.0808    76.3691
1488   73.0808    77.8131
1489   73.0808    77.0874
1490   73.0808    77.7496
1491   73.0808    76.7047
1492   73.0808    76.6512
1493   73.0808    76.1981
1494   73.0808    76.1763
1495   73.0808    76.1181
1496   73.0808    75.7851
1497   73.0808    75.1342
1498   73.0808    75.9207
1499   73.0808    75.1573
1500   73.0808    75.1752
1501   73.0808    75.6332
1502   73.0808    75.6722
1503   73.0808    76.489
1504   73.0808    77.0827
1505   73.0808    76.5717
1506   73.0808    74.8104
1507   72.8536    74.1436
1508   72.8536    73.6264
1509   72.8536    73.6757
1510   72.8536    73.6324
1511   72.8536    73.7025
1512   72.8536    73.5152
1513   72.8536    74.646
1514   72.8536    76.0843
1515   72.8536    76.291
1516   72.8536    76.1247
1517   72.8536    74.5716
1518   72.8536    76.6359
1519   72.8536    76.0929
1520   72.8536    75.5133
1521   72.8536    75.7703
1522   72.8536    75.0083
1523   72.8536    75.2627
1524   72.8536    74.5083
1525   72.8536    74.3532
1526   72.8536    74.5348
1527   72.8536    73.9109
1528   72.8471    75.1188
1529   72.8471    74.2848
1530   72.8471    76.022
1531   72.8471    76.0447
1532   72.8471    75.7044
1533   72.8471    75.4088
1534   72.8471    75.1581
1535   72.8471    74.4326
1536   72.8471    74.5851
1537   72.8471    74.1463
1538   72.8471    73.9592
1539   72.8471    76.2122
1540   72.8471    76.4744
1541   72.8471    76.0781
1542   72.8471    76.2445
1543   72.8471    75.5292
1544   72.8471    76.0288
1545   72.8471    76.3258
1546   72.8471    76.5826
1547   72.8471    78.3977
1548   72.8471    78.7008
1549   72.8471    79.2699
1550   72.8471    78.3596
1551   72.8471    77.5168
1552   72.8471    76.1898
1553   72.8471    76.8156
1554   72.8471    77.7577
1555   72.8471    76.0179
1556   72.8471    76.7604
1557   72.8471    76.9784
1558   72.8471    76.716
1559   72.8471    75.9775
1560   72.8471    76.3441
1561   72.8471    75.7303
1562   72.8471    75.8645
1563   72.8471    75.6912
1564   72.8471    75.6355
1565   72.8471    77.2029
1566   72.8471    77.3791
1567   72.8471    76.0511
1568   72.8471    75.3434
1569   72.8471    77.538
1570   72.8471    78.0289
1571   72.8471    76.5619
1572   72.8471    76.8543
1573   72.8471    77.3144
1574   72.8471    78.7465
1575   72.8471    77.6283
1576   72.8471    76.6004
1577   72.8471    77.111
1578   72.8471    77.5162
1579   72.8471    76.4563
1580   72.8471    75.7921
1581   72.8471    76.3588
1582   72.8471    77.5259
1583   72.8471    77.0969
1584   72.8471    76.6369
1585   72.8471    77.2039
1586   72.8471    77.5054
1587   72.8471    77.3596
1588   72.8471    77.4426
1589   72.8471    75.2545
1590   72.8471    74.8351
1591   72.8471    74.7687
1592   72.8471    75.0384
1593   72.8471    74.7597
1594   72.8471    75.8467
1595   72.8471    76.9941
1596   72.8471    75.2691
1597   72.8471    76.272
1598   72.8471    75.2015
1599   72.8471    77.0025
1600   72.8471    77.5622
1601   72.8471    79.0127
1602   72.8471    78.3618
1603   72.8471    76.9773
1604   72.8471    76.1989
1605   72.8471    74.9356
1606   72.8471    74.6863
1607   72.8471    76.416
1608   72.8471    76.7314
1609   72.8471    76.3154
1610   72.8471    76.8259
1611   72.8471    76.1156
1612   72.8471    73.7232
1613   72.8471    73.7477
1614   72.8471    73.4074
1615   72.8471    76.1881
1616   72.8471    77.0795
1617   72.8471    77.1573
1618   72.8471    75.4142
1619   72.8471    77.3329
1620   72.8471    78.0276
1621   72.8471    77.8209
1622   72.8471    76.4998
1623   72.8471    77.2768
1624   72.8471    76.3069
1625   72.8471    74.7759
1626   72.8471    74.9729
1627   72.8471    76.3541
1628   72.8471    74.2946
1629   72.8471    75.6442
1630   72.8471    76.2255
1631   72.8471    75.4945
1632   72.8471    73.9126
1633   72.8471    74.576
1634   72.8471    74.6847
1635   72.8471    76.6552
1636   72.8471    75.3407
1637   72.8471    75.2627
1638   72.8471    75.1028
1639   72.8471    77.2925
1640   72.8471    76.6921
1641   72.8471    75.2572
1642   72.8471    76.8162
1643   72.8471    77.3833
1644   72.8471    76.5656
1645   72.8471    77.817
1646   72.8471    76.3864
1647   72.8471    77.2487
1648   72.8471    77.1218
1649   72.8471    74.7715
1650   72.8471    75.7635
1651   72.8471    76.0662
1652   72.8471    76.5721
1653   72.8471    76.4939
1654   72.8471    76.0892
1655   72.8471    76.7189
1656   72.8471    75.8224
1657   72.8471    74.8162
1658   72.8471    74.8042
1659   72.8471    75.0617
1660   72.8471    75.7829
1661   72.8471    76.6863
1662   72.8471    76.2923
1663   72.8471    76.7586
1664   72.8471    77.1496
1665   72.8471    75.9901
1666   72.8471    74.5184
1667   72.8471    73.6462
1668   72.8471    73.4102
1669   72.8471    74.0482
1670   72.8471    75.5299
1671   72.8471    75.501
1672   72.8471    75.7528
1673   72.8471    76.5001
1674   72.8471    75.4447
1675   72.8471    76.7197
1676   72.8471    75.895
1677   72.8471    76.62
1678   72.8471    76.2402
1679   72.8471    75.6305
1680   72.8471    74.9349
1681   72.8471    76.2454
1682   72.8471    77.3319
1683   72.8471    78.8917
1684   72.8471    77.2875
1685   72.8471    78.1339
1686   72.8471    77.2294
1687   72.8471    76.0348
1688   72.7327    76.5444
1689   72.7327    77.049
1690   72.7327    77.4027
1691   72.7327    78.0762
1692   72.7327    79.8596
1693   72.7327    78.128
1694   72.7327    76.2968
1695   72.7327    75.1993
1696   72.7327    74.557
1697   72.7327    75.0757
1698   72.7327    74.282
1699   72.7327    74.8728
1700   72.7327    75.3581
1701   72.7327    75.1928
1702   72.7327    74.9298
1703   72.7327    75.1766
1704   72.7327    75.0036
1705   72.7327    75.2467
1706   72.7327    75.7654
1707   72.7327    76.3799
1708   72.7327    77.1739
1709   72.7327    76.8738
1710   72.7327    75.7582
1711   72.7327    75.4739
1712   72.7327    75.3561
1713   72.7327    75.5607
1714   72.7327    75.1753
1715   72.7327    75.1878
1716   72.7327    76.4308
1717   72.7327    76.6534
1718   72.7327    76.9347
1719   72.7327    77.2383
1720   72.7327    76.8637
1721   72.7327    77.3571
1722   72.7327    76.2069
1723   72.7327    75.6176
1724   72.7327    76.682
1725   72.7327    75.0088
1726   72.7327    75.1733
1727   72.7327    74.6855
1728   72.7327    73.4248
1729   72.7327    74.4869
1730   72.7327    74.4222
1731   72.7327    76.1905
1732   72.7327    76.0126
1733   72.7327    75.8501
1734   72.7327    75.7851
1735   72.7327    74.5934
1736   72.7327    75.4964
1737   72.7327    76.067
1738   72.7327    76.6333
1739   72.7327    78.337
1740   72.7327    76.9986
1741   72.7327    76.4185
1742   72.7327    76.319
1743   72.7327    75.4651
1744   72.7327    75.9218
1745   72.7327    75.4694
1746   72.7327    75.2786
1747   72.7327    77.3212
1748   72.7327    76.8127
1749   72.7327    76.207
1750   72.7327    76.1373
1751   72.7327    75.5903
1752   72.7327    76.78
1753   72.7327    75.6029
1754   72.7327    76.9749
1755   72.7327    76.1753
1756   72.7327    76.8345
1757   72.7327    77.7148
1758   72.7327    77.0848
1759   72.7327    76.8605
1760   72.7327    76.2191
1761   72.7327    75.2076
1762   72.7327    75.4335
1763   72.7327    76.0735
1764   72.7327    74.6658
1765   72.7327    76.6088
1766   72.7327    76.7838
1767   72.7327    77.5494
1768   72.7327    77.8079
1769   72.7327    75.4964
1770   72.7327    75.256
1771   72.7327    76.9759
1772   72.7327    76.476
1773   72.7327    75.8232
1774   72.7327    74.7457
1775   72.7327    74.8891
1776   72.7327    75.4794
1777   72.7327    76.0256
1778   72.7327    76.8094
1779   72.7327    76.1465
1780   72.7327    78.5871
1781   72.7327    79.8412
1782   72.7327    79.6574
1783   72.7327    78.9778
1784   72.7327    78.348
1785   72.7327    77.2467
1786   72.7327    78.7663
1787   72.7327    78.7555
1788   72.7327    76.0766
1789   72.7327    75.6585
1790   72.7327    75.5845
1791   72.7327    78.2971
1792   72.7327    78.7106
1793   72.7327    78.6415
1794   72.7327    79.0554
1795   72.7327    79.0259
1796   72.7327    76.7134
1797   72.7327    76.0783
1798   72.7327    75.8453
1799   72.7327    76.3471
1800   72.7327    77.0245
1801   72.7327    76.1374
1802   72.7327    76.3274
1803   72.7327    75.448
1804   72.7327    75.6093
1805   72.7327    76.8166
1806   72.7327    75.8011
1807   72.7327    74.2439
1808   72.7327    75.1249
1809   72.7327    74.2232
1810   72.7327    74.7514
1811   72.7327    76.2691
1812   72.7327    75.5133
1813   72.7327    76.5174
1814   72.7327    77.061
1815   72.7327    76.212
1816   72.7327    75.9233
1817   72.7327    74.6987
1818   72.7327    74.0999
1819   72.7327    73.2839
1820   72.7327    74.5234
1821   72.7327    74.7477
1822   72.7327    76.1893
1823   72.7327    76.1432
1824   72.7327    76.3464
1825   72.7327    75.8995
1826   72.7327    76.6042
1827   72.7327    75.7083
1828   72.7327    76.7551
1829   72.7327    77.9107
1830   72.7327    76.8617
1831   72.7327    78.1489
1832   72.7327    74.6931
1833   72.7327    74.0204
1834   72.7327    74.5198
1835   72.7327    76.5179
1836   72.7327    74.6875
1837   72.7327    75.1236
1838   72.7327    75.7127
1839   72.7327    76.0431
1840   72.7327    76.011
1841   72.7327    76.1002
1842   72.7327    75.8315
1843   72.7327    75.6994
1844   72.7327    76.6842
1845   72.7327    76.0869
1846   72.7327    75.1352
1847   72.7327    76.4853
1848   72.7327    77.2208
1849   72.7327    77.8992
1850   72.7327    78.7431
1851   72.7327    78.9773
1852   72.7327    80.1771
1853   72.7327    79.6953
1854   72.7327    80.1802
1855   72.7327    77.6878
1856   72.7327    78.4015
1857   72.7327    76.0428
1858   72.7327    76.0465
1859   72.7327    75.7174
1860   72.7327    75.849
1861   72.7327    75.1723
1862   72.7327    74.0703
1863   72.7327    74.5608
1864   72.7327    76.3456
1865   72.7327    77.2784
1866   72.7327    76.6211
1867   72.7327    76.1497
1868   72.7327    74.0799
1869   72.7327    73.8663
1870   72.7327    74.4427
1871   72.7327    77.7059
1872   72.7327    75.5462
1873   72.7327    75.5773
1874   72.7327    76.3966
1875   72.7327    76.7173
1876   72.7327    76.2213
1877   72.7327    76.5231
1878   72.7327    77.4202
1879   72.7327    77.5364
1880   72.7327    75.2782
1881   72.7327    75.3024
1882   72.7327    76.2639
1883   72.7327    74.2332
1884   72.7327    73.88
1885   72.7327    74.6102
1886   72.7327    75.6851
1887   72.7327    76.1265
1888   72.7327    76.7583
1889   72.7327    75.1341
1890   72.7327    77.3219
1891   72.7327    75.813
1892   72.7327    76.3911
1893   72.7327    76.5586
1894   72.7327    78.0705
1895   72.7327    76.3672
1896   72.7327    76.8939
1897   72.7327    75.046
1898   72.7327    74.9004
1899   72.6801    75.6361
1900   72.6801    75.8768
1901   72.6801    75.3207
1902   72.6801    74.4287
1903   72.6801    75.1223
1904   72.6801    75.4862
1905   72.6801    75.8288
1906   72.6801    77.0596
1907   72.6801    76.516
1908   72.6801    76.1093
1909   72.6801    76.7785
1910   72.6801    77.5187
1911   72.6801    75.8126
1912   72.6801    74.7319
1913   72.6801    73.6568
1914   72.6801    74.4757
1915   72.6801    76.1055
1916   72.6801    75.0322
1917   72.6801    74.5604
1918   72.6801    74.4266
1919   72.6801    74.634
1920   72.6801    74.5957
1921   72.6801    73.5896
1922   72.6801    74.2768
1923   72.6801    73.5773
1924   72.6801    73.6586
1925   72.6801    73.8387
1926   72.6801    74.8201
1927   72.6801    74.5749
1928   72.6801    75.2196
1929   72.6801    76.3321
1930   72.6801    76.3276
1931   72.6801    77.0422
1932   72.6801    74.8276
1933   72.6801    74.5524
1934   72.6801    75.1703
1935   72.6801    76.1429
1936   72.6801    74.889
1937   72.6801    73.8231
1938   72.6801    74.2425
1939   72.6801    75.0673
1940   72.6801    74.6073
1941   72.6801    75.8754
1942   72.6801    76.5679
1943   72.6801    76.1104
1944   72.6801    76.1443
1945   72.6801    76.8966
1946   72.6801    75.1366
1947   72.6801    74.4823
1948   72.6801    75.978
1949   72.6801    75.8437
1950   72.6801    74.7214
1951   72.6801    76.3248
1952   72.6801    74.9255
1953   72.6801    74.6906
1954   72.6801    75.3128
1955   72.6801    76.5231
1956   72.6801    76.3002
1957   72.6801    76.1439
1958   72.6801    74.024
1959   72.6801    73.4135
1960   72.6801    73.3127
1961   72.6801    74.4564
1962   72.6801    75.6239
1963   72.6801    76.1008
1964   72.6801    73.9004
1965   72.6801    76.2753
1966   72.6801    75.3394
1967   72.6801    74.1721
1968   72.6801    74.6253
1969   72.6801    75.0749
1970   72.6801    76.4348
1971   72.6801    76.3376
1972   72.6801    76.4961
1973   72.6801    76.1783
1974   72.6801    75.4806
1975   72.6801    77.0371
1976   72.6801    77.7432
1977   72.6801    78.248
1978   72.6801    76.3427
1979   72.6801    75.955
1980   72.6801    76.2884
1981   72.6801    75.8431
1982   72.6801    76.9438
1983   72.6801    75.5462
1984   72.6801    75.8914
1985   72.6801    76.0787
1986   72.6801    75.5029
1987   72.6801    75.2896
1988   72.6801    74.519
1989   72.6801    75.4399
1990   72.6801    75.9799
1991   72.6801    75.3594
1992   72.6801    74.6938
1993   72.6801    74.8434
1994   72.6801    75.8936
1995   72.6801    75.3365
1996   72.6801    75.0045
1997   72.6801    73.9149
1998   72.6801    74.8521
1999   72.6801    74.023
2000   72.6801    75.3814
