1   461.407    493.774
2   439.61    481.303
3   439.429    468.607
4   422.274    454.953
5   421.252    444.913
6   413.388    435.666
7   405.029    427.368
8   401.907    420.457
9   400.466    416.949
10   395.179    411.151
11   388.957    406.443
12   387.017    401.389
13   374.979    396.103
14   368.826    390.004
15   363.541    384.721
16   346.719    374.279
17   339.753    366.651
18   336.21    357.763
19   336.21    349.724
20   332.755    346.003
21   328.009    342.165
22   315.267    337.773
23   308.928    331.002
24   308.928    327.83
25   303.286    323.767
26   295.37    320.619
27   294.506    314.557
28   292.245    309.767
29   290.702    303.842
30   288.254    299.863
31   280.985    295.452
32   280.114    291.799
33   273.356    287.667
34   272.066    283.866
35   268.834    281.928
36   264.92    279.846
37   264.803    276.895
38   260.865    274.599
39   257.654    270.601
40   257.647    267.606
41   254.674    265.078
42   253.569    263.002
43   253.569    263.046
44   248.179    261.464
45   246.277    259.809
46   245.456    257.057
47   245.456    254.519
48   242.969    252.624
49   242.148    250.099
50   242.148    249.461
51   242.148    246.96
52   239.745    246.16
53   237.838    245.398
54   238.195    244.413
55   238.195    243.771
56   236.804    242.681
57   236.2    242.134
58   234.086    243.315
59   234.086    242.476
60   232.656    242.234
61   230.352    243.18
62   230.352    240.438
63   224.937    240.11
64   224.937    238.344
65   223.904    234.999
66   222.527    231.476
67   218.009    230.22
68   218.009    226.94
69   216.377    223.481
70   216.377    223.103
71   214.632    222.215
72   214.632    220.658
73   211.794    221.392
74   211.089    219.824
75   206.039    219.702
76   205.234    217.428
77   205.234    215.753
78   203.939    214.188
79   203.189    211.977
80   201.837    211.937
81   197.686    212.163
82   194.189    211.847
83   194.189    210.013
84   193.925    206.158
85   191.147    201.95
86   190.674    199.072
87   190.204    196.901
88   188.589    195.712
89   186.201    194.288
90   184.419    193.452
91   184.419    192.745
92   182.147    191.772
93   180.139    189.395
94   180.139    188.96
95   180.139    189.798
96   178.397    185.46
97   178.397    184.414
98   178.397    182.997
99   177.538    181.835
100   177.538    180.814
101   177.538    181.37
102   177.156    182.381
103   177.156    182.92
104   176.382    185.129
105   176.382    185.541
106   176.381    184.563
107   176.381    181.416
108   175.769    180.738
109   174.482    178.768
110   174.482    178.678
111   174.393    177.404
112   174.393    178.262
113   173.954    179.487
114   173.954    178.46
115   173.263    178.183
116   172.087    179.07
117   172.008    176.596
118   170.831    178.429
119   170.366    178.299
120   170.366    178.011
121   169.446    176.358
122   169.163    176.031
123   169.163    177.048
124   168.705    176.349
125   167.737    176.129
126   167.644    175.884
127   167.644    174.799
128   167.425    174.12
129   166.011    173.896
130   166.011    173.186
131   163.93    173.284
132   163.93    171.796
133   161.389    169.449
134   161.389    171.594
135   161.389    168.403
136   161.389    168.599
137   160.467    165.123
138   160.467    166.398
139   159.513    164.761
140   159.513    164.315
141   159.513    164.539
142   154.026    163.929
143   154.026    163.023
144   153.511    161.816
145   153.511    161.109
146   153.224    160.502
147   153.165    159.102
148   152.213    156.99
149   151.81    156.312
150   151.736    155.875
151   151.333    155.626
152   150.943    154.914
153   148.367    154.364
154   147.599    154.871
155   147.599    153.895
156   145.5    152.369
157   145.5    151.956
158   145.111    151.095
159   145.111    150.99
160   145.111    150.621
161   145.111    147.388
162   144.445    147.369
163   144.445    146.621
164   143.967    146.286
165   143.967    146.415
166   142.182    146.057
167   142.182    145.681
168   142.066    145.793
169   140.446    145.994
170   140.384    144.921
171   140.384    145.711
172   140.258    145.252
173   140.258    144.473
174   140.258    144.076
175   139.317    142.968
176   138.666    141.789
177   137.659    141.724
178   137.659    142.277
179   136.379    141.892
180   135.346    141.522
181   134.065    140.171
182   132.609    140.871
183   132.609    139.672
184   131.328    138.695
185   130.546    137.575
186   130.483    136.033
187   130.483    134.883
188   130.483    134.081
189   130.483    134.02
190   130.483    133.876
191   129.394    133.838
192   129.394    133.373
193   129.394    133.54
194   129.394    132.728
195   129.066    133.105
196   128.417    131.988
197   128.417    132.848
198   128.417    132.279
199   128.417    131.424
200   127.802    131.426
201   127.802    131.062
202   127.802    130.98
203   126.967    133.52
204   126.967    136.868
205   126.967    136.437
206   126.967    134.021
207   126.967    133.146
208   126.967    131.81
209   125.937    132.572
210   125.937    132.089
211   125.937    131.018
212   125.937    131.238
213   125.937    130.913
214   125.428    129.459
215   125.428    129.988
216   125.428    130.006
217   125.148    130.286
218   120.746    131.131
219   120.746    129.559
220   120.746    129.807
221   120.102    127.262
222   120.102    126.671
223   120.102    126.608
224   120.079    127.389
225   119.95    125.194
226   119.911    126.833
227   119.911    125.72
228   119.072    126.171
229   119.072    124.933
230   119.072    123.263
231   118.969    123.604
232   118.969    123.762
233   118.969    124.597
234   118.81    123.373
235   118.81    122.765
236   118.81    121.703
237   118.81    123.32
238   117.568    122.798
239   117.568    121.602
240   117.353    120.232
241   117.249    120.229
242   117.249    120.443
243   117.249    120.127
244   116.959    119.628
245   116.64    120.833
246   116.64    119.582
247   116.22    118.944
248   116.22    120.775
249   116.22    121.871
250   116.22    121.529
251   116.22    119.187
252   116.22    119.264
253   115.683    118.48
254   115.683    118.541
255   115.683    119.274
256   113.018    118.28
257   113.018    116.495
258   113.018    115.953
259   113.018    115.582
260   113.018    116.142
261   113.018    114.587
262   112.074    114.2
263   112.074    114.239
264   112.074    114.663
265   111.822    113.837
266   111.822    114.873
267   111.576    114.416
268   111.576    114.25
269   111.177    113.468
270   110.868    115.091
271   110.37    113.507
272   110.37    112.774
273   110.114    112.847
274   110.114    112.819
275   110.114    112.552
276   110.114    113.637
277   109.349    112.97
278   109.349    113.362
279   109.349    113.34
280   109.234    112.943
281   109.207    113.191
282   109.207    113.062
283   109.207    112.615
284   107.595    113.81
285   107.299    113.475
286   107.28    113.782
287   106.677    113.302
288   106.677    111.116
289   106.615    110.602
290   106.596    109.384
291   105.992    108.26
292   105.992    108.196
293   105.992    108.23
294   105.992    108.26
295   105.992    107.444
296   105.992    107.816
297   105.992    107.037
298   105.992    107.744
299   105.389    109.33
300   105.389    109.297
301   105.389    110.179
302   104.954    112.019
303   104.954    113.044
304   104.954    113.595
305   104.954    111.965
306   104.954    111.003
307   104.351    108.902
308   104.351    108.336
309   104.351    108.996
310   104.351    107.757
311   104.351    106.007
312   104.351    106.626
313   104.351    109.964
314   104.351    112.524
315   104.351    114.578
316   104.351    114.44
317   104.351    114.32
318   104.266    114.054
319   104.266    112.771
320   104.266    112.803
321   104.266    111.102
322   104.266    111.529
323   103.741    110.102
324   103.741    109.715
325   103.741    109.889
326   103.741    108.768
327   103.741    108.867
328   103.741    109.645
329   103.741    108.734
330   103.741    107.316
331   103.741    107.417
332   103.741    105.631
333   103.741    106.273
334   103.741    106.235
335   103.741    105.612
336   103.741    105.686
337   103.741    105.951
338   103.741    107.166
339   103.741    108.023
340   102.987    108.192
341   102.806    107.165
342   102.806    107.694
343   102.118    107.948
344   102.118    108.573
345   102.118    108.447
346   102.118    106.845
347   102.118    107.026
348   102.118    107.197
349   102.118    107.065
350   102.02    106.566
351   102.02    105.358
352   102.02    104.54
353   102.02    106.065
354   102.02    105.749
355   102.02    105.508
356   102.02    105.258
357   101.952    104.982
358   101.952    104.776
359   101.718    105.551
360   101.718    105.983
361   101.718    105.672
362   101.718    105.028
363   101.718    105.862
364   101.718    106.1
365   101.326    105.222
366   101.326    105.315
367   101.046    104.693
368   101.046    104.401
369   101.046    104.113
370   101.046    104.587
371   101.046    104.361
372   101.046    104.399
373   100.533    102.594
374   100.533    102.329
375   100.284    103.615
376   100.14    102.717
377   100.14    103.276
378   100.14    103.024
379   100.14    103.425
380   100.14    102.326
381   100.14    102.213
382   100.14    104.029
383   100.14    102.978
384   100.14    103.839
385   100.14    102.703
386   100.14    104.953
387   99.2485    102.702
388   99.2485    102.786
389   99.2485    102.371
390   99.2485    102.176
391   99.2485    101.812
392   99.2485    101.369
393   99.2485    104.086
394   98.5065    104.596
395   98.5065    104.019
396   98.5065    103.155
397   98.5065    102.351
398   97.9971    102.87
399   97.9971    102.606
400   97.9971    103.359
401   97.9971    104.262
402   97.9971    104.176
403   97.9971    102.289
404   97.9971    99.5308
405   97.9971    100.423
406   97.9971    100.668
407   97.7337    101.013
408   97.7337    99.4923
409   97.7337    99.9353
410   97.1314    100.214
411   97.1314    99.5819
412   97.1314    98.4434
413   97.1314    98.2028
414   97.1314    98.6302
415   96.64    99.2974
416   96.64    98.2019
417   96.64    100.705
418   96.64    100.924
419   96.64    100.567
420   96.64    99.0714
421   96.64    98.9194
422   96.64    98.3984
423   96.64    97.6793
424   96.64    98.2624
425   96.64    100.716
426   96.64    100.816
427   96.64    100.321
428   96.1314    99.2664
429   96.1314    99.9717
430   96.1314    100.615
431   96.1314    100.048
432   96.1314    98.4169
433   96.1314    98.8413
434   96.1314    98.5146
435   96.0055    98.3779
436   95.9359    98.3353
437   95.8099    99.6683
438   95.203    98.79
439   95.0771    98.9119
440   95.0771    98.1633
441   95.0771    97.9927
442   95.0771    97.6086
443   94.4558    98.4676
444   94.4558    97.88
445   94.4558    98.3173
446   94.4558    99.0038
447   94.4558    99.4812
448   94.4558    97.8079
449   94.4558    97.1271
450   94.4558    97.115
451   94.1995    96.9011
452   94.1995    98.42
453   94.1603    97.8256
454   94.1603    97.5153
455   94.1603    98.7658
456   94.1603    98.5309
457   94.1603    97.4184
458   93.8296    99.0421
459   93.8296    100.069
460   93.8296    99.8839
461   93.8296    101.566
462   93.8296    103.671
463   93.8296    102.731
464   93.8296    101.508
465   93.8296    101.966
466   93.8296    102.352
467   93.8296    101.968
468   93.8296    102.315
469   93.8296    99.98
470   93.8296    100.243
471   93.8296    99.2574
472   93.8296    98.2398
473   93.8296    97.6415
474   93.8296    96.5964
475   93.8296    96.4531
476   93.8296    98.0126
477   93.8296    100.614
478   93.8296    102.714
479   93.8296    105.228
480   93.8296    105.263
481   93.8296    104.472
482   93.8296    104.557
483   93.8296    103.43
484   93.8296    101.82
485   93.8296    103.327
486   93.8296    103.401
487   93.8296    100.394
488   93.7879    98.2932
489   93.7879    97.773
490   93.7879    96.5303
491   93.4236    95.739
492   93.382    95.398
493   93.382    97.615
494   93.382    97.094
495   93.382    96.7998
496   93.0765    96.8189
497   93.0765    98.6973
498   93.0765    97.4983
499   93.0765    96.924
500   93.0765    96.8427
501   92.8025    98.4091
502   92.8025    98.8412
503   92.8025    99.2283
504   92.8025    97.7454
505   92.8025    95.5567
506   92.8025    94.9474
507   92.8025    94.9068
508   92.8025    96.7102
509   92.8025    96.9494
510   92.8025    96.8072
511   92.1482    95.6778
512   90.337    95.1553
513   90.337    95.0142
514   90.337    95.5244
515   90.337    94.3112
516   90.337    93.3247
517   90.337    92.9177
518   90.337    93.2443
519   90.337    93.643
520   88.9646    93.0734
521   88.9646    93.6902
522   88.9646    92.5483
523   88.9646    92.609
524   88.9646    92.7698
525   88.9646    93.7137
526   88.9646    92.1538
527   88.9646    91.7733
528   88.9646    90.7986
529   88.9646    91.0034
530   88.9646    91.6347
531   88.9646    92.0946
532   88.9646    92.7066
533   88.9646    91.8709
534   88.9646    93.5262
535   88.9646    93.9098
536   88.9646    93.122
537   88.9646    90.9969
538   88.9646    90.6127
539   88.9646    91.0271
540   88.9646    91.1813
541   88.9646    92.316
542   88.9646    92.9868
543   88.6815    90.4773
544   88.6815    91.6081
545   88.6815    91.3759
546   88.6815    91.7398
547   88.6815    90.9879
548   88.6815    90.9221
549   88.567    92.3618
550   88.567    90.0547
551   88.567    89.892
552   88.567    90.2782
553   88.567    89.9439
554   88.567    91.1582
555   88.567    90.6732
556   88.567    91.0335
557   88.567    91.9723
558   88.567    92.0151
559   88.567    92.6369
560   88.567    92.2204
561   88.567    91.0071
562   88.3456    90.8037
563   88.3456    91.9284
564   88.3456    91.8758
565   88.3456    92.2158
566   88.3456    92.1916
567   88.3456    90.9827
568   87.852    89.6795
569   87.852    90.0104
570   87.852    89.5706
571   87.852    88.9201
572   87.852    91.0319
573   87.7448    90.4838
574   87.7448    90.4658
575   87.7448    90.9548
576   87.7448    91.3794
577   87.7448    90.1504
578   87.7448    90.0491
579   87.7448    90.558
580   87.7448    89.1646
581   87.6099    88.9942
582   87.6099    88.7603
583   87.6099    89.2567
584   87.465    89.8552
585   87.465    90.6
586   87.2213    89.6005
587   87.2213    89.2495
588   86.933    89.2816
589   86.933    89.4302
590   86.933    89.5717
591   86.933    90.1597
592   86.933    90.1994
593   86.933    88.4149
594   86.933    88.3136
595   86.933    87.8634
596   86.933    89.3259
597   86.933    90.7581
598   86.933    91.0452
599   86.933    89.7562
600   86.933    89.2195
601   86.933    89.843
602   86.933    89.3221
603   86.933    89.406
604   86.933    88.5803
605   86.933    88.8777
606   86.933    89.6504
607   86.933    89.8196
608   86.933    89.7063
609   86.933    89.3327
610   86.933    89.5952
611   86.933    90.2633
612   86.933    89.7286
613   86.933    89.2589
614   86.933    90.0002
615   86.3945    88.6997
616   86.3945    89.4296
617   86.3945    88.4312
618   86.3945    87.6869
619   86.3945    88.5053
620   86.3945    89.5295
621   86.3945    89.1652
622   86.3945    89.5219
623   86.3945    88.5738
624   86.3945    88.0367
625   86.3945    88.8875
626   86.3945    89.5767
627   86.3945    89.482
628   86.0175    88.3833
629   86.0175    89.2053
630   86.0175    89.28
631   86.0175    88.1394
632   86.0175    87.2852
633   86.0175    89.8081
634   86.0175    89.6968
635   86.0175    88.9187
636   85.6045    89.0434
637   85.6045    86.7859
638   85.6045    87.6989
639   85.6045    87.5329
640   85.6045    88.8831
641   85.6045    88.8778
642   85.6045    88.9683
643   85.6045    87.8581
644   85.6045    87.7398
645   85.6045    88.2442
646   85.6045    88.5193
647   85.6045    88.1128
648   85.6045    88.7578
649   85.6045    88.5555
650   85.6045    89.5649
651   85.2712    90.089
652   85.2712    90.37
653   85.2712    89.0062
654   85.2712    87.99
655   85.2712    87.8715
656   85.2712    88.1086
657   85.2712    88.362
658   85.2712    88.7238
659   85.2712    88.0321
660   85.2712    87.5524
661   85.2712    88.4953
662   85.2712    87.2184
663   84.9365    89.0851
664   84.9365    87.8933
665   84.9365    89.091
666   84.9365    88.9835
667   84.9365    87.8763
668   84.8028    87.2995
669   84.8028    86.8769
670   84.7937    88.7842
671   84.7937    89.682
672   84.7937    90.2268
673   84.7937    88.5644
674   84.7937    89.1973
675   84.6782    88.4628
676   84.6782    88.7952
677   84.2725    88.9497
678   84.2725    88.7837
679   84.2725    88.0844
680   84.2725    87.6376
681   84.2725    88.468
682   84.2725    89.3703
683   84.2725    88.1701
684   84.2725    87.1804
685   84.2725    86.3179
686   84.2725    85.9795
687   84.2725    86.1225
688   84.2725    89.0133
689   84.2725    88.611
690   84.2725    87.7261
691   84.2725    88.7281
692   83.9712    86.9721
693   83.9712    86.6859
694   83.7907    86.1641
695   83.7907    86.1701
696   83.7907    86.8531
697   83.7907    87.2731
698   83.7907    86.7438
699   83.7907    86.9859
700   83.7907    86.9203
701   83.7907    87.3836
702   83.3817    87.5477
703   83.3817    88.4644
704   83.3817    90.1257
705   83.3817    88.6887
706   83.3817    87.798
707   83.3817    86.1268
708   83.3817    86.3523
709   83.3817    85.731
710   83.3817    86.8981
711   83.3817    87.0472
712   83.3817    87.9802
713   83.3817    89.1643
714   83.3817    88.996
715   83.3817    90.3375
716   83.3817    90.7143
717   83.3817    89.3102
718   83.3817    91.1478
719   83.3817    91.2014
720   83.3817    90.9907
721   83.3817    88.9612
722   83.3817    87.7487
723   83.3817    87.186
724   83.3817    88.5126
725   83.3817    88.9317
726   83.3817    86.1631
727   83.3817    86.0788
728   83.3817    85.4744
729   83.3817    86.1215
730   83.3817    86.8734
731   83.3817    87.0266
732   83.3817    86.4515
733   83.3817    87.8681
734   83.3817    88.9043
735   83.3817    88.0054
736   83.3817    87.8296
737   83.3817    88.2353
738   83.3817    90.0654
739   83.3817    87.3907
740   83.3817    88.7567
741   83.3817    87.5115
742   83.3817    87.189
743   82.8742    86.1253
744   82.8742    85.8329
745   82.8742    84.8596
746   82.8742    84.6801
747   82.8742    84.0374
748   82.8742    84.8686
749   82.8742    85.4906
750   82.8742    84.4777
751   82.8742    86.6209
752   82.8742    85.082
753   82.8742    85.9519
754   82.8742    86.4518
755   82.8742    86.6341
756   82.8742    86.894
757   82.8742    85.0001
758   82.8742    85.4773
759   82.8742    86.1951
760   82.8742    85.9757
761   82.8742    86.5366
762   82.8742    87.4152
763   82.8742    87.6301
764   82.8742    87.9216
765   82.8742    88.5047
766   82.1225    86.5976
767   81.5823    85.5136
768   81.5823    85.8809
769   81.5823    85.452
770   81.5823    86.0581
771   81.5823    86.1035
772   81.5823    84.5247
773   81.5823    84.8895
774   81.5823    85.0317
775   81.5823    84.9247
776   81.5823    84.0239
777   81.5823    84.0289
778   81.5823    84.4605
779   81.5823    84.3115
780   81.5823    84.7258
781   81.4884    84.3541
782   81.3983    84.5971
783   81.311    84.0389
784   81.2171    84.5001
785   81.2171    83.8
786   81.2171    84.359
787   81.2171    84.8235
788   81.2171    84.197
789   81.2171    84.6824
790   81.2171    85.6138
791   81.2171    84.2963
792   81.2171    84.5175
793   81.2171    84.4131
794   81.2171    82.8319
795   81.2171    84.8301
796   81.2171    83.734
797   81.2171    85.2078
798   81.2171    84.1105
799   81.2171    83.5927
800   81.2171    83.8249
801   81.2171    82.882
802   81.2171    83.0995
803   81.2171    83.178
804   81.2171    83.6438
805   81.2171    84.1959
806   81.2171    83.9793
807   81.2171    84.1584
808   81.2171    84.2149
809   81.2171    86.5652
810   81.2171    87.4682
811   81.2171    86.3518
812   81.2171    84.4287
813   81.2171    84.9601
814   80.8176    84.4852
815   80.8176    84.5875
816   80.8176    84.2953
817   80.8176    85.3191
818   80.8176    83.881
819   80.8176    83.9794
820   80.8176    84.8262
821   80.8176    83.5484
822   80.8176    83.5779
823   80.8176    83.4235
824   80.8176    83.7132
825   80.3929    81.4992
826   80.3929    83.4509
827   80.3929    84.3184
828   80.3929    85.5654
829   80.3929    86.4706
830   80.3929    85.7443
831   80.3929    83.7315
832   80.3929    83.5624
833   80.3929    83.6559
834   80.3929    84.2731
835   80.3929    84.1793
836   80.3929    83.7259
837   80.3929    85.2965
838   80.3929    83.4909
839   80.3929    84.344
840   80.3929    85.3674
841   80.3929    85.359
842   80.3929    82.9575
843   80.3929    83.3179
844   80.3929    82.3466
845   80.3929    83.4734
846   79.7464    82.8109
847   79.7464    82.2092
848   79.7464    83.8666
849   79.7464    86.0803
850   79.7464    84.8381
851   79.7464    83.0515
852   79.7464    83.0691
853   79.7464    82.0303
854   79.7464    83.395
855   79.7464    84.3306
856   79.7464    85.015
857   79.7464    86.6893
858   79.7464    87.8025
859   79.7464    86.6871
860   79.7464    86.7764
861   79.7464    87.5794
862   79.7464    85.9595
863   79.7464    84.9761
864   79.7464    86.3507
865   79.7464    86.8698
866   79.6966    87.2543
867   79.6966    86.107
868   79.6966    85.4446
869   79.6966    84.1337
870   79.6966    83.5487
871   79.6966    83.9899
872   79.6966    82.3861
873   79.6966    81.0999
874   79.6966    81.5747
875   79.6966    81.7876
876   79.6916    81.1421
877   79.6916    82.4271
878   79.6916    82.3451
879   79.6916    82.3742
880   79.6916    82.0318
881   79.6916    81.5092
882   79.6916    82.572
883   79.6916    82.2033
884   79.5902    84.5752
885   79.5902    84.8914
886   79.5902    84.8787
887   79.5902    86.0371
888   79.5902    84.2268
889   79.5902    82.6343
890   79.4564    84.4446
891   79.4564    85.0356
892   79.4564    83.485
893   79.4564    83.6187
894   79.4564    85.5706
895   79.4564    86.3722
896   79.4564    84.62
897   79.4564    83.9763
898   79.4564    83.794
899   79.2854    82.0349
900   79.2854    81.2604
901   79.2854    83.1771
902   79.2854    83.2787
903   79.2854    84.1978
904   79.2854    81.9975
905   79.2854    81.5845
906   79.2854    82.0288
907   78.826    81.2715
908   78.826    81.1462
909   78.826    81.2163
910   78.826    81.2704
911   78.826    80.281
912   78.826    79.7882
913   78.826    81.5976
914   78.826    82.9561
915   78.826    83.5032
916   78.826    82.8748
917   78.826    81.3832
918   78.826    81.8117
919   78.826    82.291
920   78.826    86.1404
921   78.826    85.5267
922   78.826    87.9346
923   78.826    87.9549
924   78.826    88.1219
925   78.826    86.6272
926   78.826    84.3892
927   78.826    82.1697
928   78.826    82.0653
929   78.826    80.0365
930   78.826    80.4865
931   78.826    80.4408
932   78.826    82.1598
933   78.826    81.6406
934   78.826    82.2832
935   78.826    81.374
936   78.826    80.3883
937   78.826    80.6533
938   78.826    82.0044
939   78.826    82.1487
940   78.826    79.8177
941   78.7734    80.0793
942   78.7734    81.2889
943   78.7734    80.8466
944   78.7734    81.2168
945   78.7734    81.4775
946   78.7734    80.9047
947   78.7734    82.2623
948   78.7734    81.9851
949   78.7734    82.4123
950   78.7734    82.3091
951   78.7734    82.1262
952   78.7734    83.6397
953   78.7734    84.6776
954   78.7734    84.7714
955   78.7734    84.2964
956   78.7734    83.7343
957   78.7734    83.3992
958   78.7734    83.0824
959   78.7734    81.8548
960   78.7734    83.0384
961   78.7734    82.8756
962   78.7734    82.4677
963   78.7734    82.3905
964   78.7734    82.9094
965   78.7734    82.9663
966   78.7734    82.3051
967   78.7734    81.6416
968   78.7734    80.4869
969   78.7734    82.5811
970   78.7734    83.5677
971   78.7734    81.6517
972   78.7734    82.354
973   78.7457    83.7482
974   78.7457    82.3957
975   78.7457    82.2464
976   78.4847    83.1218
977   78.457    82.5194
978   78.457    82.1926
979   78.457    82.761
980   78.457    81.378
981   78.457    80.6847
982   78.457    80.7226
983   78.457    82.3847
984   78.457    80.9956
985   78.457    81.008
986   78.457    81.8615
987   78.457    82.0695
988   78.457    79.8512
989   78.2476    79.3952
990   78.0704    79.1846
991   78.0704    80.1446
992   78.0704    80.8135
993   78.0704    80.7509
994   78.0704    81.0472
995   78.0704    81.9324
996   78.0704    81.2825
997   78.0704    81.988
998   78.0704    82.9675
999   78.0704    83.3754
1000   78.0704    82.8931
1001   78.0704    82.9944
1002   78.0704    82.6122
1003   78.0704    81.8931
1004   78.0704    80.8082
1005   78.0704    81.0595
1006   78.0704    83.5099
1007   78.0704    83.2863
1008   78.0704    82.7151
1009   78.0704    81.741
1010   78.0704    81.5704
1011   78.0704    81.9239
1012   78.0704    80.9912
1013   78.0704    81.4659
1014   78.0704    79.5234
1015   78.0704    80.5417
1016   78.0704    81.7248
1017   78.0704    80.7934
1018   78.0704    79.832
1019   77.9302    79.0205
1020   77.9302    79.8403
1021   77.9302    81.8217
1022   77.6669    82.5652
1023   77.5267    81.2952
1024   77.5267    80.8501
1025   77.5267    82.4741
1026   74.6059    81.927
1027   74.6059    81.9657
1028   74.6059    79.5793
1029   74.5985    79.7742
1030   74.5985    79.0607
1031   74.5985    80.4299
1032   74.5985    78.109
1033   74.5985    77.8174
1034   73.9827    78.308
1035   73.5022    78.6549
1036   73.5022    79.8616
1037   73.5022    79.629
1038   73.5022    80.4642
1039   73.5022    81.3784
1040   73.5022    78.53
1041   73.5022    79.0441
1042   73.5022    77.2552
1043   73.5022    77.5498
1044   73.5022    78.0025
1045   73.5022    76.3411
1046   73.5022    77.8188
1047   73.5022    77.566
1048   73.5022    76.956
1049   73.5022    77.166
1050   73.5022    77.1666
1051   73.3502    76.3085
1052   73.3502    74.8353
1053   73.3502    75.322
1054   73.3502    75.7173
1055   73.3502    77.1251
1056   73.3502    76.6046
1057   73.3502    77.8512
1058   73.3502    77.6716
1059   73.3502    76.4652
1060   73.3502    76.4463
1061   73.3502    76.0763
1062   73.3502    75.5348
1063   73.3502    76.8046
1064   73.3502    76.4513
1065   73.3502    76.2769
1066   73.3502    78.2723
1067   73.3502    77.797
1068   73.3502    76.3193
1069   73.3502    75.3353
1070   73.1083    75.6
1071   73.1083    76.7212
1072   73.1083    78.8098
1073   72.7435    76.6908
1074   72.7435    78.0759
1075   72.7435    77.5677
1076   72.7435    77.1617
1077   72.7435    75.3498
1078   72.7435    74.5473
1079   72.7435    75.0484
1080   72.7435    76.2938
1081   72.7435    76.1815
1082   72.7435    78.771
1083   72.7435    80.1746
1084   72.7435    81.7561
1085   72.7435    82.4127
1086   72.7435    85.0791
1087   72.7435    83.8705
1088   72.7435    82.7136
1089   72.7435    79.9216
1090   72.7435    80.2762
1091   72.7435    79.9197
1092   72.7254    77.4891
1093   72.7254    77.1154
1094   72.7254    77.1998
1095   72.7254    77.7935
1096   72.7254    77.1254
1097   72.7254    75.6495
1098   72.7254    75.0889
1099   72.7254    76.6556
1100   72.7254    74.7635
1101   72.7254    74.7065
1102   72.607    75.3324
1103   72.607    75.0651
1104   72.607    75.8722
1105   72.607    75.515
1106   72.607    75.164
1107   72.607    76.0354
1108   72.607    73.7172
1109   72.607    73.6364
1110   72.607    75.1646
1111   72.607    77.4544
1112   72.607    75.6921
1113   72.607    76.2081
1114   72.607    74.8246
1115   72.607    76.4751
1116   72.607    75.3278
1117   72.607    74.8745
1118   72.607    73.9889
1119   72.607    73.8585
1120   72.607    73.6953
1121   72.607    74.7176
1122   72.607    74.6782
1123   72.607    74.6029
1124   72.607    76.8368
1125   72.607    76.3696
1126   72.607    78.0715
1127   72.607    77.4701
1128   72.607    77.5171
1129   72.607    76.3466
1130   72.607    76.549
1131   72.607    76.9327
1132   72.607    77.9569
1133   72.4629    76.6117
1134   72.4629    78.7885
1135   72.4629    79.6636
1136   72.4629    77.9326
1137   72.4629    77.5185
1138   72.4629    77.5564
1139   72.4629    77.9142
1140   72.4629    74.3017
1141   72.4629    74.4258
1142   72.4629    75.0984
1143   72.4629    74.8909
1144   72.4629    74.9956
1145   72.4629    76.1656
1146   72.429    75.5747
1147   72.429    75.7056
1148   72.1232    75.2891
1149   72.0893    75.5341
1150   72.0893    76.2837
1151   72.0893    76.4702
1152   72.0893    76.1432
1153   72.0893    75.1363
1154   72.0893    76.7331
1155   72.0893    76.0409
1156   72.0893    76.7203
1157   72.0893    76.1482
1158   72.0893    75.2187
1159   72.0893    76.4962
1160   72.0893    75.8878
1161   72.0893    75.0453
1162   72.0893    75.8147
1163   72.0893    76.2015
1164   72.0893    74.9576
1165   72.0893    75.6928
1166   71.8512    76.1343
1167   71.8512    76.0923
1168   71.8512    74.9697
1169   71.8512    73.6387
1170   71.8512    73.2935
1171   71.8512    74.1188
1172   71.8512    73.7942
1173   71.8512    74.5333
1174   71.7368    73.755
1175   71.7368    74.1425
1176   71.7368    74.65
1177   71.7368    73.8034
1178   71.7368    72.8376
1179   71.7368    76.0842
1180   71.7368    76.4697
1181   71.7368    75.6536
1182   71.7368    74.9435
1183   71.7368    77.3018
1184   71.7368    75.6764
1185   71.7368    74.6721
1186   71.7368    75.3166
1187   71.7368    74.2375
1188   71.7368    75.7142
1189   71.7368    76.1018
1190   71.7368    75.708
1191   71.7368    77.5544
1192   71.7368    77.1641
1193   71.7368    76.1008
1194   71.7368    76.6605
1195   71.7368    76.5566
1196   71.7368    75.3907
1197   71.7368    76.3232
1198   71.7368    74.0639
1199   71.7368    74.1424
1200   71.5103    74.95
1201   71.5103    75.9854
1202   71.5103    74.6665
1203   71.5103    74.3894
1204   71.5103    74.7203
1205   71.5103    75.2656
1206   71.5103    76.7152
1207   71.5103    75.044
1208   71.5103    74.1778
1209   71.5103    73.6597
1210   71.5103    75.0037
1211   71.5103    75.4199
1212   71.5103    74.5707
1213   71.5103    73.9635
1214   71.5103    74.1359
1215   71.5103    73.4114
1216   71.5103    74.1678
1217   71.5103    73.9701
1218   71.5103    74.9258
1219   71.5103    75.7139
1220   71.5103    75.0442
1221   71.5103    75.4449
1222   71.5103    75.5707
1223   71.5103    75.6094
1224   71.5103    76.3787
1225   71.5103    75.2313
1226   71.5103    74.3284
1227   71.5103    75.7105
1228   71.5103    74.9866
1229   71.5103    73.9996
1230   71.5103    76.4093
1231   71.0788    75.6428
1232   71.0788    75.9707
1233   71.0788    76.4719
1234   71.0788    75.3316
1235   71.0788    76.0775
1236   71.0788    74.3588
1237   71.0788    73.3554
1238   71.0788    73.5791
1239   71.0788    73.1968
1240   71.0788    72.8733
1241   71.0788    72.5207
1242   71.0788    73.0355
1243   71.0788    74.9385
1244   71.0788    74.3892
1245   71.0788    74.191
1246   71.0788    76.8425
1247   71.0788    76.2104
1248   71.0788    74.6752
1249   71.0788    76.7698
1250   71.0788    77.7911
1251   71.0788    76.9278
1252   71.0788    75.419
1253   71.0788    76.5252
1254   71.0788    75.3467
1255   71.0788    76.3681
1256   71.0788    74.664
1257   71.0788    75.9055
1258   71.0788    74.3263
1259   71.0788    75.3445
1260   71.0788    75.7729
1261   71.0788    73.7634
1262   71.0788    74.0154
1263   71.0788    73.6958
1264   71.0788    75.0352
1265   71.0788    73.4617
1266   71.0788    74.3252
1267   71.0788    74.9697
1268   71.0788    74.561
1269   71.0788    73.3941
1270   71.0788    73.9695
1271   71.0788    74.2877
1272   71.0788    73.9856
1273   71.0788    73.7463
1274   70.6025    73.7615
1275   70.6025    73.5626
1276   70.6025    74.1319
1277   70.6025    73.5837
1278   70.6025    72.875
1279   70.6025    73.9463
1280   70.6025    74.5141
1281   70.6025    73.8679
1282   70.6025    73.5814
1283   70.6025    72.3194
1284   70.6025    72.7155
1285   70.6025    75.6571
1286   70.6025    75.3296
1287   70.6025    75.2202
1288   70.6025    75.5232
1289   70.6025    74.9113
1290   70.6025    75.1661
1291   70.6025    73.8805
1292   70.6025    73.5461
1293   70.6025    73.769
1294   70.6025    72.1316
1295   70.6025    72.4135
1296   70.6025    72.5403
1297   70.6025    73.6522
1298   70.6025    72.5544
1299   70.6025    72.6075
1300   70.6025    73.5814
1301   70.6025    72.8601
1302   70.6025    74.1967
1303   70.6025    75.1493
1304   70.6025    75.8573
1305   70.6025    74.8301
1306   70.6025    73.9466
1307   70.6025    76.6165
1308   70.6025    74.9696
1309   70.6025    73.6392
1310   70.6025    73.5637
1311   70.6025    73.4608
1312   70.6025    73.4781
1313   70.6025    73.1345
1314   70.6025    73.457
1315   70.6025    74.439
1316   70.6025    74.8751
1317   70.6025    73.3482
1318   70.6025    73.8
1319   70.6025    73.3195
1320   70.6025    73.422
1321   70.6025    73.3959
1322   70.6025    74.325
1323   70.6025    75.1433
1324   70.6025    73.7364
1325   70.6025    73.7036
1326   70.6025    72.9347
1327   70.6025    72.6022
1328   70.6025    74.1806
1329   70.6025    74.3699
1330   70.6025    73.6604
1331   70.6025    74.1445
1332   70.6025    74.0327
1333   70.6025    74.5465
1334   70.6025    73.9907
1335   70.6025    73.9083
1336   70.6025    74.4779
1337   70.6025    73.4942
1338   70.6025    73.6816
1339   70.6025    73.4626
1340   70.6025    72.8844
1341   70.6025    72.3014
1342   70.1582    71.9435
1343   70.1582    71.3838
1344   70.1582    71.1298
1345   70.1582    72.64
1346   70.1582    73.3669
1347   70.1582    73.7979
1348   70.1582    72.8985
1349   70.1582    72.3496
1350   70.1582    72.1776
1351   70.1582    72.7993
1352   70.1582    72.5279
1353   70.1582    71.7985
1354   70.1582    72.057
1355   70.1582    72.3074
1356   70.1582    72.1288
1357   70.1582    71.4819
1358   70.024    72.7377
1359   70.024    72.2803
1360   70.024    73.7238
1361   70.024    73.0812
1362   70.024    72.4114
1363   70.024    72.9238
1364   70.024    73.9136
1365   70.024    73.8025
1366   70.024    73.7536
1367   70.024    73.7965
1368   70.024    73.4176
1369   70.024    73.2149
1370   70.024    75.7763
1371   70.024    74.3167
1372   70.024    71.7041
1373   70.024    71.7743
1374   70.024    70.8394
1375   70.024    73.0208
1376   70.024    71.762
1377   70.024    71.9057
1378   70.024    72.6431
1379   70.024    73.4585
1380   70.024    73.1654
1381   70.024    74.66
1382   70.024    75.7159
1383   70.024    75.3687
1384   70.024    72.7594
1385   70.024    73.0044
1386   70.024    73.4273
1387   70.024    73.9229
1388   70.024    73.778
1389   70.024    72.9456
1390   70.024    72.7891
1391   70.024    73.4618
1392   70.024    73.5549
1393   70.024    75.1057
1394   70.024    75.8757
1395   70.024    73.1758
1396   70.024    74.7262
1397   70.024    74.2464
1398   70.024    74.3599
1399   70.024    74.5571
1400   70.024    74.617
1401   70.024    74.6494
1402   70.024    72.7008
1403   70.024    72.6217
1404   70.024    73.333
1405   70.024    72.3416
1406   70.024    72.68
1407   70.024    72.3278
1408   70.024    71.9156
1409   70.024    71.9342
1410   70.024    71.0898
1411   70.024    70.631
1412   70.024    71.6624
1413   70.024    71.4244
1414   70.024    71.9763
1415   70.024    72.1808
1416   70.024    73.0852
1417   70.024    72.23
1418   70.024    72.7115
1419   70.024    72.8311
1420   70.024    73.0235
1421   70.024    75.6864
1422   70.024    75.4535
1423   70.024    75.0123
1424   70.024    73.1817
1425   70.024    73.3863
1426   70.024    73.9138
1427   70.024    73.6159
1428   70.024    72.5923
1429   70.024    73.1411
1430   70.024    74.7291
1431   70.024    72.8944
1432   70.024    73.0142
1433   70.024    71.8881
1434   70.024    71.8218
1435   70.024    72.0942
1436   70.024    72.2536
1437   70.024    73.046
1438   70.024    72.3918
1439   70.024    71.129
1440   70.024    71.4403
1441   70.024    72.58
1442   70.024    72.554
1443   70.024    71.7615
1444   70.024    74.5089
1445   70.024    75.5708
1446   69.7372    75.1038
1447   69.7372    75.1804
1448   69.7372    74.4707
1449   69.7372    73.4786
1450   69.7372    76.7257
1451   69.7372    73.3283
1452   69.7372    72.815
1453   69.7372    71.7497
1454   69.7372    71.6344
1455   69.7372    73.136
1456   69.7372    71.521
1457   69.7372    70.3155
1458   69.7372    69.7372
1459   69.7372    70.0526
1460   69.6996    70.1197
1461   69.6996    70.6195
1462   69.6996    72.4066
1463   69.6996    73.4929
1464   69.6996    73.5321
1465   69.6996    72.1661
1466   69.6996    72.3822
1467   69.6996    72.3283
1468   69.6996    72.6302
1469   69.6996    72.4448
1470   69.6996    72.2693
1471   69.6996    71.6475
1472   69.6996    73.5575
1473   69.6996    73.1245
1474   69.6996    73.2676
1475   69.6996    72.7989
1476   69.6996    73.6644
1477   69.6996    71.6255
1478   69.6996    70.6204
1479   69.6996    72.6619
1480   69.6996    71.7155
1481   69.6996    72.1959
1482   69.6996    71.3703
1483   69.6996    71.9124
1484   69.6996    72.5895
1485   69.6996    70.5237
1486   69.6996    72.4837
1487   69.6996    72.0053
1488   69.6996    72.5571
1489   69.6996    72.1753
1490   69.6996    74.1509
1491   69.6996    72.6875
1492   69.6996    72.8473
1493   69.6996    73.4242
1494   69.6996    73.5783
1495   69.6996    72.9885
1496   69.6996    72.1891
1497   69.6996    73.6339
1498   69.6996    75.5302
1499   69.6996    74.5912
1500   69.6996    75.8183
1501   69.6996    75.6655
1502   69.6996    72.1888
1503   69.6996    73.2922
1504   69.6996    74.1596
1505   69.6996    75.1246
1506   69.6996    73.5601
1507   69.6996    74.0156
1508   69.6996    71.8665
1509   69.6996    72.3223
1510   69.6996    73.8472
1511   69.6996    73.5675
1512   69.6996    73.2066
1513   69.6996    71.5859
1514   69.6996    71.9074
1515   69.6996    71.6274
1516   69.6996    71.1271
1517   69.6996    70.6116
1518   69.6996    72.097
1519   69.6996    72.2842
1520   69.6996    72.697
1521   69.6996    74.9635
1522   69.6996    74.5815
1523   69.6996    74.1424
1524   69.6996    73.9429
1525   69.6996    73.4937
1526   69.6996    72.8722
1527   69.6996    73.3916
1528   69.6996    74.7533
1529   69.6996    73.3844
1530   69.6996    73.3551
1531   69.6996    74.6745
1532   69.6996    73.9004
1533   69.6996    73.4764
1534   69.6996    72.4646
1535   69.6996    72.2236
1536   69.6996    72.0727
1537   69.6996    72.4244
1538   69.6996    72.2165
1539   69.6996    71.6351
1540   69.6996    72.6684
1541   69.6996    73.2643
1542   69.6996    71.7482
1543   69.6996    72.5234
1544   69.6996    74.1978
1545   69.6996    72.2949
1546   69.6996    73.9088
1547   69.6996    75.529
1548   69.6996    78.3267
1549   69.6996    76.6094
1550   69.6996    76.6414
1551   69.6996    75.8225
1552   69.6996    77.3279
1553   69.6996    75.5619
1554   69.6996    75.4012
1555   69.6996    73.3331
1556   69.6996    71.4813
1557   69.6996    72.4273
1558   69.6996    72.2827
1559   69.6996    73.2453
1560   69.6996    73.1111
1561   69.6996    72.1053
1562   69.6996    73.1505
1563   69.6996    71.989
1564   69.6996    72.7062
1565   69.6996    72.454
1566   69.6996    73.0342
1567   69.6996    73.5162
1568   69.6996    73.141
1569   69.6996    72.7814
1570   69.6996    72.7827
1571   69.6996    71.7995
1572   69.6996    71.9477
1573   69.6996    72.9008
1574   69.6996    74.4558
1575   69.4598    73.6114
1576   69.4598    73.2386
1577   69.4598    73.6476
1578   69.4598    72.9903
1579   69.4598    72.711
1580   69.4598    74.0234
1581   69.4598    73.4452
1582   69.4598    70.7709
1583   69.4598    70.6567
1584   69.4598    72.0347
1585   69.4598    71.8313
1586   69.4598    71.0916
1587   69.4598    71.7362
1588   69.4598    70.8784
1589   69.2046    71.778
1590   69.2046    71.0946
1591   69.2046    72.7997
1592   69.2046    72.2814
1593   69.2046    73.0038
1594   69.2046    72.562
1595   69.2046    75.4661
1596   69.2046    74.9642
1597   69.2046    74.1581
1598   69.2046    75.2049
1599   69.2046    74.1728
1600   69.2046    73.2254
1601   69.2046    73.0405
1602   69.2046    74.8985
1603   69.2046    76.2503
1604   69.2046    74.9649
1605   69.2046    73.2446
1606   69.2046    74.242
1607   69.2046    74.641
1608   69.2046    74.463
1609   69.2046    74.421
1610   69.2046    72.9285
1611   69.2046    72.5503
1612   69.2046    71.3083
1613   69.2046    71.0401
1614   69.2046    72.6483
1615   69.2046    72.0652
1616   69.2046    71.4589
1617   69.2046    71.7552
1618   69.2046    71.4883
1619   69.1099    71.5469
1620   69.1099    69.8336
1621   69.1099    70.709
1622   69.1099    71.4692
1623   69.1099    71.2431
1624   69.1099    71.982
1625   69.1099    71.8264
1626   69.1099    70.6673
1627   69.1099    71.4574
1628   69.1099    72.9876
1629   69.1099    74.4625
1630   69.1099    73.9133
1631   69.1099    73.7139
1632   69.0918    72.6743
1633   69.0918    71.1568
1634   69.0918    72.0337
1635   69.0918    72.3834
1636   69.0918    71.9234
1637   69.0918    72.3813
1638   69.0918    72.6471
1639   69.0918    72.8984
1640   69.0918    73.4356
1641   69.0918    74.6586
1642   69.0918    75.0941
1643   69.0918    76.4472
1644   69.0918    76.3388
1645   69.0518    76.0051
1646   69.0518    74.2378
1647   69.0518    74.1982
1648   69.0518    74.553
1649   69.0518    74.7818
1650   69.0518    74.1081
1651   69.0518    71.8067
1652   69.0518    73.816
1653   69.0518    73.003
1654   69.0518    72.6073
1655   69.0518    73.0152
1656   69.0518    71.0543
1657   69.0518    71.3084
1658   69.0518    70.9117
1659   69.0518    70.7736
1660   69.0518    70.0747
1661   68.9635    71.7061
1662   68.9635    72.1789
1663   68.9635    72.187
1664   68.9635    74.4566
1665   68.9635    74.1855
1666   68.9635    72.9996
1667   68.9635    72.5291
1668   68.9635    72.0491
1669   68.9635    71.1848
1670   68.9635    70.7694
1671   68.9635    71.1536
1672   68.9635    71.4915
1673   68.9635    71.1721
1674   68.9635    71.677
1675   68.9635    73.7313
1676   68.9635    73.0331
1677   68.9635    73.0936
1678   68.9635    71.9847
1679   68.9635    71.5825
1680   68.9635    71.7489
1681   68.9635    72.6669
1682   68.9635    71.3771
1683   68.9635    71.3794
1684   68.9635    70.8466
1685   68.9635    71.7479
1686   68.958    72.996
1687   68.958    73.1512
1688   68.958    74.3125
1689   68.958    74.1601
1690   68.958    73.0651
1691   68.958    74.0447
1692   68.958    73.8118
1693   68.958    73.7173
1694   68.958    74.7798
1695   68.958    74.3214
1696   68.958    74.0236
1697   68.958    73.9149
1698   68.958    74.628
1699   68.958    73.9952
1700   68.958    74.6178
1701   68.8001    75.1931
1702   68.8001    75.0485
1703   68.8001    73.727
1704   68.8001    73.9429
1705   68.8001    74.3598
1706   68.8001    74.8655
1707   68.8001    74.348
1708   68.8001    75.1333
1709   68.8001    73.1258
1710   68.8001    72.2751
1711   68.8001    72.222
1712   68.8001    70.6493
1713   68.8001    71.0329
1714   68.8001    69.883
1715   68.8001    71.7345
1716   68.8001    71.3833
1717   68.8001    72.5781
1718   68.8001    72.3763
1719   68.8001    71.9049
1720   68.8001    70.8418
1721   68.8001    72.1946
1722   68.8001    71.1053
1723   68.8001    71.5334
1724   68.8001    71.1801
1725   68.8001    71.0925
1726   68.8001    71.4619
1727   68.8001    74.4853
1728   68.8001    73.9825
1729   68.8001    72.8182
1730   68.8001    74.2209
1731   68.8001    74.2328
1732   68.8001    75.0252
1733   68.8001    72.9112
1734   68.8001    72.4361
1735   68.8001    71.6839
1736   68.8001    73.8849
1737   68.8001    73.0289
1738   68.8001    72.0599
1739   68.8001    71.6295
1740   68.8001    72.8526
1741   68.8001    72.5643
1742   68.8001    71.478
1743   68.8001    71.2695
1744   68.8001    71.4853
1745   68.8001    72.6734
1746   68.8001    72.8564
1747   68.8001    73.5216
1748   68.8001    73.2228
1749   68.8001    72.7844
1750   68.8001    71.677
1751   68.8001    71.2439
1752   68.8001    71.3383
1753   68.8001    70.918
1754   68.8001    72.3249
1755   68.8001    71.9753
1756   68.8001    70.9313
1757   68.8001    70.9615
1758   68.8001    70.5427
1759   68.8001    70.7178
1760   68.8001    70.7265
1761   68.8001    71.9044
1762   68.8001    71.4526
1763   68.8001    73.3183
1764   68.8001    75.096
1765   68.8001    73.1179
1766   68.8001    71.7015
1767   68.8001    69.8962
1768   68.8001    70.3571
1769   68.8001    69.7437
1770   68.8001    70.688
1771   68.8001    69.4502
1772   68.8001    69.2384
1773   68.8001    70.5725
1774   68.8001    71.8801
1775   68.8001    73.0653
1776   68.8001    72.1975
1777   68.8001    70.8395
1778   68.8001    71.7592
1779   68.8001    72.1546
1780   68.8001    72.0116
1781   68.8001    71.4721
1782   68.8001    72.3931
1783   68.8001    71.6331
1784   68.8001    71.9059
1785   68.8001    72.514
1786   68.8001    72.2538
1787   68.8001    72.6168
1788   68.8001    71.8799
1789   68.8001    72.1168
1790   68.8001    73.4328
1791   68.8001    71.3416
1792   68.8001    71.8376
1793   68.8001    70.3449
1794   68.8001    69.5346
1795   68.8001    69.5326
1796   68.8001    69.2937
1797   68.8001    71.4719
1798   68.8001    70.5643
1799   68.8001    70.3839
1800   68.8001    71.3045
1801   68.8001    73.989
1802   68.8001    74.7111
1803   68.8001    73.5132
1804   68.8001    73.0459
1805   68.8001    74.8532
1806   68.8001    74.0234
1807   68.8001    73.2291
1808   68.8001    72.4455
1809   68.8001    73.1388
1810   68.8001    74.2494
1811   68.8001    72.6188
1812   68.8001    71.7337
1813   68.8001    71.79
1814   68.8001    73.0845
1815   68.8001    72.355
1816   68.8001    72.3457
1817   68.8001    71.2153
1818   68.8001    72.2559
1819   68.8001    71.6776
1820   68.8001    72.173
1821   68.8001    70.398
1822   68.8001    71.8721
1823   68.8001    71.7122
1824   68.8001    72.1073
1825   68.8001    70.5291
1826   68.8001    70.154
1827   68.8001    71.3895
1828   68.8001    72.6199
1829   68.8001    71.5377
1830   68.8001    71.3147
1831   68.8001    72.969
1832   68.8001    74.681
1833   68.8001    72.9687
1834   68.8001    72.7892
1835   68.8001    73.4432
1836   68.8001    72.6359
1837   68.8001    71.6892
1838   68.8001    70.8824
1839   68.8001    71.8342
1840   68.8001    71.2973
1841   68.8001    72.3838
1842   68.8001    71.8407
1843   68.8001    71.4413
1844   68.8001    71.7513
1845   68.8001    70.9476
1846   68.8001    74.1359
1847   68.8001    72.5961
1848   68.8001    71.8944
1849   68.8001    73.3916
1850   68.8001    73.8184
1851   68.8001    72.9647
1852   68.8001    71.2112
1853   68.8001    71.8225
1854   68.8001    71.1714
1855   68.8001    71.5585
1856   68.8001    70.4489
1857   68.8001    70.9704
1858   68.8001    72.1714
1859   68.8001    72.2271
1860   68.8001    72.4191
1861   68.8001    73.086
1862   68.8001    71.1158
1863   68.8001    72.7989
1864   68.8001    71.4932
1865   68.8001    70.5589
1866   68.8001    71.4693
1867   68.8001    71.1495
1868   68.8001    71.6014
1869   68.8001    73.1431
1870   68.8001    71.8803
1871   68.8001    70.1662
1872   68.8001    70.8711
1873   68.8001    71.8245
1874   68.8001    73.664
1875   68.8001    72.6863
1876   68.8001    73.7333
1877   68.8001    73.5009
1878   68.8001    73.3558
1879   68.8001    71.9411
1880   68.8001    72.5561
1881   68.8001    74.1176
1882   68.8001    72.8485
1883   68.8001    72.3037
1884   68.8001    72.6828
1885   68.8001    74.7017
1886   68.8001    72.8138
1887   68.8001    72.4951
1888   68.8001    74.801
1889   68.8001    71.8255
1890   68.8001    71.6538
1891   68.5203    72.7519
1892   68.5203    75.1671
1893   68.5203    74.3528
1894   68.5203    73.3791
1895   68.5203    73.2452
1896   68.5203    73.9243
1897   68.5203    72.8619
1898   68.5203    73.0624
1899   68.5203    73.0914
1900   68.5203    73.6621
1901   68.5203    74.1325
1902   68.5203    73.8382
1903   68.5203    72.2314
1904   68.5203    72.6594
1905   68.5203    70.2595
1906   68.5203    70.9206
1907   68.5203    71.4894
1908   68.5203    70.829
1909   68.5203    70.4717
1910   68.5203    70.4653
1911   68.5203    70.6628
1912   68.5203    70.4748
1913   68.5203    71.288
1914   68.5203    70.857
1915   68.5203    70.0425
1916   68.5203    70.3052
1917   68.5203    70.4072
1918   68.5203    71.2295
1919   68.5203    71.1775
1920   68.5203    72.275
1921   68.0596    73.067
1922   68.0596    72.2469
1923   68.0596    70.9748
1924   67.8619    71.6101
1925   67.8619    70.052
1926   67.7403    68.7948
1927   67.7403    68.9655
1928   67.7403    70.0655
1929   67.7403    70.8816
1930   67.7403    70.4815
1931   67.4055    70.1811
1932   67.4055    71.6769
1933   67.4055    72.0891
1934   67.4055    72.8795
1935   67.4055    71.2373
1936   67.4055    68.9454
1937   67.4055    70.1711
1938   67.4055    70.6473
1939   67.4055    71.7775
1940   67.4055    70.1346
1941   67.4055    71.8351
1942   67.4055    72.1685
1943   67.4055    71.7106
1944   67.4055    71.2875
1945   67.4055    70.3519
1946   67.4055    69.9136
1947   67.4055    71.3514
1948   67.4055    71.0114
1949   67.4055    70.9048
1950   67.4055    72.0326
1951   67.4055    71.3985
1952   67.4055    70.9399
1953   67.4055    70.0244
1954   67.4055    68.933
1955   67.4055    69.5193
1956   67.4055    70.4041
1957   67.4055    68.5486
1958   67.4055    69.984
1959   67.4055    70.6542
1960   67.4055    69.5616
1961   67.4055    70.3016
1962   67.4055    70.3752
1963   67.4055    68.7184
1964   67.4055    69.267
1965   67.4055    70.4887
1966   67.4055    71.1333
1967   67.4055    71.4371
1968   67.4055    71.8866
1969   67.4055    70.9755
1970   67.4055    70.3107
1971   67.4055    71.3262
1972   67.4055    70.0132
1973   67.4055    69.1732
1974   67.4055    70.282
1975   67.4055    69.3852
1976   67.4055    69.0485
1977   67.4055    69.3419
1978   67.4055    69.1858
1979   67.4055    72.5521
1980   67.4055    72.35
1981   67.4055    70.5616
1982   67.4055    71.1646
1983   67.4055    70.6182
1984   67.4055    70.9591
1985   67.4055    71.8755
1986   67.4055    71.1991
1987   67.4055    70.8627
1988   67.4055    72.9268
1989   67.4055    72.8416
1990   67.4055    72.7709
1991   67.4055    73.1645
1992   67.4055    72.9342
1993   67.4055    72.2414
1994   67.4055    71.0346
1995   67.4055    70.925
1996   67.4055    72.0011
1997   67.4055    70.5478
1998   67.4055    69.7153
1999   67.4055    70.8506
2000   67.4055    70.3916
