1   427.372    492.84
2   427.372    473.115
3   420.373    452.611
4   410.999    437.727
5   410.849    428.684
6   395.434    423.564
7   389.257    416.98
8   386.475    407
9   374.941    398.294
10   374.813    390.777
11   365.605    384.144
12   363.387    380.077
13   363.387    376.195
14   354.564    372.265
15   349.666    366.957
16   344.293    360.916
17   343.193    357.059
18   338.808    354.37
19   336.407    351.252
20   324.974    346.887
21   321.517    339.971
22   317.548    334.978
23   316.062    330.298
24   310.614    325.427
25   310.614    321.529
26   310.127    318.74
27   305.166    316.887
28   303.064    314.147
29   301.114    311.096
30   299.806    308.137
31   299.806    306.444
32   294.297    304.365
33   293.114    302.564
34   287.924    300.525
35   282.457    300.27
36   282.457    295.201
37   278.966    290.375
38   278.966    287.476
39   275.591    284.832
40   272.994    282.904
41   270.357    282.579
42   266.577    280.544
43   266.577    277.807
44   266.577    277.474
45   264.794    276.239
46   262.57    272.744
47   257.944    269.466
48   257.807    267.116
49   250.945    264.025
50   248.193    260.568
51   248.193    259.115
52   247.981    256.657
53   246.039    253.482
54   241.394    251.134
55   240.234    251.303
56   240.081    247.768
57   238.92    246.947
58   236.533    245.078
59   234.114    243.797
60   230.779    240.869
61   230.779    238.167
62   230.334    235.727
63   229.084    234.576
64   227.458    233.502
65   227.222    234.784
66   225.944    234.49
67   224.38    234.364
68   224.38    233.964
69   223.875    231.23
70   221.761    231.477
71   220.931    227.8
72   217.48    226.317
73   217.48    223.305
74   213.479    222.224
75   213.479    221.352
76   213.479    219.209
77   205.216    217.755
78   205.216    217.181
79   204.333    215.506
80   203.423    214.12
81   201.651    211.804
82   201.632    210.53
83   199.238    210.608
84   199.238    208.907
85   198.315    207.605
86   198.315    206.411
87   197.002    203.877
88   197.002    202.308
89   197.002    202.548
90   194.07    203.256
91   194.07    203.047
92   194.029    200.345
93   191.259    197.618
94   190.691    196.658
95   189.984    197.126
96   189.984    196.291
97   186.984    193.789
98   186.984    193.341
99   182.429    191.466
100   182.429    190.346
101   171.639    187.042
102   171.639    186.413
103   171.639    187.337
104   171.639    187.432
105   171.639    189.193
106   171.639    183.412
107   171.639    180.883
108   171.566    180.607
109   171.566    179.688
110   171.245    176.645
111   168.596    175.935
112   166.324    175.774
113   166.324    176.14
114   165.998    174.082
115   162.159    172.481
116   161.727    170.929
117   160.421    169.058
118   160.421    167.711
119   159.937    165.465
120   159.937    164.052
121   159.937    162.779
122   159.912    162.558
123   159.912    161.364
124   158.1    161.09
125   158.047    160.755
126   158.047    162.449
127   158.047    163.352
128   158.047    163.168
129   158.047    162.818
130   157.034    162.875
131   157.034    162.402
132   157.024    161.14
133   155.736    160.841
134   154.843    160.519
135   154.723    162.014
136   154.03    159.768
137   154.03    158.582
138   152.834    157.432
139   152.794    157.363
140   151.39    156.022
141   151.176    158.041
142   151.176    156.712
143   151.176    155.996
144   150.9    156.442
145   150.542    154.789
146   150.265    154.071
147   150.265    154.677
148   150.259    154.527
149   150.259    153.361
150   150.089    153.278
151   150.089    152.086
152   148.944    154.885
153   148.813    155.908
154   148.813    157.41
155   148.385    157.625
156   148.385    156.372
157   148.385    155.271
158   148.385    154.56
159   148.385    152.763
160   148.073    152.64
161   148.073    152.988
162   147.879    153.971
163   147.879    152.282
164   147.87    149.988
165   147.87    150.662
166   146.5    148.709
167   146.5    149.379
168   146.437    149.7
169   145.582    150.759
170   145.582    150.396
171   144.872    149.04
172   144.872    148.9
173   144.661    148.989
174   143.312    149.13
175   143.312    148.992
176   143.15    147.159
177   142.939    148.309
178   142.939    147.994
179   142.009    147.754
180   141.922    146.755
181   140.713    146.488
182   140.713    146.555
183   138.651    147.15
184   138.651    150.08
185   138.651    149.867
186   138.651    150.41
187   138.651    150.29
188   138.651    149.813
189   138.651    146.766
190   138.651    146.222
191   138.651    144.382
192   138.651    143.827
193   138.651    143
194   138.651    143.51
195   138.651    142.72
196   138.651    143.473
197   136.73    142.576
198   136.73    142.181
199   135.362    142.906
200   134.743    140.8
201   123.437    140.337
202   121.767    138.178
203   120.346    135.69
204   120.346    132.138
205   117.207    130.825
206   116.867    128.61
207   116.844    125.807
208   115.984    123.885
209   115.984    120.429
210   115.644    120.069
211   115.644    117.763
212   115.644    119.145
213   114.976    119.28
214   114.121    119.032
215   114.121    120.128
216   114.121    120.947
217   114.121    120.708
218   114.121    123.734
219   114.121    123.557
220   114.121    125.666
221   114.121    126.541
222   114.121    124.898
223   114.027    126.368
224   114.027    125.025
225   113.043    123.508
226   113.043    121.681
227   113.043    120.077
228   113.043    120.258
229   113.043    120.26
230   113.043    116.909
231   113.043    115.352
232   113.043    116.81
233   113.043    116.368
234   113.043    115.576
235   111.963    115.512
236   111.963    114.198
237   111.963    115.231
238   111.049    114.271
239   111.049    113.784
240   111.049    115.21
241   110.811    113.563
242   110.779    115.238
243   109.896    115.598
244   109.896    115.582
245   109.896    114.905
246   109.896    113.106
247   109.896    112.725
248   109.896    113.548
249   109.448    112.589
250   109.448    111.902
251   109.341    112.062
252   109.341    112.346
253   109.309    112.098
254   109.309    111.137
255   109.309    112.591
256   109.181    112.48
257   109.181    111.325
258   107.171    112.248
259   107.171    112.417
260   107.171    111.366
261   106.303    111.384
262   106.303    111.57
263   106.303    110.766
264   106.303    109.294
265   106.303    108.842
266   106.303    108.942
267   106.303    110.169
268   106.303    108.757
269   106.303    109.203
270   106.303    110.233
271   105.732    110.528
272   105.732    110.956
273   105.732    111.029
274   104.28    110.545
275   104.28    109.3
276   104.28    107.812
277   104.28    107.716
278   104.28    107.385
279   104.28    107.566
280   104.28    105.795
281   104.28    106.135
282   103.886    108.807
283   103.886    111.357
284   103.886    112.9
285   103.886    114.181
286   103.886    112.478
287   103.886    111.616
288   103.792    110.416
289   103.792    110.728
290   103.792    108.357
291   103.792    107.872
292   103.792    107.781
293   103.12    107.558
294   103.12    106.613
295   103.12    106.213
296   100.972    106.471
297   100.972    108.811
298   100.972    107.914
299   100.776    105.967
300   100.776    104.42
301   100.776    102.975
302   100.529    104.961
303   100.266    105.355
304   100.266    104.86
305   100.266    103.263
306   100.266    102.742
307   100.135    103.406
308   100.135    103.281
309   100.135    102.321
310   100.135    102.589
311   99.1857    101.626
312   99.1857    101.7
313   99.1857    101.12
314   99.1857    101.581
315   99.1857    102.061
316   99.0267    102.097
317   99.0267    102.526
318   99.0267    101.123
319   99.0267    102.867
320   99.0267    102.077
321   97.481    102.835
322   97.481    102.92
323   97.481    101.046
324   97.481    100.138
325   97.481    101.223
326   97.481    101.572
327   97.481    100.507
328   97.481    100.274
329   97.481    100.597
330   97.4085    99.7503
331   97.4085    100.939
332   97.4085    100.763
333   97.4085    100.738
334   97.0757    100.908
335   95.8234    99.9749
336   95.8234    100.345
337   95.8234    99.8464
338   95.8234    99.1107
339   95.8234    99.8229
340   95.8234    98.6392
341   95.8234    98.9289
342   95.8234    98.6086
343   95.7236    96.8985
344   95.7236    98.3912
345   95.7236    98.1264
346   95.7236    99.8641
347   95.7236    100.383
348   95.7236    99.6694
349   95.7236    97.9114
350   95.7236    98.0611
351   95.6529    97.8064
352   95.6529    97.9457
353   95.6529    97.9982
354   95.6529    99.644
355   95.6529    98.7858
356   95.5744    98.8208
357   95.4382    99.0326
358   95.4382    100.624
359   95.3208    99.6251
360   95.3208    100.619
361   95.3208    99.7197
362   95.3208    100.879
363   95.3208    99.2711
364   95.3208    99.8417
365   95.3208    98.8248
366   95.3208    99.1088
367   94.5276    98.3081
368   94.5276    97.1465
369   94.5276    98.5393
370   94.5276    98.4897
371   94.4576    96.9272
372   94.4576    98.4857
373   94.4576    98.3107
374   94.4576    97.949
375   94.4576    98.2238
376   94.4576    98.9455
377   94.4576    98.9021
378   94.4576    97.784
379   94.4576    97.6031
380   93.703    97.8373
381   93.703    98.4477
382   93.703    97.577
383   93.703    95.8376
384   93.703    95.6624
385   92.9547    95.8608
386   92.9547    97.6859
387   92.9547    98.5332
388   92.9547    96.9013
389   92.5738    95.9016
390   92.5738    95.4194
391   92.5738    94.9718
392   92.5738    95.3687
393   92.5738    96.097
394   92.5738    98.9278
395   92.5738    101.022
396   92.5738    99.8063
397   92.5738    100.74
398   92.5738    102.02
399   92.5738    102.492
400   92.5738    104.417
401   90.6121    99.9093
402   90.6121    99.2628
403   90.6121    98.1847
404   90.6121    102.177
405   90.6121    100.068
406   90.6121    104.028
407   90.6121    102.254
408   90.6121    105.208
409   90.6121    106.492
410   90.6121    104.345
411   90.6121    105.729
412   90.6121    101.545
413   90.6121    102.648
414   90.6121    98.9639
415   89.8512    99.2686
416   89.8512    96.8455
417   89.8512    95.941
418   89.8512    93.166
419   89.8512    93.2425
420   89.8512    93.937
421   89.8512    93.4023
422   89.8512    93.4732
423   89.8512    93.9041
424   89.8512    93.3926
425   89.8512    93.3047
426   89.8512    93.8946
427   89.8512    94.5376
428   89.8512    93.6326
429   89.8244    92.9185
430   89.8244    92.2835
431   89.1103    91.3496
432   89.1103    92.1585
433   89.1103    92.6642
434   89.1103    91.6692
435   89.0835    91.9512
436   89.0835    90.8641
437   89.0835    90.4179
438   89.0835    91.3315
439   89.0835    91.8076
440   89.0835    92.6335
441   88.3603    92.1848
442   88.3603    92.8857
443   88.3603    92.6007
444   88.3603    93.1264
445   88.3603    91.9409
446   88.3603    91.4267
447   88.3603    90.7954
448   88.3603    90.4586
449   88.3603    90.7701
450   88.3603    91.1725
451   88.3603    90.8137
452   88.3603    90.1197
453   88.3603    89.8181
454   88.3603    90.7339
455   88.3603    90.9408
456   88.3603    90.911
457   88.3603    90.5685
458   88.3603    91.9812
459   88.3603    92.9757
460   88.3603    91.4016
461   88.3603    91.8108
462   88.3603    90.6242
463   88.3603    90.9158
464   88.3603    92.8719
465   88.3603    94.0091
466   88.3562    92.2246
467   88.3562    92.23
468   88.3562    90.0854
469   88.3562    89.5918
470   88.3562    90.1267
471   88.3562    92.6316
472   88.1751    91.0525
473   88.1751    91.5209
474   88.1751    91.4506
475   88.1751    90.9087
476   88.1751    90.6746
477   88.1751    92.8154
478   88.1751    91.6719
479   86.8172    91.4025
480   86.8172    93.7736
481   86.8172    93.7746
482   86.8172    92.8124
483   86.8172    91.6653
484   86.7324    90.6789
485   86.8172    91.4344
486   86.8172    90.3732
487   86.8172    91.3324
488   86.8172    89.8237
489   86.8172    89.624
490   86.8172    89.5416
491   86.8172    91.0917
492   86.8172    91.205
493   86.8172    90.6543
494   86.8172    89.8284
495   86.8172    88.6027
496   86.6484    88.7963
497   86.6484    88.7425
498   86.468    90.1781
499   86.468    91.6746
500   86.4101    92.1282
501   84.0072    92.3106
502   83.5941    91.6636
503   83.5941    91.169
504   83.5886    89.0014
505   83.5347    88.5339
506   83.5292    87.4328
507   83.5292    86.8951
508   83.5292    87.9784
509   83.5292    88.1883
510   83.5292    88.9939
511   82.4859    86.7981
512   82.4859    87.4744
513   82.4859    88.5651
514   82.4859    86.0278
515   82.4859    86.6503
516   81.9496    86.0196
517   81.9496    86.3769
518   81.9496    86.3081
519   81.9165    86.9143
520   81.9165    85.6107
521   81.9165    85.0593
522   81.9165    85.883
523   81.9165    84.8979
524   81.3802    85.4402
525   81.3802    85.5577
526   81.3802    84.2617
527   81.3802    84.8323
528   81.3802    85.2912
529   81.3802    84.2799
530   81.3802    83.0096
531   81.3802    84.1716
532   81.3802    83.9914
533   81.3802    82.7201
534   81.3802    84.1341
535   81.3802    84.6618
536   81.3802    83.4635
537   80.8212    84.0226
538   80.8212    85.3792
539   80.8212    86.6175
540   80.8212    84.7054
541   80.8212    84.7078
542   80.8212    85.9301
543   80.8212    84.8841
544   80.8212    84.9516
545   80.8212    83.5008
546   80.8212    83.6529
547   80.7288    83.5368
548   80.7288    83.1722
549   80.7288    83.1721
550   80.6545    82.3103
551   80.6545    82.8186
552   80.5622    83.4856
553   80.5622    83.2448
554   80.5622    83.0258
555   80.189    83.1738
556   80.189    82.8735
557   80.189    82.0157
558   80.189    81.6285
559   80.189    81.1663
560   80.189    80.6361
561   80.189    80.7393
562   80.0316    81.3001
563   79.5208    82.4629
564   79.5208    84.0477
565   79.2219    85.1711
566   79.2219    83.5056
567   79.2219    83.13
568   79.2219    82.9841
569   79.2219    82.869
570   79.2219    82.2001
571   79.2219    80.6605
572   79.2219    81.1228
573   79.2219    80.7844
574   79.0688    81.667
575   79.0688    81.7999
576   79.0688    83.3701
577   79.0688    81.7963
578   79.0688    82.0892
579   79.0688    84.8684
580   79.0688    83.1263
581   79.0688    82.8473
582   78.9238    84.6603
583   78.9238    83.5575
584   78.9238    81.6043
585   78.9238    82.4879
586   78.9238    81.9596
587   78.9238    83.5009
588   78.9238    81.6544
589   78.9238    81.3091
590   78.9238    83.3289
591   78.9238    83.9731
592   78.9238    84.6737
593   78.9238    83.2361
594   78.9238    80.949
595   78.9238    81.1756
596   78.9238    80.7311
597   78.9238    80.9541
598   78.9238    82.4079
599   78.9238    81.6443
600   78.9238    82.0282
601   78.9238    82.4376
602   78.9238    81.4564
603   78.689    81.4069
604   78.689    81.1845
605   78.689    80.5398
606   78.689    81.4265
607   78.4411    82.6527
608   78.4411    83.0169
609   77.7137    84.4033
610   77.4659    84.2789
611   77.2893    80.7578
612   77.2893    80.9492
613   77.1197    80.4746
614   76.9165    82.0533
615   76.9165    81.4437
616   76.9165    82.3315
617   76.9165    81.6027
618   76.9165    82.3369
619   76.9061    81.4075
620   76.6888    80.4945
621   76.6888    78.7083
622   76.4725    78.9145
623   76.4725    78.1798
624   76.2552    79.5089
625   76.2552    80.621
626   76.2448    80.6762
627   76.2448    78.0573
628   76.2448    78.6285
629   75.4403    79.3865
630   75.4403    77.9748
631   74.8954    78.1745
632   74.8954    77.5401
633   74.8954    77.6343
634   74.8954    77.0021
635   74.8954    77.7593
636   74.8954    77.7211
637   74.8954    77.4654
638   74.6685    76.7223
639   74.2692    77.2969
640   74.2692    79.0098
641   74.2692    77.6675
642   74.1133    76.7622
643   74.1133    76.7927
644   74.1133    76.7247
645   74.1133    78.3864
646   74.1133    77.3885
647   74.1133    77.5234
648   74.1133    77.6407
649   74.1133    78.3977
650   74.1133    79.1502
651   74.1133    79.302
652   74.1133    77.3168
653   74.1133    78.0948
654   74.1133    78.0015
655   74.0413    78.4294
656   74.0413    77.9348
657   74.0413    77.441
658   74.0413    78.1605
659   74.0413    77.9932
660   74.0413    77.8647
661   74.0413    77.8912
662   74.0413    80.018
663   74.0413    79.9076
664   74.0413    79.3114
665   74.0413    79.3621
666   74.0413    77.3564
667   74.0413    76.7075
668   74.0413    76.5635
669   74.0413    76.0984
670   74.0413    76.5889
671   74.0413    76.7644
672   73.8985    76.8875
673   73.846    76.6226
674   73.7031    74.8897
675   73.7031    76.5065
676   73.7031    77.0477
677   73.7031    76.0984
678   73.7031    76.3598
679   73.7031    75.5265
680   73.655    75.6929
681   73.655    75.0306
682   73.655    76.8315
683   73.655    78.0067
684   73.655    77.5125
685   73.655    76.1053
686   73.655    77.1441
687   73.655    76.6092
688   73.655    76.4169
689   73.655    76.4833
690   73.655    75.4141
691   73.655    75.4021
692   73.655    75.1261
693   73.655    75.654
694   73.655    75.0921
695   73.655    74.5827
696   73.655    74.7711
697   73.655    75.4033
698   73.655    77.2755
699   73.655    76.8078
700   73.655    75.6401
701   73.655    76.229
702   73.655    77.0535
703   73.655    77.2165
704   73.655    77.6228
705   73.655    78.1861
706   73.3275    76.8709
707   73.3275    75.1917
708   73.3275    74.9322
709   73.2838    75.1387
710   73.2838    75.3908
711   73.2838    75.3721
712   73.2838    74.4644
713   73.2838    74.8125
714   73.2838    74.9993
715   73.2838    74.146
716   73.2838    74.1505
717   73.2838    75.8708
718   73.2838    75.3249
719   73.2838    76.4432
720   73.2838    75.4569
721   73.2838    76.4143
722   73.2838    74.2717
723   73.2838    75.595
724   73.2838    76.3756
725   73.2838    76.2827
726   72.0963    76.1147
727   72.0963    76.5476
728   71.8594    75.2586
729   71.8594    75.652
730   71.8594    74.5928
731   71.8594    74.5646
732   71.8594    73.7227
733   71.8594    74.086
734   71.8594    74.0872
735   71.8594    75.2674
736   71.8594    76.6103
737   71.8594    75.8815
738   71.8594    76.5904
739   71.8594    76.0735
740   71.8594    76.6665
741   71.8594    75.7443
742   71.8594    76.7077
743   71.8594    75.2056
744   71.8594    75.0415
745   71.8594    76.1145
746   71.8594    76.6667
747   71.8594    74.4851
748   71.8594    76.0653
749   71.8594    74.075
750   71.8594    74.2441
751   71.8594    75.4965
752   71.8594    74.5078
753   71.8594    76.8182
754   71.8594    77.1591
755   71.3678    77.2961
756   71.3678    74.9992
757   71.3678    74.7814
758   71.3678    74.4016
759   71.0921    73.0207
760   71.0921    73.6643
761   71.0921    73.2454
762   71.0921    74.5604
763   71.0921    74.5839
764   71.0921    73.936
765   71.0921    73.0742
766   71.0921    73.1415
767   71.0921    72.7272
768   71.0921    72.8996
769   71.0921    73.6136
770   71.0921    75.2391
771   71.0921    73.9625
772   71.0921    71.8696
773   71.0921    73.0472
774   71.0921    75.2064
775   71.0921    74.5418
776   71.0921    73.3775
777   71.0921    73.3204
778   71.0921    73.1087
779   71.0921    72.5346
780   71.0921    73.674
781   71.0921    76.6832
782   71.0921    76.8105
783   71.0921    76.9296
784   71.0921    74.6341
785   71.0921    76.0103
786   71.0921    73.5824
787   71.0921    74.3664
788   71.0921    74.091
789   71.0921    72.9221
790   71.0921    73.3093
791   71.0921    72.5645
792   71.0921    74.3377
793   71.0921    74.3702
794   71.0921    73.9141
795   71.0921    74.599
796   71.0921    75.2606
797   71.0921    74.3135
798   71.0921    74.3357
799   71.0921    76.1072
800   71.0921    76.5628
801   71.0921    76.0238
802   71.0921    76.7569
803   71.0921    76.8191
804   71.0921    77.3907
805   71.0921    78.55
806   71.0921    79.8485
807   71.0921    78.4244
808   71.0921    77.1562
809   71.0921    75.4324
810   71.0921    76.2962
811   71.0921    73.4419
812   71.0921    73.4718
813   71.0921    73.777
814   71.0921    74.1637
815   71.0921    74.9009
816   71.0921    74.5589
817   71.0921    74.2333
818   71.0921    74.8326
819   71.0921    74.3967
820   71.0921    74.4966
821   71.0921    73.8018
822   71.0921    72.9327
823   71.0921    73.9534
824   71.0921    75.1409
825   71.0921    75.5293
826   71.0921    75.2544
827   71.0921    73.7277
828   71.0921    73.6806
829   71.0921    75.336
830   71.0921    75.7841
831   71.0921    74.7195
832   71.0921    73.9755
833   71.0921    72.6417
834   71.0921    74.4636
835   71.0921    73.241
836   71.0921    73.4921
837   71.0921    75.2834
838   71.0921    74.1196
839   71.0921    72.4621
840   71.0921    73.6221
841   71.0921    73.8212
842   71.0921    74.4524
843   71.0921    73.2305
844   71.0921    74.3613
845   71.0921    74.6345
846   71.0921    75.9079
847   71.0921    75.8651
848   71.0921    74.0556
849   71.0921    74.0829
850   71.0921    73.1626
851   71.0921    73.1569
852   71.0921    73.0554
853   71.0921    73.9966
854   71.0921    75.6394
855   71.0921    74.5731
856   71.0921    73.5139
857   71.0921    74.6216
858   71.0921    72.4498
859   71.0921    72.7816
860   71.0921    72.9536
861   71.0921    74.5262
862   71.0921    74.4767
863   71.0921    74.3288
864   71.0921    73.6178
865   71.0921    72.618
866   71.0921    72.8373
867   71.0921    71.9752
868   71.0921    74.9763
869   71.0921    73.5458
870   71.0921    73.717
871   71.0921    74.6161
872   71.0921    74.7587
873   71.0921    73.797
874   71.0921    73.1674
875   71.0921    73.5857
876   71.0921    74.2292
877   71.0921    73.212
878   71.0921    73.5915
879   71.0921    74.7593
880   71.0921    74.5311
881   71.0921    74.2775
882   71.0921    73.2461
883   70.8913    73.0276
884   70.8913    73.8099
885   70.8913    73.5263
886   70.8913    73.2133
887   70.8913    73.4831
888   70.8913    73.1479
889   70.8913    72.5603
890   70.8913    72.2256
891   70.8913    73.2976
892   70.8913    73.7501
893   70.8913    72.6722
894   70.8913    73.0069
895   70.8913    72.5965
896   70.8913    72.5748
897   70.8913    72.9844
898   70.8913    72.7276
899   70.8913    73.1687
900   70.8913    73.8424
901   70.6574    73.5554
902   70.6393    73.3653
903   70.1464    72.7569
904   69.8658    72.8191
905   69.8658    73.4793
906   69.7766    74.2684
907   69.7766    73.9927
908   69.3838    73.1401
909   69.3838    73.5449
910   69.3838    73.2495
911   69.3838    73.4926
912   69.3838    72.4538
913   69.3838    72.0035
914   69.3838    73.4085
915   69.3838    73.3883
916   69.3838    72.8587
917   69.3838    72.8454
918   69.3838    73.0545
919   69.3838    73.2877
920   69.3838    73.3056
921   69.3838    72.3672
922   69.3838    72.0669
923   69.3838    73.4858
924   69.3838    72.6343
925   69.3838    71.7018
926   69.3838    73.013
927   69.3838    73.4043
928   69.3838    73.2525
929   69.0473    73.8079
930   69.0473    71.3854
931   69.0473    71.4027
932   69.0473    71.4297
933   69.0473    72.4601
934   69.0473    72.8148
935   69.0473    73.6308
936   69.0473    72.9683
937   69.0473    72.2463
938   69.0473    72.2914
939   69.0473    71.2395
940   69.0473    72.2312
941   69.0005    71.6985
942   69.0005    71.2686
943   69.0005    70.7237
944   68.7918    71.8165
945   68.7918    72.6012
946   68.7918    71.045
947   68.7918    72.0998
948   68.7918    74.7503
949   68.7918    74.651
950   68.7918    73.2476
951   68.7918    71.215
952   68.7918    71.0254
953   68.7918    70.9576
954   68.7918    71.423
955   68.7918    74.3608
956   68.7918    77.0557
957   68.7918    78.9356
958   68.7918    80.545
959   68.7918    79.796
960   68.7918    81.5696
961   68.7918    79.2871
962   68.7918    78.7141
963   68.7918    77.5992
964   68.6899    75.2713
965   68.6899    73.7482
966   68.6899    72.3174
967   68.6899    73.43
968   68.6899    73.4731
969   68.6899    72.7757
970   68.6899    72.9193
971   68.6899    73.1232
972   68.6899    72.9637
973   68.6899    73.1819
974   68.6899    71.1016
975   68.6899    72.994
976   68.6899    75.4386
977   68.6899    77.2816
978   68.6899    80.1711
979   68.6899    80.6748
980   68.6899    80.3383
981   68.6899    80.8852
982   68.6899    80.7571
983   68.6899    80.6264
984   68.6899    79.2282
985   68.6899    77.0779
986   68.6899    74.9087
987   68.6899    73.7519
988   68.6899    73.3072
989   68.6899    71.3142
990   68.6899    70.2019
991   68.6899    71.2711
992   68.6899    69.5872
993   68.6899    71.5036
994   68.6899    72.3852
995   68.6899    71.0439
996   68.6899    70.2642
997   68.6899    70.415
998   68.6899    71.7566
999   68.6899    72.8086
1000   68.6899    72.7346
1001   68.6899    71.7597
1002   68.6899    72.1163
1003   68.6899    71.6409
1004   68.6899    73.0528
1005   68.6899    71.0985
1006   68.6899    71.9274
1007   68.6899    71.0592
1008   68.6899    71.5547
1009   68.6899    70.1603
1010   68.6899    72.3234
1011   68.6899    73.1142
1012   68.6899    73.2749
1013   68.6899    73.5007
1014   68.6899    72.789
1015   68.6899    72.1646
1016   68.6899    72.889
1017   68.6899    72.4347
1018   68.6899    72.5881
1019   68.6899    71.7283
1020   68.6899    72.8999
1021   68.6899    71.791
1022   68.6899    73.7092
1023   68.6899    73.3385
1024   68.6899    74.3595
1025   68.6899    73.7887
1026   68.6899    74.0633
1027   68.6899    73.8147
1028   68.6899    72.5024
1029   68.6899    72.6368
1030   68.6899    73.2996
1031   68.6899    72.1178
1032   68.6899    72.167
1033   68.6899    70.2843
1034   68.6899    70.958
1035   68.6899    71.9756
1036   68.6899    72.4335
1037   68.6899    72.4266
1038   68.6899    71.1341
1039   68.6899    71.3186
1040   68.6899    72.1457
1041   68.6899    70.917
1042   68.6899    72.4356
1043   68.6899    71.9324
1044   68.6899    71.2002
1045   68.6899    70.6761
1046   68.6899    70.7006
1047   68.6899    71.2978
1048   68.6899    71.4133
1049   68.6899    71.2157
1050   68.6899    71.8092
1051   68.6899    71.5857
1052   68.6899    71.5462
1053   68.6899    72.5005
1054   68.6899    72.3196
1055   68.6899    73.068
1056   68.6899    72.7478
1057   68.6899    72.5589
1058   68.6899    70.8663
1059   68.6899    72.6814
1060   68.6899    71.9659
1061   68.6899    71.7254
1062   68.6899    70.2013
1063   68.6899    71.3344
1064   68.6899    71.2176
1065   68.6899    70.8273
1066   68.6899    70.8523
1067   68.6899    72.7243
1068   68.6899    72.8939
1069   68.6899    72.2296
1070   68.6899    71.7194
1071   68.6899    72.7281
1072   68.6899    72.7846
1073   68.6899    72.5183
1074   68.6899    72.0265
1075   68.6899    70.4485
1076   68.6899    70.8062
1077   68.6899    70.5804
1078   68.6899    70.917
1079   68.6899    70.8873
1080   68.6899    71.7841
1081   68.6899    71.273
1082   68.6899    71.4543
1083   68.6899    71.1815
1084   68.6899    71.432
1085   68.6899    71.4445
1086   68.6899    71.1288
1087   68.6899    72.259
1088   68.6899    72.8858
1089   68.6899    72.7173
1090   68.6899    73.1621
1091   68.6899    73.2592
1092   68.6899    71.9916
1093   68.6899    71.869
1094   68.6899    72.2173
1095   68.6899    72.1098
1096   68.6899    71.5362
1097   68.6899    72.2249
1098   68.6899    70.3585
1099   68.6899    70.3755
1100   68.6899    70.0936
1101   68.3274    69.8982
1102   67.9496    71.6873
1103   67.9359    71.708
1104   67.9359    71.4453
1105   67.4681    70.6959
1106   67.4681    70.6162
1107   67.4544    71.2801
1108   67.4544    70.2028
1109   67.4544    71.1434
1110   67.4544    70.2832
1111   67.4544    70.1097
1112   67.4544    71.3045
1113   67.4544    72.1069
1114   67.4544    70.8537
1115   67.4544    71.3354
1116   67.4544    69.8451
1117   67.4544    70.0745
1118   67.4544    69.8557
1119   67.4544    69.6153
1120   67.4544    69.9008
1121   67.4544    68.157
1122   67.0324    68.5362
1123   67.0324    68.6254
1124   67.0324    68.4224
1125   67.0324    69.7206
1126   67.0324    68.9624
1127   67.0324    69.5851
1128   67.0324    70.6139
1129   67.0324    70.7016
1130   67.0324    69.0463
1131   67.0324    70.881
1132   67.0324    70.8929
1133   67.0324    71.106
1134   67.0324    72.8524
1135   67.0324    71.5581
1136   67.0324    69.8659
1137   67.0324    70.5589
1138   67.0324    70.1748
1139   67.0324    71.8579
1140   67.0324    71.4299
1141   67.0324    70.5382
1142   67.0324    70.2636
1143   67.0324    71.0004
1144   67.0324    69.5011
1145   67.0324    69.044
1146   67.0324    69.4805
1147   67.0324    68.3509
1148   67.0324    68.6481
1149   67.0324    69.2927
1150   67.0324    68.9382
1151   67.0324    68.9602
1152   67.0324    70.1
1153   67.0324    69.7186
1154   67.0324    70.9699
1155   67.0324    70.474
1156   67.0324    70.81
1157   67.0324    70.3854
1158   67.0324    71.5468
1159   67.0324    72.2788
1160   67.0324    71.0847
1161   67.0324    70.708
1162   67.0324    70.3195
1163   67.0324    70.0745
1164   67.0324    68.7738
1165   67.0324    69.6046
1166   67.0324    71.6922
1167   67.0324    72.7344
1168   67.0324    71.7434
1169   67.0324    69.6024
1170   67.0324    69.6023
1171   67.0324    69.5644
1172   67.0324    71.2414
1173   67.0324    70.5148
1174   67.0324    70.7722
1175   67.0324    70.5629
1176   67.0324    70.9875
1177   67.0324    69.1888
1178   67.0324    69.4098
1179   66.8555    68.9314
1180   66.8555    70.1794
1181   66.8555    70.6366
1182   66.8555    70.6613
1183   66.8555    69.8922
1184   66.8555    68.8137
1185   66.8555    71.1268
1186   66.8555    71.516
1187   66.8555    71.0968
1188   66.8555    70.6467
1189   66.8555    69.8867
1190   66.8555    70.3341
1191   66.8555    70.3113
1192   66.8555    69.4399
1193   66.8555    70.0994
1194   66.8555    70.3548
1195   66.8555    69.5112
1196   66.8555    71.2507
1197   66.8555    70.5596
1198   66.8555    70.9789
1199   66.8555    69.6951
1200   66.8555    69.9093
1201   66.8555    70.2185
1202   66.8555    70.2914
1203   66.8555    69.4584
1204   66.8555    69.8526
1205   66.8555    70.0591
1206   66.8555    72.3068
1207   66.8555    72.2879
1208   66.8555    73.0948
1209   66.8555    70.7514
1210   66.8555    70.9494
1211   66.8555    70.1569
1212   66.8555    69.7302
1213   66.8555    69.1957
1214   66.8555    68.0391
1215   66.8555    68.6953
1216   66.8555    69.2066
1217   66.8555    69.2757
1218   66.8555    70.9964
1219   66.8555    71.9404
1220   66.8555    71.8616
1221   66.8555    70.4182
1222   66.8555    69.4072
1223   66.8555    69.2756
1224   66.8555    68.3093
1225   66.8555    68.7391
1226   66.8555    68.0644
1227   66.8555    67.7887
1228   66.8555    69.4061
1229   66.8555    68.7312
1230   66.8555    68.3437
1231   66.8555    68.1603
1232   66.8555    69.2899
1233   66.8555    70.9856
1234   66.8555    70.6491
1235   66.8555    70.309
1236   66.8555    69.7647
1237   66.8555    70.534
1238   66.8555    69.3684
1239   66.8555    68.9445
1240   66.8555    69.8988
1241   66.8555    68.3039
1242   66.8555    68.7704
1243   66.8555    68.9188
1244   66.8555    68.6598
1245   66.8555    69.9832
1246   66.8555    72.0591
1247   66.8555    70.3549
1248   66.8555    70.1801
1249   66.8555    70.9807
1250   66.8555    71.0315
1251   66.8555    70.5844
1252   66.8555    70.3453
1253   66.8555    70.9332
1254   66.8555    70.3831
1255   66.8555    70.7042
1256   66.8555    69.7769
1257   66.8555    70.0397
1258   66.8555    70.4248
1259   66.8555    70.6352
1260   66.8555    70.687
1261   66.8555    69.438
1262   66.8555    69.929
1263   66.8555    69.719
1264   66.8555    69.6496
1265   66.8555    69.3624
1266   66.8555    67.5523
1267   66.8555    68.6298
1268   66.8555    68.5486
1269   66.8555    67.9357
1270   66.8555    67.9924
1271   66.8555    68.8713
1272   66.8555    68.1673
1273   66.8555    68.9819
1274   66.8555    69.2683
1275   66.8555    69.0099
1276   66.8555    69.108
1277   66.8555    70.9922
1278   66.8555    69.5666
1279   66.8555    71.6992
1280   66.8555    71.7429
1281   66.8555    71.1831
1282   66.8555    69.5027
1283   66.8555    73.1397
1284   66.8555    72.9128
1285   66.8555    72.7536
1286   66.8555    73.3801
1287   66.8555    74.6065
1288   66.8555    72.9942
1289   66.8555    73.2716
1290   66.8555    72.8633
1291   66.8555    73.8692
1292   66.8555    74.5826
1293   66.8555    72.681
1294   66.8555    72.5656
1295   66.8555    71.8721
1296   66.8555    71.1968
1297   66.8555    69.2552
1298   66.8555    69.2659
1299   66.8555    70.1934
1300   66.8555    68.9482
1301   66.8555    68.7488
1302   66.8555    68.4519
1303   66.8555    69.8262
1304   66.8555    70.9283
1305   66.8555    71.8372
1306   66.8555    70.8304
1307   66.8555    71.1704
1308   66.8555    70.979
1309   66.8555    69.6698
1310   66.8555    71.0484
1311   66.8555    70.5416
1312   66.8555    70.4436
1313   66.8555    71.0115
1314   66.8555    71.8877
1315   66.8555    69.8884
1316   66.8555    71.0419
1317   66.8555    71.77
1318   66.8555    71.6967
1319   66.8555    72.2672
1320   66.8555    71.7296
1321   66.8555    70.9637
1322   66.8555    71.2704
1323   66.8555    70.739
1324   66.8555    69.6384
1325   66.8555    69.8831
1326   66.8555    70.7233
1327   66.8555    72.1501
1328   66.8555    70.7483
1329   66.8555    71.5707
1330   66.8555    71.4049
1331   66.8555    71.86
1332   66.8555    72.7909
1333   66.8555    72.1293
1334   66.8555    71.7533
1335   66.8555    70.985
1336   66.8555    73.3005
1337   66.8555    71.274
1338   66.8555    69.6754
1339   66.8555    69.282
1340   66.8555    70.2702
1341   66.8555    70.7097
1342   66.8555    70.2271
1343   66.8555    71.4104
1344   66.8555    70.7973
1345   66.8555    71.4629
1346   66.8555    69.8901
1347   66.8555    71.7151
1348   66.8555    72.4704
1349   66.8555    69.6793
1350   66.8555    69.2546
1351   66.8555    68.6129
1352   66.8555    69.1262
1353   66.8555    69.4914
1354   66.8555    69.1503
1355   66.8555    68.1391
1356   66.8555    67.7021
1357   66.8555    68.6096
1358   66.8555    68.9932
1359   66.8555    67.8276
1360   66.8555    68.9572
1361   66.8555    68.1655
1362   66.8555    68.9038
1363   66.8555    69.2905
1364   66.8555    69.5636
1365   66.8555    69.6522
1366   66.8555    69.678
1367   66.8555    69.7272
1368   66.8555    70.7442
1369   66.8555    69.6981
1370   66.8555    69.1565
1371   66.8555    69.158
1372   66.8555    68.5303
1373   66.8555    69.3617
1374   66.8555    70.3931
1375   66.8555    71.23
1376   66.8555    71.3524
1377   66.8555    71.2824
1378   66.8555    70.1213
1379   66.8555    70.5787
1380   66.8555    70.5411
1381   66.8555    69.505
1382   66.8555    72.2743
1383   66.8555    70.3576
1384   66.8555    69.8238
1385   66.8555    70.5452
1386   66.8555    69.5843
1387   66.8555    70.7147
1388   66.8555    70.8668
1389   66.8555    69.9834
1390   66.8555    69.9372
1391   66.8555    71.0655
1392   66.8555    70.895
1393   66.8555    69.854
1394   66.8555    71.1995
1395   66.8555    73.26
1396   66.8555    72.7155
1397   66.8555    71.6323
1398   66.8555    71.0842
1399   66.8555    69.781
1400   66.8555    70.4612
1401   66.4948    70.8668
1402   66.4948    72.4699
1403   66.4948    73.7927
1404   66.4948    72.7372
1405   66.3228    72.3907
1406   66.3228    70.6555
1407   66.3228    69.9076
1408   66.3228    72.4959
1409   66.3228    72.0847
1410   66.3228    71.6332
1411   66.3228    71.4281
1412   66.3228    69.9789
1413   66.3228    71.2406
1414   66.3228    71.6733
1415   66.3228    69.5521
1416   66.3228    70.0043
1417   66.3228    70.1076
1418   66.3228    69.8253
1419   66.3228    70.3303
1420   66.3228    70.4973
1421   66.3228    70.2096
1422   66.3228    70.327
1423   66.3228    71.841
1424   66.3228    70.321
1425   66.3228    69.1489
1426   66.3228    70.456
1427   66.3228    69.9693
1428   66.3228    70.5825
1429   66.3228    69.5305
1430   66.3228    69.2287
1431   66.3228    68.2443
1432   66.3228    68.9887
1433   66.3228    68.5504
1434   66.3228    68.8227
1435   66.3228    68.8268
1436   66.3228    68.0102
1437   66.3228    68.3249
1438   66.3228    69.1127
1439   66.3228    69.3724
1440   66.3228    69.8338
1441   66.3228    70.0941
1442   66.3228    71.238
1443   66.3228    71.6111
1444   66.3228    71.1369
1445   66.3228    68.3427
1446   66.3228    68.207
1447   66.3228    68.4974
1448   66.3228    69.8195
1449   66.3228    69.2494
1450   66.3228    70.0275
1451   66.3228    69.5488
1452   66.3228    70.0492
1453   66.3228    71.1071
1454   66.3228    70.5749
1455   66.3228    71.8817
1456   66.1708    71.2457
1457   66.1708    69.6451
1458   66.1708    68.8945
1459   66.1708    69.4113
1460   66.1708    70.29
1461   66.1708    69.7518
1462   66.1708    73.0609
1463   66.1708    71.8186
1464   66.1708    70.8393
1465   66.1708    68.9842
1466   66.1708    69.8595
1467   66.1708    68.992
1468   66.1708    69.8412
1469   66.1708    68.9847
1470   66.1708    69.3325
1471   66.1708    67.9417
1472   66.1708    67.6893
1473   66.1708    67.7989
1474   66.1708    67.9867
1475   66.1708    68.2398
1476   66.1708    68.2212
1477   66.1708    68.0157
1478   66.1708    68.5093
1479   66.1708    68.8575
1480   66.1708    69.2513
1481   66.1708    69.7897
1482   66.1708    70.3588
1483   66.1708    68.7774
1484   66.1708    71.7352
1485   66.1708    72.331
1486   66.1708    70.816
1487   66.1708    70.7808
1488   66.1708    71.3411
1489   66.1708    70.4396
1490   66.1708    69.8617
1491   66.1708    68.6603
1492   66.1708    67.5086
1493   66.1708    68.8557
1494   66.1708    69.5472
1495   66.1708    68.5527
1496   66.1708    69.145
1497   66.1708    70.1406
1498   66.1708    68.4849
1499   66.1708    67.5449
1500   66.1708    68.2859
1501   66.1708    68.373
1502   66.1708    69.1666
1503   66.1708    70.2566
1504   66.1708    70.9707
1505   66.1708    69.0855
1506   66.1708    69.1632
1507   66.1708    69.1458
1508   66.1708    69.7214
1509   66.1708    69.1669
1510   66.1708    70.787
1511   66.1708    69.0918
1512   66.1708    69.087
1513   66.1708    68.334
1514   66.1708    70.7103
1515   66.1708    68.8698
1516   66.1708    68.7614
1517   66.1708    70.9498
1518   66.1708    71.0903
1519   66.1708    68.7885
1520   66.1708    68.7669
1521   66.1708    69.4962
1522   66.1708    69.4776
1523   66.1708    68.6509
1524   66.1708    69.2837
1525   66.1708    68.8583
1526   66.1708    70.0533
1527   66.1708    69.3143
1528   66.1708    70.8975
1529   66.1708    70.7102
1530   66.1708    72.2482
1531   66.1708    72.6545
1532   66.1708    71.9591
1533   66.1708    69.6184
1534   66.1708    68.8754
1535   66.1708    69.0506
1536   66.1708    67.2779
1537   66.1708    68.4068
1538   66.1708    68.7048
1539   66.1708    69.9074
1540   66.1708    69.5695
1541   66.1708    67.9124
1542   66.1708    67.855
1543   66.1708    68.9308
1544   66.1708    68.8949
1545   66.1708    69.8992
1546   66.1708    69.3109
1547   66.1708    69.6994
1548   66.1708    69.7003
1549   66.1708    68.831
1550   66.1708    69.2774
1551   66.1708    68.6119
1552   66.1708    68.9641
1553   66.1708    68.7053
1554   66.1708    68.7765
1555   66.1708    69.2253
1556   66.1708    68.8581
1557   66.1708    68.637
1558   66.1708    69.0179
1559   66.1708    67.6874
1560   66.1708    69.8454
1561   66.1708    70.1274
1562   66.1708    69.8459
1563   66.1708    68.6342
1564   66.1708    68.5659
1565   66.1708    70.6202
1566   66.1708    71.3262
1567   66.1708    70.6279
1568   66.1708    69.1396
1569   66.1708    68.4597
1570   66.1708    70.6666
1571   66.1708    69.5151
1572   66.1708    68.9431
1573   66.1708    68.4169
1574   66.1708    67.5351
1575   66.1708    68.1998
1576   66.1708    68.4613
1577   66.1708    68.0173
1578   66.1708    68.7554
1579   66.1708    68.4934
1580   66.1708    68.8524
1581   66.1708    68.3395
1582   66.1708    67.256
1583   66.1708    68.5224
1584   66.1708    67.9632
1585   66.1708    68.3048
1586   66.1708    68.0169
1587   66.1708    69.8991
1588   66.1708    70.6609
1589   66.1708    70.0223
1590   66.1708    71.3329
1591   66.1708    69.1495
1592   66.1708    69.3226
1593   66.1708    68.6775
1594   66.1708    70.0391
1595   66.1708    68.0912
1596   66.1708    68.0601
1597   66.1708    68.0222
1598   66.1708    67.7245
1599   66.1708    69.3765
1600   66.1708    69.3026
1601   65.8222    68.7371
1602   65.8222    68.8619
1603   65.8222    67.3966
1604   65.8222    67.0044
1605   65.8222    66.9207
1606   65.8222    68.6184
1607   65.8222    68.3134
1608   65.8222    68.217
1609   65.8222    67.5538
1610   65.8222    68.5722
1611   65.8222    68.6578
1612   65.8222    70.1143
1613   65.8222    69.246
1614   65.8222    68.9184
1615   65.8222    68.3301
1616   65.8222    67.9868
1617   65.8222    68.6898
1618   65.8222    68.7892
1619   65.8222    70.2896
1620   65.8222    70.3278
1621   65.8222    69.5996
1622   65.8222    68.9749
1623   65.8222    69.6101
1624   65.8222    70.0349
1625   65.8222    68.4692
1626   65.8222    69.359
1627   65.8222    68.4451
1628   65.8222    67.3289
1629   65.8222    68.9648
1630   65.8222    68.1166
1631   65.8222    69.4108
1632   65.8222    68.476
1633   65.8222    68.4475
1634   65.8222    69.2535
1635   65.8222    68.1389
1636   65.8222    68.2933
1637   65.8222    70.7458
1638   65.8222    69.11
1639   65.8222    68.9047
1640   65.8222    69.38
1641   65.8222    69.3515
1642   65.8222    69.0516
1643   65.8222    68.5764
1644   65.8222    68.7968
1645   65.8222    69.2911
1646   65.8222    69.6161
1647   65.8222    68.7052
1648   65.8222    70.5483
1649   65.8222    68.2807
1650   65.8222    69.5781
1651   65.8222    68.9531
1652   65.8222    69.6198
1653   65.8222    70.8731
1654   65.8222    70.4844
1655   65.8222    70.9777
1656   65.8222    70.2318
1657   65.8222    70.3625
1658   65.8222    69.5672
1659   65.8222    68.2698
1660   65.8222    68.8719
1661   65.8222    68.9577
1662   65.8222    68.1628
1663   65.8222    67.396
1664   65.8222    68.6519
1665   65.8222    69.4771
1666   65.8222    69.5794
1667   65.8222    68.3432
1668   65.8222    68.1554
1669   65.8222    68.0486
1670   65.8222    68.6299
1671   65.8222    69.168
1672   65.8222    69.1515
1673   65.8222    67.7761
1674   65.8222    67.8894
1675   65.8222    67.5422
1676   65.8222    69.1545
1677   65.8222    67.8648
1678   65.8222    68.9984
1679   65.8222    68.3999
1680   65.8222    69.2662
1681   65.8222    69.4084
1682   65.8222    69.7404
1683   65.8222    70.572
1684   65.8222    67.8234
1685   65.8222    68.1514
1686   65.8222    67.358
1687   65.8222    67.1894
1688   65.8222    68.0018
1689   65.8222    68.875
1690   65.8222    67.7108
1691   65.8222    67.0546
1692   65.8222    67.7712
1693   65.8222    68.7275
1694   65.8222    69.5227
1695   65.8222    70.0759
1696   65.8222    69.6932
1697   65.8222    71.2976
1698   65.8222    70.3284
1699   65.8222    69.1965
1700   65.8222    68.8365
1701   65.8222    71.3171
1702   65.8222    69.1624
1703   65.8222    68.9009
1704   65.8222    68.3989
1705   65.8222    68.5734
1706   65.8222    69.6544
1707   65.8222    67.8164
1708   65.8222    67.1727
1709   65.8222    68.5592
1710   65.8222    69.1021
1711   65.8222    68.4019
1712   65.8222    67.5878
1713   65.8222    67.5255
1714   65.8222    68.2138
1715   65.8222    69.0935
1716   65.8222    70.1752
1717   65.8222    69.9245
1718   65.8222    68.8112
1719   65.8222    69.0595
1720   65.8222    69.0937
1721   65.8222    69.7005
1722   65.8222    69.7418
1723   65.8222    69.7958
1724   65.8222    72.4356
1725   65.8222    71.2161
1726   65.8222    71.2845
1727   65.8222    70.4034
1728   65.8222    70.0332
1729   65.8222    70.9637
1730   65.8222    70.5076
1731   65.8222    71.6884
1732   65.8222    70.4549
1733   65.8222    68.9335
1734   65.8222    69.1796
1735   65.8222    68.2375
1736   65.8222    69.1683
1737   65.8222    67.8035
1738   65.8222    69.2083
1739   65.8222    69.6973
1740   65.8222    68.9441
1741   65.8222    68.5242
1742   65.8222    68.4547
1743   65.8222    68.0992
1744   65.8222    67.929
1745   65.8222    66.7294
1746   65.8222    66.4922
1747   65.8222    66.498
1748   65.8222    67.7793
1749   65.8222    67.4137
1750   65.8222    68.0945
1751   65.8222    68.2137
1752   65.8222    68.7591
1753   65.8222    69.1264
1754   65.8222    68.8119
1755   65.8222    69.0266
1756   65.8222    68.3023
1757   65.8222    69.0141
1758   65.8222    68.5435
1759   65.8222    68.1942
1760   65.8222    67.6584
1761   65.8222    67.6122
1762   65.8222    67.9425
1763   65.8222    68.4446
1764   65.8222    68.2998
1765   65.8222    67.8789
1766   65.8222    69.0232
1767   65.8222    69.1819
1768   65.8222    69.7986
1769   65.8222    70.3472
1770   65.8222    68.5127
1771   65.8222    69.0217
1772   65.8222    68.6264
1773   65.8222    69.1964
1774   65.8222    68.4238
1775   65.8222    68.0813
1776   65.8222    67.6625
1777   65.8222    68.6732
1778   65.8222    71.1799
1779   65.8222    70.2792
1780   65.8222    69.6912
1781   65.8222    69.663
1782   65.8222    69.6441
1783   65.8222    70.1183
1784   65.8222    69.045
1785   65.8222    69.6336
1786   65.8222    69.7641
1787   65.8222    70.0746
1788   65.8222    68.3618
1789   65.8222    69.1636
1790   65.8222    66.6974
1791   65.8222    67.0989
1792   65.8222    66.5392
1793   65.8222    67.2277
1794   65.8222    69.2294
1795   65.8222    69.1985
1796   65.8222    71.2703
1797   65.8222    70.6225
1798   65.8222    70.325
1799   65.8222    69.1245
1800   65.8222    68.0816
1801   65.7142    68.307
1802   65.7142    68.4751
1803   65.7142    67.7404
1804   65.7142    68.0496
1805   65.7142    68.5743
1806   65.7142    69.0552
1807   65.7142    69.6038
1808   65.7142    67.115
1809   65.7142    66.6389
1810   65.7142    66.3904
1811   65.7142    67.5456
1812   65.7142    69.5299
1813   65.7142    69.6211
1814   65.7142    71.3614
1815   65.7142    69.3972
1816   65.7142    70.8734
1817   65.7142    69.4083
1818   65.7142    68.7853
1819   65.7142    69.0945
1820   65.7142    69.3962
1821   65.7142    69.2495
1822   65.7142    68.1895
1823   65.7142    67.1874
1824   65.7142    67.5673
1825   65.7142    68.4424
1826   65.7142    67.7927
1827   65.7142    68.3797
1828   65.7142    67.3525
1829   65.7142    67.005
1830   65.7142    67.2006
1831   65.7142    66.6141
1832   65.7142    66.346
1833   65.7142    67.3171
1834   65.7142    69.218
1835   65.7142    68.0432
1836   65.7142    69.823
1837   65.7142    70.607
1838   65.7142    69.8353
1839   65.7142    69.0617
1840   65.7142    69.9127
1841   65.7142    70.366
1842   65.7142    69.7099
1843   65.7142    68.2011
1844   65.7142    69.6444
1845   65.7142    70.9129
1846   65.7142    70.5237
1847   65.7142    70.5466
1848   65.7142    68.1168
1849   65.7142    67.1353
1850   65.7142    68.0522
1851   65.7142    69.9483
1852   65.7142    69.5373
1853   65.7142    69.2736
1854   65.7142    68.481
1855   65.7142    68.2839
1856   65.7142    69.1233
1857   65.7142    69.5045
1858   65.7142    68.5838
1859   65.7142    67.5805
1860   65.7142    67.2561
1861   65.7142    67.2678
1862   65.7142    67.0311
1863   65.7142    69.9309
1864   65.7142    69.619
1865   65.7142    69.0426
1866   65.7142    70.1562
1867   65.7142    68.9885
1868   65.7142    68.704
1869   65.7142    69.4491
1870   65.7142    69.3761
1871   65.7142    68.0754
1872   65.7142    68.4961
1873   65.7142    69.1659
1874   65.7142    70.0356
1875   65.7142    70.4994
1876   65.7142    70.7767
1877   65.7142    70.6815
1878   65.7142    69.4693
1879   65.7142    69.7021
1880   65.7142    69.4932
1881   65.7142    68.859
1882   65.7142    69.1973
1883   65.7142    70.1587
1884   65.7142    70.9686
1885   65.7142    69.0595
1886   65.7142    68.2991
1887   65.7142    69.5434
1888   65.7142    67.9903
1889   65.7142    68.4772
1890   65.7142    68.1771
1891   65.7142    68.2025
1892   65.7142    67.3969
1893   65.7142    69.4009
1894   65.7142    68.9881
1895   65.7142    68.1642
1896   65.7142    68.703
1897   65.7142    70.1352
1898   65.7142    70.2493
1899   65.7142    70.1966
1900   65.7142    69.9461
1901   65.7142    68.1926
1902   65.7142    68.0326
1903   65.7142    67.6369
1904   65.7142    68.6183
1905   65.7142    69.5376
1906   65.7142    68.7042
1907   65.7142    70.5321
1908   65.7142    71.3802
1909   65.7142    71.1488
1910   65.7142    70.0106
1911   65.7142    70.1538
1912   65.7142    71.1703
1913   65.7142    70.7574
1914   65.7142    70.9753
1915   65.7142    71.3657
1916   65.7142    71.5449
1917   65.7142    71.431
1918   65.7142    71.6651
1919   65.7142    69.6176
1920   65.7142    68.5802
1921   65.7142    68.6477
1922   65.7142    67.3003
1923   65.7142    67.6133
1924   65.7142    68.7842
1925   65.7142    69.1499
1926   65.7142    69.9037
1927   65.7142    69.0555
1928   65.7142    69.736
1929   65.7142    69.5155
1930   65.7142    69.2776
1931   65.7142    69.2816
1932   65.7142    69.0733
1933   65.7142    68.4224
1934   65.7142    69.2022
1935   65.7142    68.2647
1936   65.7142    67.281
1937   65.7142    66.9364
1938   65.7142    67.6951
1939   65.7142    68.0982
1940   65.7142    68.8963
1941   65.7142    68.3048
1942   65.7142    66.0471
1943   65.7142    66.8003
1944   65.7142    67.2934
1945   65.7142    67.638
1946   65.7142    67.3481
1947   65.7142    69.0515
1948   65.7142    69.5013
1949   65.7142    69.6342
1950   65.7142    71.1501
1951   65.7142    70.4656
1952   65.7142    69.5857
1953   65.7142    68.4208
1954   65.7142    68.5435
1955   65.7142    68.3263
1956   65.7142    70.2857
1957   65.7142    69.7923
1958   65.7142    69.9962
1959   65.7142    70.0847
1960   65.7142    70.2631
1961   65.7142    70.4097
1962   65.7142    70.0273
1963   65.7142    69.603
1964   65.7142    69.269
1965   65.7142    69.3113
1966   65.7142    67.7911
1967   65.7142    68.8003
1968   65.7142    69.4809
1969   65.7142    71.5274
1970   65.7142    70.3812
1971   65.7142    68.4188
1972   65.7142    68.0847
1973   65.7142    66.5589
1974   65.7142    68.4649
1975   65.7142    69.8546
1976   65.7142    68.1353
1977   65.7142    69.3008
1978   65.7142    69.4616
1979   65.7142    68.0741
1980   65.7142    70.0979
1981   65.7142    68.8515
1982   65.7142    69.9427
1983   65.7142    69.624
1984   65.7142    70.5306
1985   65.7142    68.3821
1986   65.7142    69.1899
1987   65.7142    69.0196
1988   65.7142    67.6373
1989   65.7142    68.1829
1990   65.7142    67.4648
1991   65.7142    67.6464
1992   65.7142    67.1978
1993   65.7142    68.3607
1994   65.7142    69.143
1995   65.7142    68.7072
1996   65.7142    67.8546
1997   65.7142    67.825
1998   65.7142    67.7734
1999   65.7142    68.3567
2000   65.7142    68.0362
