1   456.893    492.277
2   438.301    480.158
3   434.063    467.959
4   405.25    455.435
5   394.273    436.09
6   393.997    419.664
7   383.173    410.008
8   381.245    397.944
9   371.141    388.647
10   365.116    382.568
11   359.667    376.733
12   354.921    372.605
13   345.965    366.815
14   345.787    361.134
15   338.159    357.124
16   337.69    353.584
17   325.344    347.044
18   325.254    340.614
19   321.024    336.63
20   319.132    332.465
21   312.323    327.145
22   312.081    324.315
23   311.091    323.8
24   303.796    319.925
25   295.68    316.642
26   292.299    311.824
27   287.647    303.256
28   286.042    299.526
29   285.508    296.981
30   283.507    295.346
31   281.586    292.067
32   281.586    289.565
33   277.938    287.458
34   275.585    287.685
35   275.585    286.089
36   275.585    285.39
37   270.039    281.949
38   266.719    279.473
39   261.809    276.543
40   260.799    272.971
41   260.799    271.544
42   259.896    270.047
43   257.492    268.178
44   254.601    264.913
45   252.34    262.537
46   250.799    259.963
47   243.384    256.677
48   241.123    255.319
49   239.157    252.785
50   238.829    250.048
51   238.305    244.723
52   235.792    243.469
53   233.216    240.484
54   230.09    238.503
55   230.09    237.678
56   222.41    237.068
57   220.302    235.669
58   216.319    232.959
59   216.319    227.74
60   216.319    224.706
61   212.632    221.488
62   212.632    220.199
63   211.51    217.794
64   209.136    216.524
65   208.85    215.394
66   208.85    214.439
67   207.176    214.223
68   206.839    215.321
69   206.839    215.764
70   204.519    215.01
71   202.895    212.466
72   202.214    211.357
73   202.214    210.221
74   202.077    211.511
75   202.077    210.235
76   202.019    209.891
77   202.019    210.673
78   202.019    210.158
79   201.766    211.479
80   200.858    211.168
81   196.255    211.171
82   196.255    206.723
83   195.643    202.963
84   195.219    200.695
85   195.114    199.847
86   193.674    198.675
87   193.57    197.39
88   192.325    196.874
89   192.325    195.959
90   192.038    196.716
91   192.038    195.285
92   192.038    195.03
93   189.637    195.484
94   188.826    195.824
95   188.826    196.505
96   188.826    195.462
97   187.935    194.43
98   187.124    195.144
99   187.124    194.314
100   187.124    192.451
101   183.537    192.557
102   180.072    191.227
103   180.072    190.837
104   180.072    190.769
105   180.072    190.867
106   180.072    190.784
107   180.072    190.068
108   179.932    188.756
109   178.919    187.068
110   178.919    186.38
111   178.327    186.388
112   178.327    184.348
113   178.327    181.888
114   178.327    182.102
115   178.327    181.141
116   176.796    179.918
117   175.419    181.594
118   175.419    181.416
119   175.419    180.637
120   175.419    181.183
121   175.419    180.986
122   174.427    178.119
123   172.708    178.528
124   172.708    178.465
125   172.418    178.912
126   171.539    178.324
127   171.539    177.013
128   170.121    175.543
129   169.19    176.062
130   164.974    175.937
131   164.974    174.747
132   164.974    174.421
133   164.974    175.558
134   164.974    173.85
135   162.377    170.986
136   162.377    168.946
137   162.377    167.702
138   161.123    165.845
139   160.493    167.377
140   156.82    167.997
141   156.344    167.612
142   156.344    165.194
143   156.245    165.156
144   155.25    162.88
145   155.25    162.016
146   154.974    162.43
147   153.404    161.005
148   153.404    161.077
149   153.089    160.421
150   153.089    158.167
151   151.333    158.551
152   151.174    159.469
153   150.831    156.963
154   150.339    156.551
155   148.768    155.646
156   148.768    155.57
157   148.084    157.335
158   148.084    156.02
159   148.084    154.706
160   147.622    153.347
161   147.593    153.139
162   147    152.768
163   146.526    153.063
164   145.553    153.435
165   145.553    155.225
166   145.217    156.103
167   145.217    154.859
168   145.217    155.36
169   145.217    157.588
170   145.217    157.189
171   145.217    154.018
172   145.217    152.291
173   145.217    150.547
174   145.217    149.812
175   145.177    149.08
176   144.648    148.439
177   144.646    149.713
178   144.635    148.948
179   143.64    150.039
180   143.64    150.548
181   143.64    152.57
182   143.258    152.701
183   143.258    151.643
184   143.258    152.357
185   143.258    152.28
186   141.865    151.355
187   141.865    150.581
188   141.865    151.623
189   141.865    149.821
190   141.865    152.749
191   141.865    152.927
192   141.865    153.867
193   141.667    153.333
194   141.667    155.012
195   141.667    154.607
196   141.667    155.702
197   141.667    155.715
198   141.667    155.711
199   141.667    153.497
200   141.443    151.365
201   139.112    147.342
202   139.112    147.508
203   139.112    148.274
204   139.112    146.942
205   139.112    143.978
206   138.616    141.595
207   137.784    140.631
208   137.784    142.415
209   137.519    143.443
210   137.513    145.196
211   135.51    147.325
212   135.51    148.233
213   135.191    147.157
214   134.927    143.719
215   133.116    142.098
216   133.116    140.625
217   133.116    139.824
218   133.116    139.543
219   133.116    140.071
220   133.116    138.223
221   133.116    137.832
222   133.116    137.549
223   133.116    137.091
224   131.827    136.28
225   131.827    136.555
226   131.827    135.782
227   131.785    135.092
228   131.785    136.241
229   131.785    136.162
230   131.785    135.348
231   130.655    133.919
232   130.062    133.786
233   130.062    134.007
234   130.062    134.125
235   130.062    134.234
236   130.062    135.392
237   130.062    134.428
238   130.062    134.906
239   130.062    135.784
240   130.062    136.645
241   130.062    136.485
242   130.062    135.955
243   130.062    134.073
244   130.062    134.429
245   130.044    133.155
246   128.461    134.674
247   128.364    134.007
248   128.364    133.771
249   128.364    133.802
250   127.453    132.798
251   127.318    134.837
252   127.318    134.588
253   127.318    134.474
254   127.3    131.726
255   127.3    130.548
256   127.3    129.616
257   127.3    129.417
258   127.3    129.047
259   127.297    130.144
260   127.279    130.604
261   127.279    131.218
262   127.279    131.854
263   126.639    131.825
264   126.639    132.321
265   126.639    132.497
266   126.639    132.559
267   126.639    131.805
268   126.639    131.796
269   126.639    130.74
270   126.639    132.045
271   126.639    130.674
272   126.639    129.862
273   126.197    129.113
274   125.086    129.473
275   125.086    128.858
276   125.086    127.952
277   125.078    128.64
278   125.078    129.061
279   125.078    128.77
280   125.078    130.034
281   123.903    126.722
282   122.623    127.016
283   122.623    129.509
284   122.623    129.183
285   122.623    127.077
286   122.623    127.14
287   122.623    126.448
288   122.623    128.138
289   122.421    127.661
290   121.69    130.233
291   121.69    131.739
292   121.69    131.863
293   121.69    132.096
294   121.69    132.543
295   121.69    131.83
296   121.69    129.451
297   121.69    128.713
298   121.666    126.107
299   121.666    127.111
300   121.666    126.902
301   120.653    124.938
302   120.653    127.97
303   120.653    126.935
304   120.569    126.046
305   120.569    124.861
306   120.569    124.732
307   120.307    125.844
308   120.307    124.952
309   120.307    123.841
310   119.508    123.604
311   119.246    122.848
312   119.246    123.463
313   118.094    123.919
314   118.094    123.207
315   117.925    122.569
316   117.925    121.858
317   117.925    121.82
318   117.925    122.355
319   117.925    123.064
320   117.302    122.455
321   116.809    120.823
322   116.809    121.701
323   116.806    120.866
324   116.806    119.933
325   116.806    118.226
326   116.806    119.357
327   116.806    117.958
328   116.665    117.434
329   116.665    118.238
330   115.845    118.573
331   115.845    118.895
332   115.845    118.55
333   115.845    117.708
334   115.845    117.172
335   115.056    119.259
336   115.056    118.755
337   114.499    119.177
338   113.71    118.036
339   113.71    117.392
340   113.71    117.709
341   113.71    117
342   113.71    116.995
343   113.71    117.273
344   113.71    117.734
345   112.51    119.421
346   112.51    119.425
347   112.51    117.814
348   112.51    116.783
349   112.51    116.381
350   112.51    115.643
351   112.51    117.101
352   112.51    116.735
353   112.51    115.694
354   112.51    115.813
355   112.51    113.987
356   111.084    113.989
357   111.084    113.414
358   111.084    112.906
359   110.049    115.304
360   109.389    115.494
361   109.389    114.503
362   109.389    112.759
363   109.389    113.089
364   109.389    111.874
365   109.389    114.073
366   109.389    112.625
367   109.389    111.417
368   109.389    111.714
369   109.389    112.728
370   109.389    111.985
371   109.389    110.901
372   109.389    111.625
373   108.625    113.119
374   108.625    113.283
375   108.625    112.8
376   108.625    112.931
377   108.625    112.826
378   108.56    114.182
379   108.56    114.606
380   108.236    114.904
381   108.236    114.198
382   108.236    113.41
383   108.214    112.198
384   108.214    112.094
385   108.214    112.075
386   107.995    112.647
387   107.995    112.733
388   107.995    114.654
389   107.828    114.204
390   107.828    112.746
391   107.828    112.083
392   107.828    112.164
393   107.828    112.063
394   107.522    111.579
395   107.196    110.646
396   107.196    110.49
397   107.196    110.488
398   106.99    111.176
399   106.99    111.211
400   106.99    112.278
401   106.684    110.196
402   106.684    109.597
403   106.297    109.746
404   106.297    109.377
405   105.785    110.724
406   105.785    110.67
407   105.785    109.193
408   105.785    110.025
409   105.342    110.271
410   105.342    108.853
411   105.171    108.102
412   105.171    108.001
413   105.171    108.955
414   105.171    108.8
415   105.167    109.198
416   105.167    110.121
417   105.167    108.251
418   103.975    107.795
419   103.958    106.588
420   103.893    108.518
421   103.893    106.787
422   103.893    108.541
423   103.893    107.288
424   102.372    108.14
425   102.372    108.374
426   101.591    108.246
427   101.591    107.021
428   101.591    106.229
429   101.575    107.448
430   101.575    105.835
431   101.575    106.07
432   101.575    106.77
433   101.575    104.871
434   101.575    105.604
435   101.575    106.685
436   101.575    106.863
437   101.575    105.891
438   101.575    105.922
439   101.575    105.202
440   101.575    104.817
441   101.216    103.17
442   101.216    104.24
443   101.216    104.685
444   101.216    104.61
445   101.216    104.369
446   101.216    103.711
447   101.216    105.584
448   101.216    105.074
449   101.216    105.637
450   101.216    106.076
451   101.216    104.393
452   101.216    106.146
453   101.216    105.487
454   101.216    106.666
455   101.216    104.595
456   101.216    104.181
457   101.216    104.099
458   101.216    104.155
459   100.408    102.698
460   99.6133    102.204
461   99.6133    101.981
462   99.6133    101.574
463   99.6133    101.785
464   99.6133    103.083
465   99.6133    102.681
466   99.6133    102.443
467   99.6133    102.692
468   99.6133    102.233
469   99.6133    102.777
470   99.6133    101.955
471   99.6133    103.355
472   99.318    103.056
473   99.318    104.134
474   99.318    105.99
475   99.318    106.727
476   99.318    108.372
477   99.2913    107.312
478   98.9591    105.444
479   98.8987    102.836
480   98.8987    102.348
481   98.8987    102.225
482   98.8987    102.368
483   98.8987    101.411
484   98.5353    100.574
485   98.2984    100.159
486   98.2984    100.376
487   97.935    100.479
488   97.935    101.1
489   97.935    100.402
490   97.935    99.7892
491   97.3562    100.101
492   97.3562    100.27
493   97.3562    99.6133
494   96.8054    99.8158
495   96.8054    98.7518
496   96.8054    99.9221
497   96.8054    101.035
498   96.8054    100.278
499   96.8054    100.311
500   96.8054    100.769
501   96.8054    99.547
502   96.8054    99.2154
503   96.8054    99.5842
504   96.8054    99.2938
505   96.7534    99.9273
506   96.4514    98.5177
507   96.246    98.8798
508   95.2472    98.5585
509   95.2472    98.8137
510   95.161    98.512
511   95.161    98.4845
512   95.161    97.9923
513   94.5754    99.2515
514   94.5754    98.3687
515   93.8301    96.7911
516   93.8301    98.3334
517   93.8301    96.8503
518   93.8301    97.3405
519   92.4984    96.339
520   92.4984    96.0906
521   92.4984    96.3551
522   92.4984    96.2504
523   92.4984    97.3884
524   92.4984    96.2856
525   92.4984    96.1033
526   92.4984    96.8296
527   92.4984    97.0561
528   92.4984    95.5947
529   92.4984    95.8368
530   92.4984    94.5703
531   92.4984    94.9232
532   92.4984    96.1328
533   92.4984    97.2731
534   92.4984    95.1814
535   91.2433    95.0038
536   90.9435    94.9398
537   90.9435    94.2013
538   90.9435    93.3119
539   90.9435    94.3049
540   90.9435    94.701
541   90.9435    95.1711
542   90.9435    94.172
543   90.9435    94.9048
544   90.9435    94.4537
545   90.9435    93.1742
546   90.9435    92.9735
547   90.9435    95.227
548   90.9435    93.6316
549   90.9435    94.0014
550   90.9435    95.2605
551   90.9435    95.1071
552   90.9435    92.7912
553   90.9435    93.875
554   90.9435    93.9381
555   90.7838    93.9963
556   90.7838    92.7991
557   90.7838    92.922
558   90.7838    93.0076
559   90.7838    93.5607
560   90.7838    93.2578
561   90.7838    93.4719
562   90.7838    93.802
563   90.7838    93.5901
564   90.7651    93.897
565   90.7651    94.1914
566   90.7651    95.166
567   90.7651    94.3813
568   90.7651    94.1876
569   90.7651    94.3191
570   90.7651    93.3267
571   90.7651    94.6768
572   90.7651    92.72
573   90.7651    92.4683
574   90.7651    91.9347
575   90.7651    93.2131
576   90.2791    93.132
577   90.2791    92.8701
578   90.2791    93.7907
579   90.2791    92.7583
580   90.2791    92.1419
581   90.2791    92.2422
582   90.2791    91.676
583   90.2791    92.9868
584   90.2791    92.8325
585   90.2791    92.4803
586   90.2791    92.9714
587   90.2791    91.6941
588   90.2791    91.9202
589   90.2791    91.9539
590   90.2791    91.8422
591   90.2791    92.2531
592   90.2791    91.5526
593   90.2791    91.245
594   90.2791    92.6057
595   90.2791    95.5106
596   90.2791    93.5497
597   90.2791    94.6616
598   90.2791    93.5768
599   90.2791    94.2368
600   90.2791    93.3646
601   90.2714    92.007
602   90.0918    92.6048
603   90.0918    91.3122
604   90.0918    91.9728
605   90.0606    92.9264
606   90.0606    92.5081
607   90.0529    92.2963
608   90.0529    92.8451
609   90.0529    93.0667
610   89.6183    94.6024
611   89.6183    92.5457
612   89.6183    94.0109
613   89.6183    94.2851
614   89.6183    95.573
615   89.6183    94.9669
616   89.6183    93.8691
617   89.6183    91.5315
618   89.6183    91.6761
619   89.6183    91.5753
620   89.6183    91.0435
621   89.6183    90.4704
622   89.6183    92.3789
623   89.6183    92.0567
624   89.6183    92.2433
625   89.6183    92.5302
626   89.6183    92.3002
627   89.6183    92.3223
628   89.6183    91.9605
629   89.6183    92.5979
630   89.6183    92.0116
631   89.6183    93.005
632   89.6183    93.632
633   89.6183    93.073
634   89.6183    92.8017
635   89.2511    91.24
636   89.2511    90.3347
637   89.2511    91.2762
638   89.2511    90.7642
639   89.2511    90.8245
640   89.2511    93.7281
641   88.3842    94.0157
642   88.3842    94.8034
643   88.3842    96.4253
644   88.3842    99.8851
645   88.3842    100.99
646   88.3842    101.523
647   88.3842    100.592
648   88.3842    100.308
649   88.3842    98.7161
650   88.3842    97.4649
651   88.3842    94.562
652   88.3842    93.261
653   88.3842    92.0969
654   88.3842    92.0677
655   88.3842    90.1858
656   88.3842    89.3743
657   88.3842    90.2085
658   88.3842    91.0258
659   88.3842    89.3342
660   88.3842    89.7635
661   88.3842    90.4784
662   88.3842    90.4198
663   88.3842    91.6125
664   88.3842    90.302
665   88.3842    90.1973
666   88.3842    89.8347
667   88.3842    88.6995
668   88.3842    88.7879
669   88.3842    89.7235
670   88.0614    89.889
671   88.0614    89.3272
672   88.0614    88.8403
673   88.0614    89.0416
674   88.0614    88.89
675   88.0614    89.8588
676   88.0614    89.666
677   88.0614    91.4681
678   88.0614    90.4764
679   88.0614    90.3568
680   88.0614    90.8448
681   88.0614    91.5443
682   88.0614    90.9979
683   88.0614    90.7461
684   88.0614    91.3141
685   88.0614    90.0804
686   88.0614    91.3109
687   88.0614    90.9448
688   88.0614    90.1787
689   88.0614    90.1851
690   88.0614    91.6436
691   88.0614    93.7273
692   88.0614    91.6804
693   88.0614    91.4903
694   87.5151    91.4319
695   87.5151    91.1942
696   87.5151    89.5696
697   87.5151    89.9333
698   87.5151    89.7519
699   87.5151    90.1644
700   87.5151    90.1673
701   87.5151    89.478
702   87.5151    89.6912
703   87.5151    90.6998
704   87.5151    89.984
705   87.5151    90.5214
706   87.5151    90.2361
707   87.3093    90.8917
708   87.3093    89.3602
709   87.3093    91.1196
710   87.3093    90.9265
711   87.3093    90.8133
712   87.3093    90.1344
713   87.3093    89.9548
714   87.3093    90.846
715   87.3093    90.5003
716   87.2125    92.4296
717   86.8886    89.4854
718   86.8886    90.3933
719   86.8886    91.0706
720   86.8886    90.6301
721   86.8886    91.3974
722   86.8886    92.266
723   86.8886    89.2027
724   86.7491    89.2325
725   86.7491    91.829
726   86.7491    91.7454
727   86.7491    91.0982
728   86.7491    90.7761
729   86.7491    89.7211
730   86.7491    90.6878
731   86.7491    91.25
732   86.7491    89.8193
733   86.7491    90.5605
734   86.7491    89.7539
735   86.7491    88.3664
736   84.221    88.4096
737   84.221    88.3623
738   84.221    87.999
739   84.221    87.6466
740   84.221    86.8075
741   84.221    88.3595
742   84.221    87.1369
743   84.221    86.1685
744   84.221    87.0043
745   84.1867    89.317
746   84.1867    88.4506
747   84.1867    90.1901
748   84.1867    88.5283
749   84.1841    88.1922
750   84.1841    87.7902
751   84.1841    88.0407
752   83.5094    88.1259
753   83.5094    88.237
754   83.5094    90.2742
755   83.5094    91.5586
756   83.5094    94.0117
757   83.5094    94.4874
758   83.5094    93.4396
759   83.5094    91.6542
760   83.5094    90.6377
761   83.5094    90.2186
762   83.5094    91.234
763   83.5094    89.6566
764   83.5094    89.2397
765   83.5094    89.1771
766   83.5094    86.5337
767   83.5094    86.0875
768   83.5094    88.8178
769   83.5094    91.3225
770   83.5094    93.6007
771   83.5094    93.9318
772   83.5094    93.7022
773   83.5094    93.3377
774   83.5094    92.0847
775   83.5094    92.2327
776   83.5094    88.9789
777   83.5094    88.8237
778   83.5094    88.1335
779   83.5094    87.2227
780   83.2427    87.584
781   83.2427    87.5512
782   83.2427    86.8456
783   83.2427    86.9402
784   83.2427    88.4768
785   82.5787    87.2458
786   82.5787    86.2161
787   82.5787    87.9759
788   82.5787    86.3328
789   82.5787    85.949
790   82.5787    86.4525
791   82.5787    86.8309
792   82.5787    86.1222
793   82.5787    84.5385
794   82.5787    84.363
795   82.5787    84.0557
796   82.2588    84.9604
797   82.2588    83.9427
798   81.3932    84.4086
799   81.3932    84.6526
800   80.602    83.84
801   80.602    84.9191
802   80.0573    84.609
803   80.0573    84.7346
804   80.0573    83.6964
805   80.0573    82.1819
806   80.0573    83.3641
807   80.0573    82.0542
808   79.2801    81.7008
809   79.2801    81.9053
810   79.2801    81.3075
811   79.2801    82.3142
812   79.2801    82.6822
813   79.2801    83.7305
814   79.2801    82.741
815   79.2801    81.9889
816   79.2801    82.8006
817   79.2801    83.5631
818   79.2801    82.4779
819   79.2801    82.46
820   78.9271    82.5099
821   78.9271    84.2186
822   78.9271    85.0191
823   78.9271    84.5214
824   78.9271    83.9876
825   78.9271    81.6385
826   78.9271    81.3631
827   78.9271    82.4336
828   78.9271    83.1128
829   78.9271    82.6109
830   78.9271    83.6141
831   78.9271    82.9248
832   78.9271    84.439
833   78.9271    83.8609
834   78.9271    82.0709
835   78.9271    82.4682
836   78.9271    80.5746
837   78.9271    79.7398
838   78.783    80.4483
839   78.783    80.5782
840   78.783    81.0659
841   78.783    80.8112
842   78.783    81.9808
843   78.783    83.6127
844   78.783    81.8076
845   78.5844    81.6277
846   78.5844    82.589
847   78.5844    81.8973
848   78.4848    83.0341
849   78.4601    82.5117
850   78.4601    82.7648
851   78.4259    82.9483
852   78.4259    81.111
853   78.4259    80.5418
854   78.4259    80.9048
855   78.4259    80.0871
856   78.4259    79.6578
857   78.4259    80.9732
858   78.4259    79.6236
859   78.4259    80.6888
860   78.4259    81.0263
861   78.4259    81.1861
862   78.4259    80.0138
863   78.4259    80.1885
864   78.4259    80.2266
865   78.4259    82.3743
866   78.4259    82.0917
867   78.4259    82.3394
868   78.3082    83.2199
869   78.3082    81.8706
870   78.3082    81.4188
871   78.3082    83.5119
872   78.3082    82.0784
873   78.3082    81.12
874   78.3082    83.5802
875   78.3082    82.7897
876   78.3082    81.2801
877   78.3082    82.7628
878   78.3082    83.1058
879   78.3082    83.1656
880   78.3082    81.1599
881   78.3082    81.2359
882   78.3082    82.1185
883   78.078    82.1831
884   78.078    82.1946
885   78.078    81.4859
886   78.078    80.921
887   78.078    81.3336
888   78.078    81.7638
889   78.078    81.7406
890   78.078    81.5155
891   78.078    80.6525
892   78.078    80.7224
893   78.078    79.5518
894   77.8769    81.3329
895   77.8769    81.3189
896   77.8769    83.2266
897   77.7728    81.8987
898   77.7728    81.7218
899   77.7728    81.0546
900   77.7728    82.0967
901   77.7728    80.8651
902   77.7728    82.1073
903   77.7565    80.6227
904   77.7565    81.7718
905   77.7565    81.5482
906   77.7565    81.7754
907   77.7565    81.0496
908   77.7565    82.8073
909   77.7565    81.7938
910   77.7565    82.9892
911   77.7565    83.7241
912   77.7565    83.224
913   77.7565    82.6512
914   77.7565    81.9009
915   77.3084    83.8039
916   77.3084    82.1494
917   77.3084    82.449
918   77.3084    81.8894
919   77.3084    80.5398
920   77.3084    80.7349
921   77.3084    82.2144
922   77.3084    80.4875
923   77.3084    81.3344
924   77.3084    81.2149
925   77.3084    82.0694
926   77.3084    81.5924
927   77.3084    81.591
928   77.3084    80.4792
929   77.3084    81.7486
930   77.3084    78.3236
931   77.3084    79.8371
932   77.3084    79.9567
933   77.3084    79.0449
934   77.3084    78.8559
935   77.3084    79.6
936   77.3084    78.7227
937   77.3084    79.7172
938   77.2396    79.0525
939   77.2396    78.8561
940   77.2396    79.6752
941   77.1775    78.4845
942   77.1775    79.7941
943   77.1088    79.8163
944   77.1088    79.5744
945   77.1088    79.5068
946   77.1088    79.6534
947   77.1088    78.5706
948   77.1088    79.2519
949   77.1088    79.1044
950   77.1088    79.751
951   76.5129    78.2665
952   76.5129    78.9671
953   76.5129    79.5267
954   76.5129    80.4731
955   76.5129    79.736
956   76.5129    79.5936
957   76.5037    78.8928
958   76.5037    80.2657
959   76.5037    81.2153
960   76.5037    82.1383
961   76.5037    79.7155
962   76.5037    80.2708
963   76.5037    78.3329
964   76.5037    78.9552
965   76.5037    78.7564
966   76.5037    78.5633
967   76.5037    78.7771
968   76.5037    81.0282
969   76.5037    78.5112
970   76.5037    78.67
971   76.5037    77.454
972   76.5037    78.0548
973   75.6738    77.3502
974   75.6738    79.4335
975   75.6738    79.2006
976   75.6738    78.4777
977   75.6738    78.4364
978   75.6738    77.4306
979   75.6738    78.0627
980   75.5768    77.5556
981   75.5768    78.3066
982   75.5768    79.0138
983   75.5768    78.2648
984   75.5768    78.4835
985   75.5768    78.1845
986   75.5768    78.0517
987   75.5768    79.6672
988   75.5768    78.6925
989   75.5768    78.39
990   75.5768    80.3141
991   75.5768    79.6695
992   75.2883    79.7525
993   75.2883    80.3442
994   75.2883    79.8937
995   75.2883    79.2176
996   75.2883    77.8821
997   74.9512    77.3962
998   74.9256    76.6835
999   74.8272    77.0267
1000   74.8272    77.9897
1001   74.8272    77.6716
1002   74.8272    77.3205
1003   74.8272    77.7293
1004   74.8272    79.8046
1005   74.8272    77.1883
1006   74.8272    77.3137
1007   74.8272    77.6215
1008   74.8272    78.6415
1009   74.8272    77.8355
1010   74.8272    78.2948
1011   74.8272    79.4847
1012   74.8272    79.2476
1013   74.8272    77.7477
1014   74.2095    77.9391
1015   74.2095    78.3761
1016   74.2095    77.2094
1017   74.2095    76.5077
1018   74.2095    75.7364
1019   74.2095    75.4493
1020   74.2095    75.8215
1021   74.2095    77.1038
1022   74.2095    76.5223
1023   74.2095    75.8027
1024   74.2095    76.0799
1025   74.2095    77.0317
1026   74.2095    76.7177
1027   74.2095    75.7679
1028   74.2095    77.1144
1029   74.2095    77.9289
1030   74.2095    79.2569
1031   74.2095    77.2379
1032   74.2095    75.2628
1033   74.2095    75.8855
1034   74.2095    76.824
1035   74.2095    75.7882
1036   74.2095    75.4164
1037   74.2095    75.8602
1038   74.2095    78.7112
1039   74.2095    77.5376
1040   74.2095    75.94
1041   74.2095    76.6387
1042   74.2095    77.5417
1043   74.2095    77.9366
1044   74.204    76.1772
1045   74.204    77.4786
1046   74.204    78.4055
1047   74.204    77.3317
1048   74.204    77.3893
1049   74.204    77.106
1050   74.204    76.2935
1051   74.204    76.6451
1052   74.204    77.8796
1053   74.204    77.6167
1054   74.204    77.9462
1055   74.204    77.5619
1056   74.204    78.5177
1057   74.204    77.985
1058   74.204    79.0668
1059   74.204    77.0296
1060   74.204    76.4812
1061   74.204    76.1389
1062   74.204    76.4666
1063   74.204    77.2098
1064   74.204    76.7037
1065   74.204    77.9341
1066   74.204    80.7348
1067   74.204    77.5068
1068   74.204    78.987
1069   74.204    77.0868
1070   74.204    77.1717
1071   74.204    77.9452
1072   74.204    76.0924
1073   74.204    75.64
1074   74.204    76.9794
1075   74.204    76.9198
1076   74.204    77.0455
1077   74.204    78.3422
1078   74.204    78.877
1079   74.204    80.6928
1080   74.204    79.3938
1081   74.204    78.2216
1082   74.204    78.0263
1083   74.204    76.4162
1084   74.204    74.9179
1085   74.204    75.8218
1086   74.204    75.5522
1087   74.204    75.4925
1088   74.204    76.8441
1089   74.204    77.0954
1090   74.204    76.6857
1091   74.204    77.5631
1092   74.204    77.476
1093   74.204    78.2635
1094   74.204    78.8679
1095   74.204    78.5499
1096   74.204    76.8716
1097   74.204    76.5257
1098   74.204    77.0354
1099   74.204    77.5767
1100   74.204    77.7067
1101   74.204    78.7209
1102   74.204    77.7018
1103   74.204    77.6404
1104   74.204    78.9586
1105   74.204    77.5317
1106   74.204    77.2715
1107   74.204    76.8363
1108   74.204    77.4974
1109   74.204    78.1781
1110   74.204    79.3993
1111   74.204    77.3018
1112   74.204    77.0472
1113   74.204    76.7133
1114   74.204    76.0307
1115   74.204    76.3019
1116   74.204    76.915
1117   74.204    76.0376
1118   74.204    76.8312
1119   74.204    78.331
1120   74.204    77.7182
1121   74.204    77.4159
1122   74.204    76.7887
1123   74.204    77.8628
1124   74.204    77.9097
1125   74.0626    78.9121
1126   74.0626    78.8739
1127   74.0626    79.7143
1128   74.0626    79.1336
1129   74.0626    77.6511
1130   74.0626    77.4019
1131   74.0626    76.5483
1132   74.0626    78.3303
1133   74.0626    77.6666
1134   74.0626    75.6551
1135   74.0626    75.7998
1136   74.0626    75.1805
1137   74.0626    75.5107
1138   74.0626    74.8245
1139   74.0626    76.7522
1140   74.0626    76.6072
1141   74.0626    77.5803
1142   74.0626    77.6018
1143   74.0626    75.3699
1144   74.0626    75.658
1145   74.0626    77.0905
1146   74.0626    75.8093
1147   74.0626    77.0335
1148   74.0626    76.6877
1149   74.0626    77.4276
1150   74.0626    76.9047
1151   74.0626    75.944
1152   74.0626    76.7943
1153   74.0626    76.1057
1154   74.0626    76.2204
1155   74.0626    77.5786
1156   74.0626    76.8248
1157   74.0626    76.864
1158   74.0626    77.1689
1159   74.0626    77.7573
1160   74.0626    76.4239
1161   74.0626    76.3791
1162   74.0626    77.065
1163   74.0626    75.5335
1164   74.0626    76.8611
1165   74.0626    76.9665
1166   74.0626    76.0046
1167   74.0626    76.5865
1168   74.0626    75.9285
1169   74.0626    75.7974
1170   74.0626    77.4954
1171   74.0626    77.2874
1172   74.0626    77.0944
1173   74.0626    76.6969
1174   74.0626    76.0702
1175   74.0626    75.0921
1176   74.0626    75.2945
1177   74.0626    76.0083
1178   74.0626    77.3374
1179   74.0626    77.5724
1180   74.0626    77.0513
1181   74.0626    76.2139
1182   74.0626    76.7149
1183   74.0626    76.969
1184   74.0626    77.1742
1185   74.0626    78.6859
1186   74.0626    77.0279
1187   73.9767    76.8018
1188   73.9767    76.7473
1189   73.9767    77.7665
1190   73.9767    77.5712
1191   73.9767    77.2759
1192   73.9767    76.5128
1193   73.9767    76.6175
1194   73.9767    76.7191
1195   73.9767    77.2988
1196   73.9767    77.914
1197   73.9767    78.9335
1198   73.9767    78.9161
1199   73.9767    77.5436
1200   73.9767    77.2291
1201   73.9767    76.4555
1202   73.9767    79.5575
1203   73.9767    77.8776
1204   73.9767    77.9733
1205   73.9767    76.7706
1206   73.9767    76.8421
1207   73.9767    76.3347
1208   73.9767    76.7962
1209   73.9767    76.1757
1210   73.9767    77.2818
1211   73.9767    76.966
1212   73.9767    76.2398
1213   73.9767    78.0087
1214   73.9767    77.9839
1215   73.9767    78.9951
1216   73.9767    78.9708
1217   73.9767    77.4247
1218   73.9767    77.0283
1219   73.9767    77.1422
1220   73.9767    77.9236
1221   73.9767    77.4311
1222   73.9767    77.0384
1223   73.9767    76.6529
1224   73.9767    78.4862
1225   73.9767    78.0054
1226   73.9767    77.9131
1227   73.9767    78.3458
1228   73.9767    76.3322
1229   73.9767    74.7898
1230   73.9767    75.7261
1231   73.9767    77.7939
1232   73.9767    78.5589
1233   73.9767    78.3999
1234   73.9767    78.17
1235   73.9767    76.6818
1236   73.9767    77.4748
1237   73.9767    77.1991
1238   73.9767    76.8213
1239   73.9767    77.1883
1240   73.9767    76.7394
1241   73.9767    76.5555
1242   73.9767    76.575
1243   73.9767    76.1416
1244   73.9767    76.2665
1245   73.9767    76.1421
1246   73.9767    77.6845
1247   73.9767    77.6549
1248   73.9767    78.1634
1249   73.9767    77.1289
1250   73.9767    77.0263
1251   73.9767    77.4185
1252   73.9767    75.9761
1253   73.8441    77.3258
1254   73.8441    76.5618
1255   73.8441    78.2225
1256   73.8441    77.3409
1257   73.8441    76.6314
1258   73.4171    76.8549
1259   73.4171    76.6699
1260   73.2845    74.6484
1261   73.2845    74.5007
1262   73.2153    74.6079
1263   73.2153    74.9194
1264   73.0827    75.6931
1265   73.0827    76.2011
1266   73.0827    76.8824
1267   73.0827    74.7431
1268   73.0827    73.5357
1269   73.0827    74.0025
1270   73.0827    74.5438
1271   73.0827    76.0068
1272   73.0827    75.4965
1273   73.0827    75.0867
1274   73.0827    74.8884
1275   73.0827    76.1571
1276   73.0827    75.4758
1277   73.0827    74.9619
1278   73.0827    75.1567
1279   73.0827    74.2004
1280   73.0827    75.0188
1281   73.0827    75.9035
1282   73.0827    76.8964
1283   73.0827    77.1664
1284   73.0827    77.4048
1285   73.0827    76.5235
1286   72.9872    76.4869
1287   72.9872    75.2564
1288   72.9872    77.184
1289   72.9872    77.5983
1290   72.9872    75.1279
1291   72.9872    74.0328
1292   72.9872    74.9404
1293   72.8455    75.7971
1294   72.8455    75.8454
1295   72.8455    74.7564
1296   72.8455    75.2626
1297   72.8455    75.2938
1298   72.8455    75.8969
1299   72.8455    75.711
1300   72.8455    77.5378
1301   72.8455    76.6342
1302   72.8455    75.191
1303   72.8455    76.7523
1304   72.4882    76.5404
1305   72.4882    78.1335
1306   72.4882    75.7888
1307   72.4331    75.5779
1308   72.4331    75.5766
1309   72.4331    75.29
1310   72.4331    75.6194
1311   72.4331    76.3943
1312   72.4331    75.8194
1313   72.4206    76.0798
1314   72.4206    75.3116
1315   72.4206    73.9784
1316   72.4206    75.1385
1317   72.4206    75.2111
1318   72.4206    75.1462
1319   72.4206    74.6497
1320   72.4206    76.3412
1321   72.4206    75.9395
1322   72.4206    77.5223
1323   72.4206    79.8648
1324   72.4206    78.2476
1325   72.4206    77.4781
1326   72.4206    75.5626
1327   72.4206    76.7234
1328   72.4206    75.3094
1329   72.4206    75.5286
1330   72.4206    74.9807
1331   72.4206    74.3804
1332   72.4206    75.3826
1333   72.4206    75.5402
1334   72.4206    75.0995
1335   72.4206    75.945
1336   72.4206    75.426
1337   72.4206    74.946
1338   72.4206    73.7606
1339   72.4043    73.8524
1340   72.4043    74.1467
1341   72.4043    75.0845
1342   72.4043    76.7803
1343   72.4043    76.7013
1344   72.4043    75.6551
1345   72.4043    74.9903
1346   72.4043    74.4528
1347   72.4043    75.1379
1348   72.4043    74.7916
1349   72.4043    73.9245
1350   72.4043    74.9039
1351   72.4043    76.4783
1352   72.4043    76.2632
1353   72.4043    76.0024
1354   72.4043    76.9322
1355   72.4043    77.1426
1356   72.4043    77.4521
1357   72.4043    76.3291
1358   72.4043    76.7412
1359   72.4043    76.0687
1360   71.7018    74.3503
1361   71.7018    74.0159
1362   71.3338    75.1342
1363   71.3338    75.5512
1364   71.3338    75.5222
1365   71.3338    74.4397
1366   71.3338    75.1027
1367   71.3338    75.1341
1368   71.3338    75.3047
1369   71.3338    74.7278
1370   71.3338    74.8551
1371   71.3338    74.3321
1372   71.3338    73.5586
1373   71.3338    74.5823
1374   71.3338    73.5032
1375   71.3338    73.7898
1376   71.3338    72.8616
1377   71.3338    73.5198
1378   71.3338    73.2707
1379   71.3338    75.5719
1380   71.3338    76.6051
1381   71.3338    76.1172
1382   71.3338    75.4272
1383   71.3338    74.2568
1384   71.3338    75.4279
1385   71.3338    75.9766
1386   71.3338    75.6605
1387   71.3338    75.336
1388   71.3338    75.1078
1389   71.3338    75.3144
1390   71.3338    74.8808
1391   71.3338    73.8016
1392   71.3338    75.2464
1393   71.3338    76.3007
1394   71.3338    76.823
1395   71.3338    73.8474
1396   71.3338    72.2423
1397   71.3338    72.7243
1398   71.3338    72.6854
1399   71.3338    73.6106
1400   71.3338    73.5966
1401   71.3338    73.2868
1402   71.3338    75.4027
1403   71.3338    75.5173
1404   71.3338    74.8538
1405   71.3338    75.793
1406   71.3338    76.6952
1407   71.3338    77.493
1408   71.3338    73.4706
1409   71.3338    74.8383
1410   71.3338    74.1164
1411   71.3338    75.4018
1412   71.3338    74.8788
1413   71.3338    73.4713
1414   71.3338    73.5167
1415   71.3338    74.0364
1416   71.3338    75.0329
1417   71.3338    75.3686
1418   71.3338    73.2506
1419   71.3338    75.0627
1420   71.3338    75.4113
1421   71.3338    75.3318
1422   71.2899    74.5738
1423   71.2899    74.5581
1424   71.2899    74.5329
1425   71.2899    74.2812
1426   71.2899    74.3823
1427   71.2899    76.3892
1428   71.2899    77.3056
1429   71.2899    76.0968
1430   71.2899    75.0561
1431   71.2899    74.9257
1432   71.2899    74.8279
1433   71.2899    74.0308
1434   71.2899    73.9659
1435   71.2899    73.2885
1436   71.2899    75.5018
1437   71.2899    75.6908
1438   71.2899    74.7787
1439   71.2899    74.4271
1440   71.2899    76.3849
1441   71.2899    75.7293
1442   71.2899    74.0143
1443   71.2899    73.8126
1444   71.2899    72.4984
1445   71.2899    74.2529
1446   71.2899    72.4635
1447   71.2899    72.429
1448   71.2899    71.7027
1449   71.2899    72.1619
1450   71.2899    74.8623
1451   71.2899    74.7751
1452   71.2899    73.8533
1453   71.2899    73.289
1454   71.2899    74.4127
1455   71.2899    72.9734
1456   71.2899    74.4146
1457   71.2899    75.3977
1458   71.2899    74.8001
1459   71.2899    74.5634
1460   71.2899    75.7871
1461   71.2899    76.6678
1462   71.2899    74.3839
1463   71.2899    75.2779
1464   71.2899    74.9929
1465   71.2899    74.401
1466   71.2899    75.9298
1467   71.2899    75.2131
1468   71.2899    73.7694
1469   71.2899    72.5708
1470   71.2899    73.0201
1471   71.2899    72.1744
1472   71.2899    73.3219
1473   71.2899    72.6523
1474   71.2899    73.9064
1475   71.2899    74.3067
1476   71.2899    72.7538
1477   71.2899    73.2204
1478   71.2899    71.892
1479   71.2899    74.3459
1480   71.2899    74.0618
1481   71.2899    73.8635
1482   71.2899    73.9729
1483   71.2899    73.9485
1484   71.2899    73.9346
1485   71.2899    72.8676
1486   71.2899    73.6389
1487   71.2899    72.5345
1488   71.2899    72.6155
1489   71.2899    72.7638
1490   71.2899    72.3921
1491   71.2899    73.0242
1492   71.2899    73.1741
1493   71.2899    73.4771
1494   71.2899    74.7232
1495   71.2899    75.3719
1496   71.2899    76.1312
1497   71.2899    75.7329
1498   71.2899    75.8543
1499   71.2899    76.6834
1500   71.2899    75.8038
1501   71.2899    74.5483
1502   71.2899    74.8576
1503   71.2899    74.8843
1504   71.2899    74.7637
1505   71.2899    73.4802
1506   71.2899    73.2895
1507   71.2899    74.6948
1508   71.2899    74.4613
1509   71.2899    73.1024
1510   71.2899    73.016
1511   71.2899    73.7657
1512   71.2899    73.4996
1513   71.2899    74.2778
1514   71.2899    74.8889
1515   71.2899    74.0959
1516   71.2899    74.9923
1517   71.2899    73.7865
1518   71.2899    72.7821
1519   71.2899    72.3958
1520   71.2899    72.4649
1521   71.2899    72.8749
1522   71.2899    74.0307
1523   71.2899    74.3627
1524   71.2899    74.9983
1525   71.2899    75.0088
1526   71.2899    75.2981
1527   71.2899    75.8327
1528   71.2899    76.0497
1529   71.2899    75.7803
1530   71.041    74.2853
1531   71.041    72.7885
1532   71.041    73.0525
1533   71.041    73.3753
1534   71.041    74.1465
1535   71.041    72.8044
1536   71.041    74.4445
1537   71.041    73.8555
1538   71.041    72.4713
1539   71.041    73.0889
1540   71.041    73.1595
1541   71.041    74.3637
1542   71.041    74.1445
1543   71.041    76.3987
1544   71.041    75.8145
1545   71.041    73.3927
1546   71.041    73.0587
1547   71.041    73.6748
1548   71.041    74.6775
1549   71.041    73.6018
1550   71.041    74.226
1551   71.041    74.7198
1552   71.041    74.1207
1553   71.041    75.0395
1554   71.041    73.8759
1555   71.041    72.3141
1556   71.041    72.6021
1557   71.041    73.9899
1558   71.041    72.9833
1559   71.041    72.6851
1560   71.041    71.6726
1561   71.041    74.2323
1562   71.041    74.6088
1563   71.041    72.9965
1564   71.041    73.0414
1565   71.041    74.2894
1566   71.041    75.86
1567   71.041    74.0953
1568   71.041    72.9426
1569   71.041    73.2057
1570   71.041    72.4303
1571   71.041    72.4312
1572   71.041    73.6282
1573   71.041    73.5872
1574   71.041    74.3136
1575   71.041    75.1634
1576   71.041    73.8993
1577   71.041    75.795
1578   71.041    75.8398
1579   71.041    74.7111
1580   71.041    75.5783
1581   71.041    74.1831
1582   71.041    74.1492
1583   71.041    73.3368
1584   71.041    72.0678
1585   71.041    73.4995
1586   71.041    73.8329
1587   71.041    75.2503
1588   71.041    75.2901
1589   71.041    75.3544
1590   71.041    76.61
1591   71.041    75.3634
1592   71.041    73.5515
1593   71.041    73.0162
1594   71.041    74.1072
1595   71.041    74.3007
1596   71.041    72.8845
1597   71.041    72.4359
1598   71.041    72.9207
1599   71.041    72.8748
1600   71.041    72.5921
1601   71.041    73.3093
1602   71.041    74.3851
1603   71.041    72.8569
1604   71.041    71.6923
1605   71.041    72.5205
1606   71.041    73.0941
1607   70.9744    73.0229
1608   70.9744    73.6239
1609   70.9744    74.5886
1610   70.9744    74.9617
1611   70.9744    74.3556
1612   70.9744    75.2755
1613   70.9744    72.6688
1614   70.9744    73.0546
1615   70.9744    72.7563
1616   70.9744    73.6515
1617   70.9744    73.8799
1618   70.9744    73.2035
1619   70.9744    74.7084
1620   70.9744    76.6985
1621   70.9744    77.4224
1622   70.9744    79.0746
1623   70.9744    75.9188
1624   70.9744    75.7632
1625   70.9744    73.4241
1626   70.9744    73.7371
1627   70.9744    72.5804
1628   70.9744    72.5154
1629   70.9744    74.0521
1630   70.9744    72.8299
1631   70.9744    72.9112
1632   70.9744    72.443
1633   70.9744    72.6634
1634   70.9744    73.7925
1635   70.9744    71.5939
1636   70.9744    72.45
1637   70.9744    72.9864
1638   70.9744    73.2779
1639   70.9744    73.803
1640   70.9744    74.6605
1641   70.9744    74.2487
1642   70.9744    75.7755
1643   70.9744    75.9364
1644   70.9744    73.8691
1645   70.9744    73.8044
1646   70.9744    73.789
1647   70.9744    75.1337
1648   70.9744    75.3951
1649   70.9744    75.3659
1650   70.9744    74.339
1651   70.9744    76.6109
1652   70.9744    75.1173
1653   70.9744    73.901
1654   70.9744    74.3637
1655   70.9744    73.6405
1656   70.9744    73.4354
1657   70.9744    72.9928
1658   70.9744    73.0346
1659   70.9744    73.3001
1660   70.9744    74.6318
1661   70.9744    74.3268
1662   70.9744    74.1456
1663   70.9744    73.1352
1664   70.9744    73.9741
1665   70.9744    72.3347
1666   70.9744    74.0991
1667   70.9744    73.9499
1668   70.9744    73.8766
1669   70.9744    73.4288
1670   70.9744    74.8366
1671   70.8802    75.5923
1672   70.8802    74.2894
1673   70.8802    73.7677
1674   70.8802    75.4816
1675   70.8802    72.8647
1676   70.8802    73.1807
1677   70.8802    72.6809
1678   70.8802    73.7698
1679   70.8802    73.9572
1680   70.8802    73.8481
1681   70.8802    75.8958
1682   70.8802    75.3266
1683   70.8802    75.2542
1684   70.8802    75.0962
1685   70.8802    75.6728
1686   70.8802    76.2594
1687   70.8802    75.2037
1688   70.8802    75.2898
1689   70.8802    75.1177
1690   70.8802    74.9753
1691   70.8802    74.4181
1692   70.8802    73.2899
1693   70.8802    73.1912
1694   70.8802    72.8979
1695   70.8802    74.4623
1696   70.8802    74.3869
1697   70.8802    73.2505
1698   70.8802    74.4579
1699   70.759    75.697
1700   70.759    75.2304
1701   70.759    74.2986
1702   70.759    75.368
1703   70.759    74.2941
1704   70.759    74.6729
1705   70.759    74.1823
1706   70.759    74.1233
1707   70.759    73.3479
1708   70.759    73.8036
1709   70.759    73.1343
1710   70.759    73.8369
1711   70.759    74.2443
1712   70.759    74.5825
1713   70.759    74.3751
1714   70.759    74.9512
1715   70.759    74.6454
1716   70.759    73.4579
1717   70.759    74.4362
1718   70.759    72.9494
1719   70.759    73.9083
1720   70.759    73.1872
1721   70.759    72.8399
1722   70.759    73.8028
1723   70.759    75.6178
1724   70.759    73.5154
1725   70.759    73.3007
1726   70.759    72.7478
1727   70.759    73.2378
1728   70.7513    75.3211
1729   70.7513    74.8473
1730   70.7513    72.6703
1731   70.7513    73.7046
1732   70.7513    75.0993
1733   70.7513    73.3944
1734   70.7513    74.2032
1735   70.7513    74.1078
1736   70.7513    74.6823
1737   70.7513    74.3739
1738   70.6607    75.7175
1739   70.6607    75.0512
1740   70.6607    75.5017
1741   70.6607    74.857
1742   70.6607    74.8647
1743   70.6607    75.401
1744   70.6607    76.605
1745   70.6607    77.3712
1746   70.6607    75.0294
1747   70.5437    73.8311
1748   70.5437    73.6191
1749   70.5437    74.518
1750   70.5437    75.4874
1751   70.5437    75.5215
1752   70.5437    75.2134
1753   70.5437    73.2341
1754   70.5437    73.4009
1755   70.5437    73.8112
1756   70.5437    73.1503
1757   70.5437    72.5358
1758   70.5437    72.6013
1759   70.5437    74.4295
1760   70.5437    73.635
1761   70.5437    73.2039
1762   70.5437    72.843
1763   70.5437    74.4371
1764   70.5437    74.507
1765   70.5437    74.0961
1766   70.5437    74.3929
1767   70.5437    74.8257
1768   70.5437    75.2263
1769   70.5437    73.7981
1770   70.5437    73.8189
1771   70.5437    73.4975
1772   70.5437    73.0199
1773   70.5437    73.7371
1774   70.5437    72.9629
1775   70.5437    74.5595
1776   70.5437    74.8955
1777   70.5437    72.8419
1778   70.5437    72.805
1779   70.5437    73.4045
1780   70.5437    73.7139
1781   70.5437    74.054
1782   70.5437    75.2443
1783   70.5437    75.9276
1784   70.5437    74.9709
1785   70.5437    75.3541
1786   70.5437    76.2983
1787   70.5437    74.8453
1788   70.5437    73.2796
1789   70.5437    73.4721
1790   70.5437    73.7063
1791   70.5437    73.7573
1792   70.5437    73.76
1793   70.5437    74.0434
1794   70.5437    76.1286
1795   70.5431    76.5549
1796   70.5431    74.6148
1797   70.5431    74.0002
1798   70.5431    73.9965
1799   70.5431    73.3108
1800   70.5431    74.2055
1801   70.5431    73.0949
1802   70.5431    74.8173
1803   70.5431    75.4366
1804   70.5431    75.4623
1805   70.5089    74.5128
1806   70.5089    76.2681
1807   70.5089    75.0327
1808   70.5089    76.3138
1809   70.5089    75.1558
1810   70.5089    73.7947
1811   70.5089    75.3053
1812   70.5089    74.7637
1813   70.5089    74.4136
1814   70.5089    73.384
1815   70.5089    73.6343
1816   70.5089    72.628
1817   70.5089    72.1495
1818   70.5089    72.7487
1819   70.5089    73.3506
1820   70.5089    72.4801
1821   70.5089    71.9968
1822   70.5089    72.0682
1823   70.5089    72.862
1824   70.5089    74.4377
1825   70.5089    75.0925
1826   70.5089    74.4602
1827   70.5089    74.3689
1828   70.5089    74.3225
1829   70.5089    75.1919
1830   70.5089    73.7853
1831   70.5089    74.3026
1832   70.5089    75.537
1833   70.5089    73.5091
1834   70.5089    73.8463
1835   70.5089    73.113
1836   70.5089    71.544
1837   70.5089    72.0236
1838   70.5089    73.3677
1839   70.5089    73.5044
1840   70.5089    72.8027
1841   70.5089    71.9558
1842   70.5089    71.3718
1843   70.5089    73.3032
1844   70.5089    74.1964
1845   70.5089    73.6362
1846   70.5089    74.0935
1847   70.5089    73.6251
1848   70.3735    74.2564
1849   70.3735    74.2407
1850   70.3735    73.7092
1851   70.3735    74.0379
1852   70.3735    72.2028
1853   70.3735    71.8901
1854   70.3735    71.8867
1855   69.9202    73.0067
1856   69.9202    71.5585
1857   69.9202    72.6436
1858   69.9202    72.1667
1859   69.9202    71.9212
1860   69.9202    71.2814
1861   69.9202    71.3404
1862   69.9202    72.224
1863   69.9202    71.9607
1864   69.9202    71.5867
1865   69.9202    72.1684
1866   69.9202    71.7175
1867   69.9202    73.4023
1868   69.9202    75.9148
1869   69.9202    75.4973
1870   69.9202    77.1517
1871   69.9202    78.9729
1872   69.9202    79.8719
1873   69.9202    78.3583
1874   69.9202    78.2909
1875   69.9202    79.5669
1876   69.9202    77.3069
1877   69.9202    76.1865
1878   69.9202    73.4652
1879   69.9202    73.276
1880   69.9202    75.7458
1881   69.9202    76.7002
1882   69.9202    75.5235
1883   69.9202    75.009
1884   69.9202    72.303
1885   69.9202    74.7914
1886   69.9202    73.9542
1887   69.9202    73.976
1888   69.9202    74.838
1889   69.9202    77.1073
1890   69.9202    78.8715
1891   69.9202    76.7815
1892   69.9202    75.2886
1893   69.9202    74.4917
1894   69.9202    74.3936
1895   69.9202    75.8857
1896   69.9202    75.6715
1897   69.9202    76.332
1898   69.9202    74.2627
1899   69.9202    72.7299
1900   69.9202    74.3296
1901   69.9202    75.2982
1902   69.9202    74.8444
1903   69.9202    76.8872
1904   69.9202    75.3123
1905   69.9202    75.525
1906   69.9202    75.4639
1907   69.9202    73.9531
1908   69.9202    73.5786
1909   69.9202    73.1978
1910   69.9202    71.8443
1911   69.9202    72.5483
1912   69.9202    74.218
1913   69.9202    72.7916
1914   69.9202    72.6064
1915   69.9202    73.9528
1916   69.9202    73.8325
1917   69.9202    73.048
1918   69.9202    73.4942
1919   69.9202    75.1647
1920   69.9202    77.3797
1921   69.9202    73.7812
1922   69.9202    73.6083
1923   69.9202    73.1069
1924   69.9202    71.73
1925   69.9202    72.749
1926   69.9202    71.7317
1927   69.9202    71.6101
1928   69.9202    71.3267
1929   69.9202    72.1416
1930   69.9202    71.5045
1931   69.9202    72.409
1932   69.9202    73.1252
1933   69.9202    73.7087
1934   69.9202    71.899
1935   69.9202    71.7136
1936   69.9202    73.5332
1937   69.9202    73.0272
1938   69.9202    72.3846
1939   69.9202    72.2292
1940   69.9202    73.421
1941   69.9202    75.7372
1942   69.9202    76.4709
1943   69.9202    74.4539
1944   69.9202    74.2909
1945   69.9202    74.8011
1946   69.9202    74.0977
1947   69.9202    74.0965
1948   69.9202    75.3264
1949   69.9202    76.4936
1950   69.9202    76.302
1951   69.9202    73.6431
1952   69.8172    74.4028
1953   69.8172    72.166
1954   69.8172    71.6872
1955   69.8172    71.5493
1956   69.8172    71.2739
1957   69.8172    72.1062
1958   69.8172    72.9082
1959   69.8172    73.5114
1960   69.8172    73.978
1961   69.8172    73.1062
1962   69.8172    72.1326
1963   69.8172    72.9053
1964   69.8172    71.4949
1965   69.8172    72.0002
1966   69.8172    72.9392
1967   69.8172    73.7312
1968   69.8172    74.2479
1969   69.8172    73.4955
1970   69.8172    71.8465
1971   69.8172    71.5001
1972   69.8172    71.3321
1973   69.8172    72.0812
1974   69.8172    72.8006
1975   69.8172    73.0802
1976   69.8172    73.0972
1977   69.8172    71.3033
1978   69.8172    72.2156
1979   69.8172    73.4941
1980   69.8172    71.8495
1981   69.8172    72.0953
1982   69.8172    72.9011
1983   69.8172    73.8427
1984   69.8172    73.5588
1985   69.8172    72.0893
1986   69.8172    71.9671
1987   69.8172    72.1301
1988   69.8172    72.5933
1989   69.8172    72.6396
1990   69.8172    72.5523
1991   69.8172    72.4191
1992   69.8172    72.0379
1993   69.8172    75.1317
1994   69.8172    74.4767
1995   69.8172    74.0677
1996   69.8172    72.9882
1997   69.8172    71.7625
1998   69.8172    72.1276
1999   69.8172    71.6201
2000   69.8172    72.2912
