1   444.875    487.942
2   439.751    473.426
3   423.63    461.945
4   415.103    450.175
5   409.95    436.575
6   403.88    425.396
7   402.455    418.685
8   394.415    412.118
9   393.361    408.31
10   388.431    405.239
11   387.697    401.822
12   381.005    396.339
13   378.453    393.52
14   369.816    388.279
15   363.166    382.646
16   347.716    371.915
17   341.588    363.527
18   341.571    355.025
19   334.386    350.016
20   324.075    344.858
21   324.075    339.769
22   314.181    335.948
23   314.181    330.459
24   313.895    326.891
25   310.097    321.096
26   305.315    317.95
27   303.297    316.271
28   302.34    312.825
29   297.373    309.423
30   294.19    307.406
31   293.451    304.577
32   292.047    300.908
33   290.449    299.26
34   283.752    296.119
35   283.752    294.552
36   279.13    290.854
37   278.798    288.224
38   272.99    286.785
39   265.838    282.77
40   264.01    280.989
41   263.334    276.858
42   261.901    273.942
43   261.257    271.311
44   260.781    270.415
45   258.858    267.06
46   257.979    266.88
47   254.104    266.109
48   253.974    267.507
49   253.076    265.018
50   251.985    263.233
51   247.302    260.471
52   243.875    258.199
53   242.182    255.658
54   240.826    253.863
55   238.27    250.635
56   234.135    247.384
57   228.619    244.922
58   228.619    242.39
59   228.619    239.468
60   228.239    235.958
61   224.002    234.124
62   220.367    233.976
63   216.061    230.513
64   213.6    229.476
65   213.6    229.381
66   209.419    226.885
67   209.419    225.544
68   208.841    221.329
69   204.878    216.633
70   202.273    217.067
71   200.239    214.077
72   198.599    212.739
73   196.654    211.42
74   194.225    208.593
75   194.225    207.502
76   193.754    205.065
77   193.754    206.252
78   192.393    203.376
79   192.393    202.105
80   192.393    201.54
81   187.135    200.338
82   186.326    199.721
83   186.326    196.635
84   186.326    196.528
85   186.326    194.08
86   186.326    191.181
87   186.175    189.61
88   183.77    189.056
89   183.77    189.422
90   183.77    189.779
91   183.77    192.077
92   180.636    191.24
93   180.636    192.342
94   180.636    192.304
95   176.809    189.399
96   176.809    186.443
97   176.809    183.901
98   173.873    182.684
99   172.843    182.143
100   171.639    181.592
101   171.639    180.661
102   170.01    178.662
103   169.759    176.801
104   169.474    176.443
105   168.17    175.46
106   168.17    173.954
107   159.182    172.258
108   158.93    171.662
109   158.567    168.695
110   158.354    167.467
111   158.044    165.486
112   158.044    164.251
113   156.957    162.055
114   156.654    161.61
115   155.365    160.416
116   150.929    159.389
117   150.929    159.483
118   149.64    158.777
119   149.64    157.235
120   149.612    154.953
121   146.965    153.098
122   146.965    152.061
123   145.922    151.949
124   145.922    152.164
125   142.205    153.024
126   142.205    151.223
127   142.163    149.456
128   142.163    148.988
129   141.816    146.536
130   141.775    146.177
131   141.775    144.277
132   141.775    144.483
133   141.775    143.591
134   141.775    142.992
135   139.692    143.656
136   139.692    143.451
137   139.692    143.047
138   139.692    143.395
139   139.692    145.516
140   139.692    145.59
141   138.287    148.256
142   139.692    151.51
143   139.692    151.627
144   137.886    151.85
145   137.253    148.97
146   137.253    147.657
147   136.481    145.157
148   136.481    144.343
149   136.034    145.517
150   135.546    144.686
151   135.546    142.314
152   135.405    143.056
153   135.199    140.979
154   134.918    140.34
155   134.744    142.08
156   133.655    141.344
157   133.655    138.234
158   133.655    137.925
159   133.655    138.701
160   133.655    139.16
161   132.787    138.699
162   132.613    138.389
163   132.613    135.554
164   132.613    134.442
165   132.109    134.588
166   132.109    137.769
167   131.996    135.321
168   130.776    137.774
169   130.776    136.692
170   130.119    136.08
171   130.119    136.017
172   130.119    134.565
173   130.119    133.898
174   130.119    135.57
175   129.475    136.113
176   129.475    134.42
177   129.475    133.14
178   129.299    132.612
179   129.299    133.946
180   129.085    134.659
181   129.085    134.746
182   128.223    134.514
183   128.223    135.702
184   128.223    135.852
185   127.249    135.756
186   127.249    137.31
187   125.545    135.151
188   125.545    133.944
189   125.539    134.327
190   125.539    130.878
191   125.387    129.94
192   125.366    130.842
193   125.366    131.243
194   124.587    130.443
195   124.587    132.362
196   124.587    132.298
197   122.432    130.644
198   122.432    131.395
199   122.432    132.288
200   122.432    130.795
201   121.109    129.339
202   120.176    127.202
203   119.538    125.707
204   119.115    123.734
205   119.115    123.195
206   119.115    125.066
207   119.115    123.576
208   118.792    123.725
209   118.792    126.123
210   118.792    125.908
211   118.214    125.497
212   117.903    126.124
213   117.325    123.613
214   117.075    122.396
215   117.075    121.06
216   117.075    121.211
217   117.075    121.718
218   117.075    121.585
219   117.075    121.449
220   116.357    120.375
221   116.357    120.908
222   112.859    120.346
223   112.859    121.194
224   112.859    121.998
225   112.859    124.047
226   112.859    123.705
227   112.859    123.12
228   112.859    122.947
229   112.859    120.302
230   112.859    119.014
231   112.859    119.679
232   112.859    118.019
233   112.859    116.877
234   112.859    117.37
235   112.7    119.384
236   112.7    119.022
237   112.634    117.668
238   112.634    118.611
239   112.634    117.361
240   112.634    117.169
241   112.458    117.195
242   112.458    117.538
243   112.458    118.586
244   111.869    117.97
245   111.869    116.842
246   111.207    115.764
247   111.207    117.289
248   111.207    115.412
249   110.547    116.019
250   110.547    115.07
251   110.547    114.654
252   110.547    116.162
253   110.547    113.43
254   110.547    114.13
255   110.547    113.205
256   110.547    113.217
257   110.547    112.896
258   110.547    112.652
259   110.547    112.367
260   110.091    112.664
261   109.405    113.985
262   109.405    114.624
263   108.864    113.451
264   108.544    113.501
265   108.544    113.986
266   108.544    114.257
267   108.003    115.901
268   108.003    117.54
269   108.003    117.62
270   108.003    117.08
271   108.003    117.529
272   108.003    117.525
273   108.003    116.914
274   108.003    116.911
275   107.904    113.511
276   107.904    114.724
277   107.904    112.848
278   107.316    111.806
279   106.911    110.527
280   106.911    109.877
281   106.197    108.836
282   106.111    109.029
283   106.111    109.617
284   105.874    109.043
285   105.874    108.174
286   104.995    109.388
287   104.995    108.816
288   104.995    109.979
289   104.995    108.566
290   104.995    110.04
291   104.964    109.164
292   104.775    108.375
293   104.775    109.848
294   104.085    109.562
295   103.865    110.485
296   103.865    109.825
297   103.188    107.282
298   103.188    106.494
299   103.188    107.414
300   103.188    109.422
301   102.844    111.147
302   101.695    114.738
303   101.695    116.678
304   97.2893    113.614
305   97.2893    112.586
306   97.2893    111.264
307   97.2725    109.824
308   97.2725    108.899
309   97.2725    108.595
310   95.282    107.045
311   95.282    107.37
312   95.282    107.196
313   94.997    105.352
314   94.997    106.003
315   94.997    106.966
316   93.5739    108.054
317   93.5739    107.999
318   93.5739    107.119
319   93.5739    104.724
320   93.5739    103.474
321   93.5739    102.166
322   92.9971    99.0978
323   92.9971    98.3608
324   92.9971    97.2405
325   92.9971    98.7001
326   92.9971    98.0616
327   92.9971    98.365
328   92.9971    94.8077
329   92.9971    96.26
330   92.9971    96.9719
331   92.9971    97.5083
332   92.2454    97.356
333   92.2454    96.9558
334   92.2454    97.0788
335   92.2454    96.9388
336   92.2454    97.4825
337   92.2454    98.4476
338   92.2454    97.7491
339   92.2454    96.4144
340   92.2454    95.8401
341   92.2454    95.7111
342   92.2454    94.7712
343   92.2454    95.6534
344   92.2454    95.1304
345   92.2454    96.1501
346   92.2454    95.4092
347   91.5672    95.2346
348   91.3804    99.1466
349   91.3804    96.4903
350   91.0614    96.0552
351   91.0614    95.2773
352   91.0614    94.1939
353   91.0614    94.8035
354   90.9397    93.5134
355   90.9397    92.9766
356   90.9397    93.6034
357   90.9397    93.7112
358   90.9397    94.413
359   90.9397    92.6461
360   90.9397    92.4905
361   90.9397    94.9266
362   90.0009    94.6875
363   89.8792    95.0732
364   89.8792    93.6076
365   89.8792    94.1738
366   89.8792    93.6376
367   89.8792    94.0028
368   89.8218    94.3343
369   89.8218    95.6408
370   89.8218    94.3008
371   89.8218    94.6421
372   89.8218    94.8607
373   89.3891    92.6637
374   89.3891    93.7835
375   89.3891    93.9335
376   89.3891    93.6378
377   89.3891    95.1412
378   89.3891    93.5758
379   89.3304    91.3911
380   89.3304    92.4985
381   89.3304    91.4801
382   89.3304    91.8637
383   89.2102    90.891
384   89.2102    91.1492
385   89.2102    91.7721
386   89.2102    91.9424
387   89.2102    91.1987
388   89.1705    91.2312
389   89.1357    92.0443
390   89.0155    92.84
391   89.0155    92.5096
392   89.0155    91.0822
393   89.0155    90.4348
394   89.0155    93.0472
395   89.0155    92.3712
396   89.0155    90.9351
397   88.5541    90.5815
398   88.5541    90.7875
399   88.5541    90.1142
400   87.8373    89.9104
401   87.6282    88.9349
402   86.9114    89.5636
403   86.9114    89.7332
404   86.8457    88.6868
405   86.8457    89.5253
406   86.8457    91.9904
407   86.8457    93.2254
408   86.8457    92.7743
409   86.8457    92.4379
410   86.8457    93.1776
411   86.8457    93.0542
412   86.8457    93.7786
413   86.8457    91.9937
414   86.8457    91.4238
415   86.8457    89.955
416   86.8457    90.2435
417   86.8457    89.1068
418   86.8457    90.1677
419   86.8457    89.2917
420   86.4443    90.1625
421   86.4443    88.3376
422   86.1091    89.4345
423   86.1091    90.1859
424   86.1091    90.1736
425   86.1091    89.5234
426   86.1091    89.6333
427   86.1091    88.4408
428   86.1091    87.0549
429   86.1091    87.2996
430   86.1091    87.4432
431   86.1091    86.3096
432   86.1091    86.9475
433   86.1091    87.1725
434   86.1091    87.0735
435   86.0304    86.8029
436   86.0304    87.3983
437   86.0304    87.9372
438   86.0304    87.6513
439   86.0304    88.7024
440   86.0304    90.1636
441   86.0304    88.8166
442   85.8655    87.9541
443   85.8655    89.1021
444   85.8655    88.748
445   85.8655    91.047
446   85.8655    89.7535
447   85.7416    88.3537
448   85.7416    88.2265
449   85.7416    89.3316
450   85.7416    89.6206
451   85.7416    89.4821
452   85.7416    89.4739
453   85.5513    88.0179
454   85.5513    90.2367
455   85.5513    89.5933
456   85.5513    90.2371
457   85.5513    90.2223
458   85.1519    89.4942
459   84.9617    89.3244
460   84.9617    89.5161
461   84.9617    88.3922
462   84.9617    88.6022
463   84.9617    87.1177
464   84.9617    87.356
465   84.9617    87.3632
466   84.9617    88.0142
467   84.9617    88.2668
468   84.9617    88.8183
469   84.9617    90.6722
470   84.9617    92.2662
471   84.9617    94.3397
472   84.9617    94.425
473   84.9617    93.5884
474   84.9617    91.6668
475   84.9617    90.7807
476   84.9617    92.1039
477   84.7418    91.0737
478   84.7418    89.6302
479   83.8771    87.8547
480   83.8771    87.8879
481   83.8771    87.6373
482   83.8771    89.3998
483   83.8771    88.5327
484   83.8771    89.6392
485   83.8771    90.4806
486   83.8771    88.3491
487   83.8771    89.0429
488   83.8771    87.8483
489   83.8771    86.6458
490   83.8771    86.9761
491   83.8771    88.5509
492   83.8771    87.3763
493   83.8771    88.1137
494   83.8771    86.5723
495   83.8771    87.4856
496   83.8771    88.5139
497   83.8771    88.6596
498   83.8771    89.7078
499   83.8771    89.0147
500   83.8771    88.0882
501   83.8771    86.2681
502   83.8771    86.1881
503   83.8771    85.5953
504   83.8771    85.7905
505   83.8771    87.3552
506   83.8771    87.6189
507   83.4612    87.8885
508   83.4612    88.3531
509   83.4612    86.9544
510   83.4612    88.5075
511   83.4612    86.7158
512   83.4612    86.5214
513   83.4612    89.1028
514   83.4612    86.7429
515   83.4612    85.9514
516   83.4612    86.2026
517   83.3468    87.8708
518   83.3468    88.2443
519   83.3468    88.481
520   83.22    87.6207
521   83.22    87.7824
522   83.22    88.0628
523   83.22    87.1488
524   83.22    87.7851
525   83.22    87.4337
526   83.22    85.4663
527   83.22    86.9742
528   83.22    87.6955
529   83.22    86.5698
530   83.22    86.463
531   83.22    87.0337
532   83.22    85.8611
533   83.22    86.54
534   83.22    87.6015
535   83.22    85.9884
536   83.22    86.6563
537   83.22    86.0703
538   83.22    86.1929
539   83.22    85.6296
540   83.22    85.5607
541   82.661    85.3042
542   82.661    85.4938
543   82.661    86.9069
544   82.661    85.4649
545   82.661    86.2132
546   82.661    86.064
547   82.661    85.8696
548   82.661    84.8615
549   82.661    85.309
550   82.661    84.8953
551   82.661    85.1063
552   82.661    85.6647
553   82.661    85.1259
554   82.661    85.1298
555   82.4522    84.8023
556   82.4522    85.8184
557   82.4522    86.4713
558   82.4522    87.1172
559   82.4522    87.9537
560   82.4522    87.4324
561   82.4522    85.1146
562   82.4522    85.9678
563   82.4522    86.9329
564   82.4522    87.138
565   82.4522    86.7264
566   82.4522    84.9588
567   82.4522    85.2651
568   82.4522    84.5108
569   82.4522    83.5602
570   82.3213    84.9909
571   82.3213    86.7616
572   82.3213    85.5341
573   82.3213    86.1479
574   81.9191    85.5782
575   81.9191    85.3552
576   81.9191    85.9271
577   81.9191    85.527
578   81.9191    84.909
579   81.9191    86.3607
580   81.9191    86.2154
581   81.9191    86.5897
582   81.9191    84.8633
583   81.9191    86.7405
584   81.9191    86.0911
585   81.9191    88.3244
586   81.9191    86.8622
587   81.9191    85.1843
588   81.9191    84.0138
589   81.9191    83.6878
590   81.9191    84.0569
591   81.9191    84.1348
592   81.9191    84.4319
593   81.9013    86.4922
594   81.9013    88.6761
595   80.9132    86.3487
596   80.9132    86.9688
597   80.8954    86.9748
598   80.8954    88.7253
599   80.5369    86.6012
600   80.5369    86.2518
601   78.926    85.5313
602   78.926    86.5629
603   78.926    88.8312
604   78.926    90.7484
605   78.926    89.9359
606   78.926    91.1506
607   78.926    90.6427
608   78.926    92.2073
609   78.926    91.6883
610   78.926    88.666
611   78.926    86.9147
612   78.926    85.1817
613   78.926    84.0346
614   78.926    82.2251
615   78.926    80.4728
616   78.926    81.5869
617   78.926    81.0605
618   78.926    82.418
619   78.926    80.834
620   78.926    80.2209
621   78.926    81.5596
622   78.926    81.9206
623   78.926    80.3574
624   78.7716    82.1877
625   78.7716    81.6805
626   78.7716    81.8407
627   78.7716    80.6331
628   78.7716    80.776
629   78.7716    80.7654
630   78.7716    80.5055
631   77.5064    80.0995
632   77.5064    80.9581
633   77.5064    80.2343
634   77.5064    80.2018
635   77.5064    80.6173
636   77.5064    81.4042
637   77.5064    81.2971
638   77.5064    80.4035
639   77.5064    80.214
640   77.5064    79.6735
641   77.5064    80.2042
642   77.5064    79.9947
643   77.5064    79.1434
644   77.5064    79.1531
645   77.5064    78.8431
646   77.5064    79.1481
647   77.5064    79.1935
648   77.5064    79.6477
649   76.8724    79.3045
650   76.8724    78.303
651   76.8724    78.1644
652   76.8724    78.2595
653   76.8724    79.4687
654   76.8724    78.3233
655   76.7506    80.2323
656   76.7506    78.339
657   76.7506    78.4189
658   76.7506    78.8647
659   76.7506    77.7689
660   76.7506    78.0851
661   76.7506    78.7258
662   76.7506    79.6345
663   76.7506    79.8843
664   76.7506    80.1801
665   76.2565    79.348
666   76.1347    79.5755
667   76.1347    78.7978
668   76.1347    79.2116
669   76.1347    78.934
670   76.1347    77.7412
671   76.1347    77.8539
672   76.1347    78.3312
673   76.1347    78.9318
674   76.1347    79.9335
675   76.1347    78.5345
676   76.1347    78.2295
677   76.1347    76.6408
678   76.1347    78.0311
679   76.1347    78.4636
680   76.1347    80.2695
681   76.1347    78.956
682   76.1347    79.8049
683   76.1347    80.1739
684   76.1347    78.7433
685   76.1347    79.7316
686   76.1347    79.0603
687   76.1347    79.0619
688   76.1347    80.0239
689   76.1347    78.8385
690   76.1347    77.5959
691   76.1347    76.9853
692   76.1347    76.894
693   76.1347    77.8574
694   76.1347    78.3106
695   76.1347    77.539
696   76.1347    78.2651
697   76.1347    78.7089
698   76.1347    79.6428
699   76.1347    81.0478
700   76.1347    80.1507
701   73.0898    79.3936
702   72.5265    78.6731
703   72.5265    79.3498
704   71.8645    79.3517
705   71.8645    78.2922
706   71.8645    77.187
707   71.8645    75.3113
708   71.8645    75.3265
709   71.8645    74.3265
710   71.8645    74.8477
711   71.854    74.8218
712   71.854    75.7688
713   71.854    75.8941
714   71.854    74.9149
715   71.854    74.7743
716   71.854    76.1448
717   71.854    75.3224
718   71.854    73.9876
719   71.854    75.9015
720   71.854    74.664
721   71.854    76.115
722   71.854    75.9348
723   71.854    75.95
724   71.854    75.164
725   71.854    74.1716
726   71.854    72.8742
727   71.854    74.2453
728   71.854    75.7583
729   71.854    75.2615
730   71.854    74.3471
731   71.854    74.3622
732   71.854    75.2869
733   71.854    73.9672
734   71.854    74.568
735   71.854    73.8923
736   71.854    73.4422
737   71.854    74.1818
738   71.854    72.7184
739   71.854    72.7352
740   71.854    73.3006
741   71.854    74.455
742   71.854    74.236
743   71.854    76.1375
744   71.854    75.9652
745   71.854    74.1265
746   71.854    74.1614
747   71.854    74.9551
748   71.854    75.2689
749   71.854    74.9417
750   71.854    74.6754
751   71.854    75.2253
752   71.854    74.2141
753   71.854    75.2884
754   71.854    76.5444
755   71.854    75.5569
756   71.854    75.5929
757   71.854    73.9212
758   71.854    73.8949
759   71.854    75.7647
760   71.854    75.8131
761   71.854    76.9637
762   71.854    76.4421
763   71.854    75.7767
764   71.854    75.8603
765   71.854    72.6748
766   71.854    73.6754
767   71.854    73.2449
768   71.854    72.4834
769   71.854    72.8397
770   71.854    73.1528
771   71.854    74.071
772   71.854    75.8708
773   71.854    76.0388
774   71.854    76.1305
775   71.854    76.9547
776   71.5579    79.629
777   71.5579    78.8973
778   71.5579    77.3192
779   71.5579    76.5092
780   71.5579    77.7222
781   71.5579    79.0073
782   71.5579    75.7194
783   71.5579    74.4761
784   71.5579    76.1011
785   71.5579    74.65
786   71.5579    76.6135
787   71.4978    75.3069
788   71.4978    74.0759
789   71.4978    75.4641
790   71.4978    75.5155
791   71.4978    76.2025
792   71.4978    76.3693
793   71.4978    75.0242
794   71.4978    74.5254
795   71.4978    75.3873
796   71.4978    74.5283
797   71.4978    73.9209
798   71.4978    75.3634
799   71.4978    74.5825
800   71.4418    74.3349
801   71.0619    73.1676
802   71.0025    73.5372
803   71.0025    73.2046
804   70.8597    73.3317
805   70.4778    75.0176
806   70.4778    74.9891
807   70.375    74.6555
808   70.375    75.856
809   70.2322    75.1129
810   70.2322    75.6717
811   70.2322    76.8332
812   70.2322    74.7718
813   70.2322    73.3549
814   70.2322    73.0012
815   70.1714    73.4238
816   70.0285    74.2883
817   70.0285    74.5499
818   70.0285    72.4126
819   70.0285    72.2684
820   70.0285    71.4809
821   70.0285    71.8653
822   70.0285    73.4272
823   69.9866    72.0131
824   69.9866    71.9951
825   69.9866    74.1787
826   69.9866    74.4785
827   69.9866    73.1951
828   69.9866    72.5515
829   69.9866    72.4256
830   69.9866    73.4678
831   69.9866    74.8249
832   69.8169    73.6709
833   69.8169    73.7802
834   69.8169    73.7657
835   69.8169    72.3965
836   69.8169    73.2533
837   69.8169    72.9253
838   69.8169    71.8382
839   69.8169    71.6608
840   69.8169    72.2994
841   69.8169    71.2446
842   69.8169    72.4972
843   69.8169    71.058
844   69.8169    70.9178
845   69.8169    71.7452
846   69.8169    71.7179
847   69.8169    71.8121
848   69.8169    71.4673
849   69.8169    72.5878
850   69.8169    73.728
851   69.8169    73.9487
852   69.8169    74.2135
853   69.8169    73.1054
854   69.8169    71.8872
855   69.8169    71.8118
856   69.8169    72.7737
857   69.8169    72.3896
858   69.8169    71.6022
859   69.8169    71.8493
860   69.8169    71.3553
861   69.8169    71.8342
862   69.8169    73.2968
863   69.8169    73.0715
864   69.8169    72.7486
865   69.8169    72.1428
866   69.8169    73.7365
867   69.8169    73.545
868   69.8169    73.2823
869   69.8169    73.9906
870   69.8169    74.6295
871   69.8169    74.5221
872   69.8169    74.6909
873   69.6998    73.3175
874   69.6998    74.3181
875   69.6998    73.9833
876   69.6998    72.4101
877   69.6998    73.7971
878   69.6998    72.8792
879   69.6998    71.5178
880   69.6998    71.7536
881   69.6998    71.2479
882   69.6998    71.9968
883   69.6998    72.1833
884   69.6998    71.8484
885   69.6998    73.0097
886   69.6998    74.6892
887   69.5478    72.7832
888   69.5478    72.4374
889   69.5478    72.7844
890   69.5478    73.0518
891   69.5478    72.7518
892   69.5478    73.8634
893   69.5478    72.9677
894   69.5478    75.7042
895   69.5478    73.1692
896   69.5478    72.3333
897   69.5478    72.4617
898   69.5478    72.515
899   69.5478    72.7492
900   69.5478    73.927
901   68.9836    74.3137
902   68.2297    74.2167
903   68.0111    72.2839
904   68.0111    72.3406
905   68.0111    72.3947
906   67.802    70.5019
907   67.802    70.7454
908   67.802    71.7777
909   67.802    74.082
910   67.802    73.917
911   67.802    72.4987
912   67.802    72.1084
913   67.802    69.1813
914   67.802    69.61
915   67.802    69.3339
916   67.802    69.3467
917   67.802    70.1107
918   67.802    70.902
919   67.6117    70.6727
920   67.6117    70.4544
921   67.6117    70.7761
922   67.6117    71.1269
923   67.6117    72.2637
924   67.6117    72.7201
925   67.6117    70.3666
926   67.6117    71.2499
927   67.6117    70.4968
928   67.6117    70.1973
929   67.6117    70.3324
930   67.6117    71.5771
931   67.6117    70.7004
932   67.6117    69.6738
933   67.6117    69.2855
934   67.6117    70.4244
935   67.6117    70.5525
936   67.6117    71.8064
937   67.6117    70.8386
938   67.6117    71.2475
939   67.6117    69.9663
940   67.6117    71.5954
941   67.6117    71.2777
942   67.6117    69.2516
943   67.6117    69.126
944   67.6117    69.4043
945   67.6117    70.8143
946   67.6117    72.2958
947   67.6117    70.9431
948   67.6117    70.1208
949   67.6117    68.8331
950   67.6117    69.9513
951   67.6117    71.0231
952   67.6117    70.58
953   67.6117    70.8119
954   67.6117    69.5099
955   67.6117    70.3148
956   67.6117    70.4871
957   67.6117    69.5367
958   67.6117    70.0909
959   67.6117    69.739
960   67.6117    69.8265
961   67.6117    69.9307
962   67.6117    70.8102
963   67.6117    70.8227
964   67.6117    71.4343
965   67.6117    71.4707
966   67.6117    72.9236
967   67.6117    72.8033
968   67.6117    72.1148
969   67.6117    72.3608
970   67.6117    71.5013
971   67.6117    71.2482
972   67.6117    70.399
973   67.6117    69.9983
974   67.6117    69.2647
975   67.6117    69.56
976   67.6117    71.0821
977   67.6117    69.6162
978   67.6117    70.4783
979   67.6117    70.6301
980   67.6117    71.0742
981   67.6117    68.9047
982   67.6117    69.8331
983   67.6117    69.8678
984   67.6117    70.5136
985   67.6117    71.6599
986   67.6117    72.2809
987   67.5455    72.0883
988   67.5455    70.8404
989   67.5455    70.0247
990   67.5455    70.0526
991   67.5455    69.6766
992   67.5455    70.1231
993   67.5455    71.8021
994   67.5455    73.2792
995   67.5455    71.547
996   67.5455    70.9349
997   67.5455    71.6579
998   67.5455    71.4233
999   67.5455    70.178
1000   67.5455    70.0911
1001   67.5455    70.0244
1002   67.5455    72.8026
1003   67.5455    71.9164
1004   67.5455    71.4753
1005   67.5455    70.0051
1006   67.5455    72.2408
1007   67.5455    71.916
1008   67.5455    71.2246
1009   67.5455    73.2753
1010   67.5455    71.6347
1011   67.5455    69.7086
1012   67.5455    68.7516
1013   67.5455    69.5173
1014   67.5455    68.7633
1015   67.5455    68.8317
1016   67.5455    70.0288
1017   67.5455    69.3941
1018   67.5455    67.9967
1019   67.5455    69.0793
1020   67.5455    68.7655
1021   67.5455    68.9613
1022   67.5455    70.8354
1023   67.5455    71.2017
1024   67.5455    70.0179
1025   67.5455    71.2426
1026   67.5455    72.26
1027   67.5455    70.0106
1028   67.5455    69.7903
1029   67.5455    70.1997
1030   67.5455    72.2534
1031   67.5455    72.4701
1032   67.5455    71.8842
1033   67.5455    70.4528
1034   67.5455    72.0779
1035   67.5455    73.0246
1036   67.5455    71.9
1037   67.5455    73.1317
1038   67.2847    72.5236
1039   67.2847    71.5625
1040   67.2847    71.9043
1041   67.2847    70.7034
1042   67.2847    70.1463
1043   67.2847    71.3888
1044   67.2847    71.843
1045   67.2847    69.1529
1046   67.2847    69.1297
1047   67.2847    70.4691
1048   67.2847    69.4066
1049   67.2847    69.6922
1050   67.2847    68.8473
1051   67.2847    69.0218
1052   67.2847    69.5066
1053   67.2847    68.4113
1054   67.2847    69.7113
1055   67.2847    71.0505
1056   67.2847    71.0744
1057   67.2847    71.3429
1058   67.2847    70.8898
1059   67.2847    71.1357
1060   67.2847    70.597
1061   67.2847    71.0211
1062   67.2847    70.4939
1063   67.2847    70.8695
1064   67.2847    71.5266
1065   67.2847    71.3167
1066   67.2847    71.6612
1067   67.2847    70.4323
1068   67.2847    70.1102
1069   67.2847    71.3641
1070   67.2847    70.428
1071   67.2847    71.3634
1072   67.2847    69.8333
1073   67.2847    69.9629
1074   67.2847    69.2004
1075   67.2847    69.6996
1076   67.2847    71.5681
1077   67.2847    69.0947
1078   67.2847    70.5615
1079   67.2847    68.8458
1080   67.2847    69.6102
1081   67.2847    70.2246
1082   67.2847    70.1897
1083   67.1509    70.6992
1084   67.1509    72.2727
1085   67.1509    70.6395
1086   67.1509    69.9047
1087   67.1509    69.9237
1088   67.1509    70.11
1089   67.1509    70.1124
1090   67.1509    69.8938
1091   67.1509    69.9474
1092   67.1509    68.4867
1093   67.1509    69.4824
1094   67.1509    69.2416
1095   67.1509    70.3909
1096   67.1509    71.9871
1097   67.1509    70.2232
1098   67.1509    69.7608
1099   67.1509    69.4217
1100   67.1509    69.1231
1101   67.1509    69.9032
1102   67.1509    70.7475
1103   67.1509    71.0677
1104   67.1509    71.517
1105   67.1509    71.2767
1106   67.1509    69.8984
1107   67.1509    69.4447
1108   67.1509    68.8481
1109   67.1509    68.6924
1110   67.1509    69.2289
1111   67.1509    68.3875
1112   67.1509    68.4364
1113   67.1509    69.9595
1114   67.1509    70.384
1115   67.1509    71.1667
1116   67.1509    69.2965
1117   67.1509    69.6666
1118   67.1509    69.9184
1119   67.1509    70.7274
1120   67.1509    72.095
1121   67.1509    73.5491
1122   67.1509    71.1328
1123   66.9656    70.8122
1124   66.9656    72.1596
1125   66.9656    71.7735
1126   66.9656    72.5879
1127   66.9656    73.6448
1128   66.9656    73.628
1129   66.9656    73.0363
1130   66.9656    70.7843
1131   66.9656    73.8566
1132   66.9656    72.8603
1133   66.9656    70.0604
1134   66.9656    69.4733
1135   66.9656    69.7956
1136   66.9656    70.4583
1137   66.9656    69.1048
1138   66.9026    69.4434
1139   66.9026    69.2212
1140   66.9026    70.166
1141   66.9026    69.722
1142   66.9026    68.795
1143   66.9026    68.7159
1144   66.9026    68.4869
1145   66.9026    68.4581
1146   66.9026    69.8929
1147   66.9026    69.8685
1148   66.9026    69.0709
1149   66.9026    68.7895
1150   66.9026    68.3819
1151   66.9026    68.2137
1152   66.9026    68.8738
1153   66.9026    69.9151
1154   66.9026    68.9033
1155   66.9026    70.1074
1156   66.9026    69.859
1157   66.9026    69.6031
1158   66.9026    70.1695
1159   66.9026    70.4434
1160   66.9026    70.6527
1161   66.9026    69.7256
1162   66.9026    70.2246
1163   66.9026    69.3836
1164   66.9026    69.9663
1165   66.9026    70.8132
1166   66.9026    69.6432
1167   66.9026    70.3708
1168   66.9026    68.5697
1169   66.9026    68.7706
1170   66.9026    67.7842
1171   66.9026    70.1155
1172   66.9026    69.9088
1173   66.9026    69.1346
1174   66.9026    71.0115
1175   66.9026    74.4891
1176   66.9026    71.321
1177   66.9026    69.3477
1178   66.9026    69.286
1179   66.9026    69.4344
1180   66.9026    69.727
1181   66.9026    69.4528
1182   66.9026    68.4052
1183   66.9026    69.8565
1184   66.9026    70.9051
1185   66.9026    71.2164
1186   66.9026    69.832
1187   66.9026    70.1218
1188   66.9026    68.7503
1189   66.9026    69.5388
1190   66.9026    70.6815
1191   66.9026    69.7383
1192   66.9026    70.4539
1193   66.9026    71.6456
1194   66.9026    70.9457
1195   66.9026    70.5816
1196   66.9026    73.512
1197   66.9026    70.4161
1198   66.9026    69.4393
1199   66.9026    68.414
1200   66.9026    71.0689
1201   66.9026    71.2987
1202   66.9026    70.7122
1203   66.9026    69.9913
1204   66.9026    69.3491
1205   66.9026    69.8915
1206   66.9026    69.001
1207   66.9026    69.7707
1208   66.9026    69.9576
1209   66.9026    69.6333
1210   66.9026    69.0048
1211   66.9026    70.6065
1212   66.9026    70.9281
1213   66.9026    70.166
1214   66.9026    68.4804
1215   66.9026    68.7571
1216   66.9026    70.1442
1217   66.9026    70.4167
1218   66.9026    71.9767
1219   66.9026    72.7211
1220   66.9026    72.101
1221   66.9026    72.5815
1222   66.9026    73.9805
1223   66.9026    70.8236
1224   66.9026    69.9511
1225   66.9026    69.0811
1226   66.9026    69.2916
1227   66.9026    71.1979
1228   66.9026    71.764
1229   66.9026    70.5062
1230   66.9026    69.3517
1231   66.9026    69.431
1232   66.9026    70.7653
1233   66.9026    69.7089
1234   66.9026    69.5203
1235   66.9026    69.0569
1236   66.9026    68.5566
1237   66.9026    70.5243
1238   66.9026    69.3646
1239   66.9026    70.1111
1240   66.9026    70.0999
1241   66.9026    71.0847
1242   66.9026    69.2328
1243   66.9026    71.7504
1244   66.9026    69.9669
1245   66.9026    68.8155
1246   66.4203    67.5811
1247   66.4203    68.2488
1248   66.4203    68.0913
1249   66.4203    67.8211
1250   66.4203    68.9825
1251   66.4203    69.6282
1252   66.4203    67.7116
1253   66.4203    68.2705
1254   66.4203    68.6504
1255   66.4203    69.437
1256   66.4203    68.3796
1257   66.4203    67.6799
1258   66.4203    69.1249
1259   66.4203    68.8168
1260   66.4203    69.1709
1261   66.4203    69.2061
1262   66.4203    70.0648
1263   66.4203    70.5407
1264   66.4203    70.5356
1265   66.4203    72.2276
1266   66.4203    72.133
1267   66.4203    71.1539
1268   66.4203    72.8428
1269   66.4203    71.216
1270   66.4203    70.2931
1271   66.4203    72.0163
1272   66.4203    72.4018
1273   66.4203    71.5108
1274   66.4203    70.5209
1275   66.4203    71.2034
1276   66.4203    71.127
1277   66.4203    70.4948
1278   66.4203    70.5323
1279   66.4203    70.189
1280   66.4203    71.2563
1281   66.4203    72.3705
1282   66.4203    71.096
1283   66.4203    71.1868
1284   66.4203    71.7395
1285   66.4203    71.0902
1286   66.4203    69.5744
1287   66.4203    69.6934
1288   66.4203    68.4327
1289   66.4203    67.8436
1290   66.4203    69.0084
1291   66.4203    69.009
1292   66.4203    67.0148
1293   66.4203    68.0369
1294   66.4203    69.3762
1295   66.4203    69.0034
1296   66.4203    68.8656
1297   66.4203    68.7987
1298   66.4203    69.7628
1299   66.4203    69.218
1300   66.4203    70.4564
1301   66.4203    69.6844
1302   66.4203    68.719
1303   66.4203    70.6763
1304   66.4203    69.3203
1305   66.4203    71.7256
1306   66.4203    69.8869
1307   66.4203    70.159
1308   66.4203    69.9362
1309   66.4203    68.8734
1310   66.4203    70.5313
1311   66.4203    70.2941
1312   66.4203    69.7219
1313   66.4203    70.6497
1314   66.4203    69.9431
1315   66.4203    71.7555
1316   66.4203    72.2005
1317   66.4203    71.1077
1318   66.4203    69.7275
1319   66.4203    69.9186
1320   66.4203    68.2913
1321   66.4203    68.0466
1322   66.4203    69.2193
1323   66.4203    69.8383
1324   66.4203    69.5255
1325   66.4203    69.7766
1326   66.4203    69.8687
1327   66.4203    68.8816
1328   66.4203    67.6334
1329   66.4203    67.7495
1330   66.4203    68.9224
1331   66.4203    70.2058
1332   66.4203    69.1491
1333   66.4203    70.4173
1334   66.4203    69.4664
1335   66.4203    70.8598
1336   66.4203    69.8283
1337   66.4203    72.1633
1338   66.4203    70.9262
1339   66.4203    73.6205
1340   66.4203    72.1023
1341   66.4203    71.5161
1342   66.4203    70.3754
1343   66.4203    71.935
1344   66.4203    70.4254
1345   66.4203    70.8464
1346   66.4203    69.4361
1347   66.4203    69.7013
1348   66.4203    69.096
1349   66.4203    70.1728
1350   66.4203    71.0793
1351   66.4203    70.4062
1352   66.4203    69.0466
1353   66.4203    70.0795
1354   66.4203    68.2067
1355   66.4203    68.3533
1356   66.4203    70.1952
1357   66.4203    69.5898
1358   66.4203    68.2895
1359   66.1662    68.1173
1360   66.1662    67.6031
1361   66.1662    67.4512
1362   66.1662    68.813
1363   66.1662    69.7166
1364   66.1662    70.5989
1365   66.1662    70.4169
1366   66.1662    68.0902
1367   66.1662    68.2692
1368   66.1662    68.6196
1369   66.1662    70.065
1370   66.1662    68.5487
1371   66.1662    68.4647
1372   66.1662    68.6721
1373   66.1662    68.0369
1374   66.1662    68.3166
1375   66.1662    68.9765
1376   66.1662    70.3659
1377   66.1662    71.8505
1378   66.1662    71.4112
1379   66.1662    69.9087
1380   66.1662    71.9205
1381   66.1662    72.1917
1382   66.1662    71.1218
1383   66.1662    69.9307
1384   66.1662    71.4512
1385   66.1662    70.9656
1386   66.1662    69.1301
1387   66.1662    69.5909
1388   66.1662    70.3257
1389   66.1662    69.4147
1390   66.1662    68.7582
1391   66.1662    67.2717
1392   66.1662    67.5765
1393   66.1662    67.6593
1394   66.1662    67.3653
1395   66.1662    67.6555
1396   66.1662    69.2454
1397   66.1662    67.8936
1398   66.1662    67.7803
1399   66.1662    67.4593
1400   66.1662    68.6832
1401   66.1662    68.0558
1402   66.1662    68.8268
1403   66.1662    68.2637
1404   66.1662    68.9979
1405   66.1662    68.3504
1406   66.1662    69.6721
1407   66.1662    70.2205
1408   66.1662    70.2655
1409   66.1662    69.3847
1410   66.1662    68.1747
1411   66.1662    67.4182
1412   66.1662    68.7026
1413   66.1662    68.8218
1414   66.1662    69.8219
1415   66.1662    70.4099
1416   66.1662    72.224
1417   66.1662    73.0939
1418   66.1662    70.9952
1419   66.1662    69.3411
1420   66.1662    68.3924
1421   66.1662    66.9571
1422   66.1662    67.0458
1423   66.1662    67.8192
1424   66.1662    68.78
1425   66.1662    68.6392
1426   66.1662    68.5269
1427   66.1662    69.5854
1428   66.1662    69.7472
1429   66.1662    69.5296
1430   66.1662    69.4978
1431   66.1662    69.3606
1432   66.1662    70.5784
1433   66.1662    69.8426
1434   66.1662    68.8063
1435   66.1662    67.5667
1436   66.1662    68.7888
1437   66.1662    69.9666
1438   66.1662    69.1445
1439   66.1662    71.6336
1440   66.1662    71.8531
1441   66.1662    71.7613
1442   66.1662    70.2072
1443   66.1662    69.152
1444   66.1662    69.3849
1445   66.1662    70.4189
1446   66.1662    70.2393
1447   66.1662    71.1641
1448   66.1662    71.7506
1449   66.1662    70.8738
1450   66.1662    70.6337
1451   66.1662    70.9052
1452   66.1662    71.5103
1453   66.1662    71.1658
1454   66.1662    72.1599
1455   66.1662    70.9831
1456   66.1662    69.3085
1457   66.1662    68.8551
1458   66.1662    70.2894
1459   66.1662    68.86
1460   66.1662    67.8037
1461   66.1662    68.6001
1462   66.1662    68.9042
1463   66.1662    69.1689
1464   66.1662    69.9698
1465   66.1662    70.5431
1466   66.1662    70.661
1467   66.1662    69.3865
1468   66.1662    69.4435
1469   66.1662    70.5248
1470   66.1662    70.7411
1471   66.1662    71.7415
1472   66.1662    69.8057
1473   66.1662    69.8105
1474   66.1662    72.5357
1475   66.1662    68.5629
1476   66.1662    68.7476
1477   66.1662    69.2353
1478   66.1662    69.189
1479   66.1662    68.2887
1480   66.1662    68.4917
1481   66.1662    70.1186
1482   66.1662    68.6279
1483   66.1662    68.683
1484   66.1662    71.0296
1485   66.1662    70.589
1486   66.1662    70.0377
1487   66.1662    71.2103
1488   66.1662    70.5287
1489   66.1662    68.7346
1490   66.1662    68.694
1491   66.1662    68.5869
1492   66.1662    68.1225
1493   66.1662    68.088
1494   66.1662    67.8192
1495   66.1662    67.5778
1496   66.1662    68.3353
1497   66.1662    67.4722
1498   66.1662    68.7725
1499   66.1662    69.6464
1500   66.1662    69.6868
1501   66.1662    68.785
1502   66.1662    69.9927
1503   66.1662    70.1325
1504   66.1662    69.499
1505   66.1662    69.5791
1506   66.1662    67.7976
1507   66.1662    68.6232
1508   66.1662    69.4717
1509   66.1662    68.9989
1510   66.1662    67.6789
1511   66.1662    70.0635
1512   66.1662    68.0642
1513   66.1662    69.7481
1514   66.1662    70.8168
1515   66.1662    70.1822
1516   66.1662    69.5511
1517   66.1662    69.4815
1518   66.1662    69.8093
1519   66.1662    68.851
1520   66.1662    68.3496
1521   66.1662    70.4643
1522   66.1662    69.8919
1523   66.1662    70.07
1524   66.1662    68.7615
1525   66.1662    68.61
1526   66.1662    69.5922
1527   66.1662    69.6832
1528   66.1662    70.4886
1529   66.1662    69.5954
1530   66.1662    68.9588
1531   66.1662    71.0768
1532   66.1662    69.0208
1533   66.1662    68.0216
1534   66.1662    69.3629
1535   66.1662    69.2436
1536   66.1662    67.714
1537   66.1662    69.0513
1538   66.1662    68.8626
1539   66.1662    69.1054
1540   66.1662    70.3791
1541   66.1662    69.9604
1542   66.1662    69.0928
1543   66.1662    68.9189
1544   66.1662    68.485
1545   66.1662    70.1036
1546   66.1662    69.0061
1547   66.1662    68.264
1548   66.1662    69.1203
1549   66.1662    70.0464
1550   66.1662    69.8796
1551   66.1662    70.9683
1552   66.1662    71.8971
1553   66.1662    73.5538
1554   66.1662    72.2347
1555   66.1662    71.5049
1556   66.1662    72.3293
1557   66.1662    71.3194
1558   66.1662    70.7247
1559   66.1662    71.5658
1560   66.1662    69.7816
1561   66.1662    72.2546
1562   66.1662    72.7426
1563   66.1662    72.0233
1564   66.1662    71.1259
1565   66.1662    69.8087
1566   66.1662    67.9451
1567   66.1662    69.3585
1568   66.1662    69.732
1569   66.1662    70.6278
1570   66.1662    70.8093
1571   66.1662    69.5175
1572   66.1662    68.6324
1573   66.1662    68.3133
1574   66.1662    68.3139
1575   66.1662    70.592
1576   66.1662    70.3053
1577   66.1662    69.0489
1578   66.1662    68.1414
1579   66.1662    67.6698
1580   66.1662    67.5621
1581   66.1662    67.4308
1582   66.1662    66.9259
1583   66.1662    68.2462
1584   66.1662    69.1726
1585   66.1662    68.5687
1586   66.1662    70.2868
1587   66.1662    68.702
1588   66.1662    68.8812
1589   66.1662    69.2841
1590   66.1662    69.9838
1591   66.1662    70.8914
1592   66.1662    70.0422
1593   66.1662    68.0681
1594   66.1662    69.4462
1595   66.1662    69.1194
1596   66.1662    68.7477
1597   66.1662    67.8937
1598   66.1662    68.6616
1599   66.1662    69.2914
1600   66.1662    70.0404
1601   66.1462    70.4047
1602   66.0184    69.4107
1603   66.0184    69.2827
1604   66.0184    68.7076
1605   66.0184    68.1519
1606   66.0184    68.7325
1607   66.0184    69.1599
1608   66.0184    69.0283
1609   66.0184    69.8327
1610   66.0184    69.7579
1611   66.0184    69.0625
1612   66.0184    70.259
1613   66.0184    69.1097
1614   66.0184    69.6804
1615   66.0184    69.4038
1616   66.0184    69.887
1617   66.0184    71.5555
1618   66.0184    70.5501
1619   66.0184    70.1562
1620   66.0184    68.7684
1621   66.0184    68.2578
1622   66.0184    67.741
1623   66.0184    68.9523
1624   66.0184    70.4206
1625   66.0184    70.6366
1626   66.0184    71.3857
1627   66.0184    69.3978
1628   66.0184    69.6078
1629   66.0184    67.6307
1630   66.0184    67.1983
1631   66.0184    69.7261
1632   66.0184    69.9059
1633   66.0184    69.832
1634   66.0184    69.5407
1635   66.0184    70.1358
1636   66.0184    68.9503
1637   66.0184    70.5405
1638   66.0184    71.2911
1639   66.0184    71.4535
1640   66.0184    72.7063
1641   66.0184    72.852
1642   66.0184    74.3172
1643   66.0184    71.9214
1644   66.0184    70.992
1645   66.0184    70.8362
1646   66.0184    69.6568
1647   66.0184    70.0063
1648   66.0184    70.3629
1649   66.0184    68.3392
1650   66.0184    68.17
1651   66.0184    68.812
1652   66.0184    69.0457
1653   66.0184    68.7436
1654   66.0184    68.6255
1655   66.0184    69.7778
1656   66.0184    69.8452
1657   66.0184    71.0595
1658   66.0184    69.7241
1659   66.0184    69.3272
1660   66.0184    68.2828
1661   66.0184    69.4238
1662   66.0184    69.5661
1663   66.0184    67.6185
1664   66.0184    68.1356
1665   66.0184    68.162
1666   66.0184    68.0812
1667   66.0184    68.4993
1668   66.0184    67.6018
1669   66.0184    67.8746
1670   66.0184    67.6068
1671   66.0184    67.0908
1672   66.0184    68.5352
1673   66.0184    68.553
1674   66.0184    68.3887
1675   66.0184    68.3478
1676   66.0184    69.0982
1677   66.0184    69.2911
1678   66.0184    69.9179
1679   66.0184    69.2776
1680   66.0184    69.3229
1681   66.0184    69.9944
1682   66.0184    69.95
1683   66.0184    71.2078
1684   66.0184    69.758
1685   66.0184    69.2623
1686   66.0184    69.8009
1687   66.0184    71.6062
1688   66.0184    72.9523
1689   66.0184    72.8392
1690   66.0184    73.005
1691   66.0184    72.1842
1692   66.0184    71.1432
1693   66.0184    69.1421
1694   66.0184    69.0247
1695   66.0184    68.5233
1696   66.0184    69.96
1697   66.0184    69.5343
1698   66.0184    68.5863
1699   66.0184    69.6702
1700   66.0184    70.535
1701   66.0184    69.8324
1702   66.0184    69.0732
1703   66.0184    69.5126
1704   66.0184    69.1128
1705   66.0184    70.436
1706   66.0184    70.1875
1707   66.0184    67.9359
1708   66.0184    70.3361
1709   66.0184    69.5368
1710   66.0184    70.9994
1711   66.0184    69.0163
1712   66.0184    70.0892
1713   66.0184    70.3633
1714   66.0184    71.0158
1715   66.0184    69.8695
1716   66.0184    71.0309
1717   66.0184    71.5162
1718   66.0184    70.4509
1719   66.0184    69.8128
1720   66.0184    69.1863
1721   66.0184    68.1822
1722   66.0184    67.4333
1723   66.0184    68.3977
1724   66.0184    68.6017
1725   66.0184    69.2377
1726   66.0184    68.8286
1727   66.0184    67.4472
1728   66.0184    67.7866
1729   66.0184    67.8546
1730   66.0184    68.0849
1731   66.0184    69.0041
1732   66.0184    68.4061
1733   66.0184    67.9813
1734   66.0184    67.7575
1735   66.0184    68.8292
1736   66.0184    68.5568
1737   66.0184    67.7002
1738   66.0184    68.9771
1739   66.0184    69.2963
1740   66.0184    69.2671
1741   66.0184    70.3809
1742   66.0184    69.4837
1743   66.0184    70.7571
1744   66.0184    69.7885
1745   66.0184    68.996
1746   66.0184    70.873
1747   66.0184    71.4208
1748   66.0184    72.41
1749   66.0184    72.0263
1750   66.0184    71.8805
1751   66.0184    72.6023
1752   66.0184    71.3362
1753   66.0184    70.5315
1754   66.0184    71.4857
1755   66.0184    70.689
1756   66.0184    69.1423
1757   66.0184    68.5935
1758   66.0184    68.4927
1759   66.0184    68.4978
1760   66.0184    69.1844
1761   66.0184    70.0045
1762   66.0184    70.1624
1763   66.0184    71.7469
1764   66.0184    71.8181
1765   66.0184    69.6775
1766   66.0184    71.5515
1767   66.0184    71.1337
1768   66.0184    70.8091
1769   66.0184    70.0464
1770   66.0184    69.919
1771   66.0184    70.1931
1772   66.0184    68.6003
1773   66.0184    70.2589
1774   66.0184    71.4622
1775   66.0184    69.2888
1776   66.0184    68.8412
1777   66.0184    69.4005
1778   66.0184    69.5021
1779   66.0184    67.6951
1780   66.0184    66.8396
1781   66.0184    67.9686
1782   66.0184    68.5811
1783   66.0184    68.0208
1784   66.0184    67.0926
1785   66.0184    66.8576
1786   66.0184    68.0631
1787   66.0184    68.993
1788   66.0184    68.471
1789   66.0184    69.8264
1790   66.0184    70.3395
1791   66.0184    70.6646
1792   66.0184    69.2802
1793   66.0184    69.3237
1794   66.0184    68.4561
1795   66.0184    66.9547
1796   66.0184    68.5094
1797   66.0184    68.9409
1798   66.0184    69.4253
1799   66.0184    68.5625
1800   66.0184    70.7622
1801   65.7142    69.502
1802   65.7142    70.1985
1803   65.7142    69.2702
1804   65.7142    69.0001
1805   65.7142    69.5138
1806   65.7142    69.53
1807   65.7142    70.8798
1808   65.7142    68.6605
1809   65.7142    69.4094
1810   65.7142    68.6124
1811   65.7142    68.3731
1812   65.7142    68.0771
1813   65.7142    66.8746
1814   65.7142    67.2613
1815   65.7142    68.2813
1816   65.7142    68.5708
1817   65.7142    68.7039
1818   65.7142    67.8005
1819   65.7142    67.4392
1820   65.7142    67.4333
1821   65.7142    68.0912
1822   65.7142    68.0168
1823   65.7142    67.0127
1824   65.7142    69.8474
1825   65.7142    68.2484
1826   65.7142    67.9991
1827   65.7142    69.2537
1828   65.7142    69.4907
1829   65.7142    69.4846
1830   65.7142    69.7886
1831   65.7142    68.3962
1832   65.7142    67.8965
1833   65.7142    68.6785
1834   65.7142    68.3461
1835   65.7142    68.7555
1836   65.7142    69.1925
1837   65.7142    68.4786
1838   65.7142    67.8303
1839   65.7142    67.8115
1840   65.7142    67.7698
1841   65.7142    67.67
1842   65.7142    69.0992
1843   65.7142    68.2251
1844   65.7142    69.0741
1845   65.7142    69.5523
1846   65.7142    68.8081
1847   65.7142    69.9601
1848   65.7142    70.2409
1849   65.7142    69.6129
1850   65.7142    69.5495
1851   65.7142    70.3083
1852   65.7142    70.6423
1853   65.7142    71.153
1854   65.7142    70.143
1855   65.7142    69.3698
1856   65.7142    69.3139
1857   65.7142    70.3034
1858   65.7142    69.6309
1859   65.7142    69.7926
1860   65.7142    69.5403
1861   65.7142    69.2664
1862   65.7142    69.0915
1863   65.7142    67.5643
1864   65.7142    69.4245
1865   65.7142    71.2944
1866   65.7142    71.0927
1867   65.7142    70.9956
1868   65.7142    69.1222
1869   65.7142    69.5007
1870   65.7142    69.7173
1871   65.7142    67.4709
1872   65.7142    67.034
1873   65.7142    67.6353
1874   65.7142    68.5035
1875   65.7142    68.9784
1876   65.7142    70.5835
1877   65.7142    70.5364
1878   65.7142    68.9007
1879   65.7142    68.9267
1880   65.7142    68.93
1881   65.7142    68.5009
1882   65.7142    69.2594
1883   65.7142    68.6436
1884   65.7142    68.2777
1885   65.7142    69.3844
1886   65.7142    68.9542
1887   65.7142    68.4536
1888   65.7142    68.4546
1889   65.7142    69.3667
1890   65.7142    68.5535
1891   65.7142    67.8546
1892   65.7142    72.6799
1893   65.7142    71.2734
1894   65.7142    69.247
1895   65.7142    67.9514
1896   65.7142    68.0775
1897   65.7142    68.0204
1898   65.7142    68.5013
1899   65.7142    70.2808
1900   65.7142    68.8797
1901   65.7142    67.2979
1902   65.7142    66.8208
1903   65.7142    67.2034
1904   65.7142    67.7491
1905   65.7142    68.9781
1906   65.7142    68.559
1907   65.7142    69.7341
1908   65.7142    70.9514
1909   65.7142    71.7953
1910   65.7142    70.8461
1911   65.7142    70.4772
1912   65.7142    71.9561
1913   65.7142    68.8106
1914   65.7142    67.554
1915   65.7142    66.8439
1916   65.7142    67.9657
1917   65.7142    68.4546
1918   65.7142    67.1253
1919   65.7142    66.9808
1920   65.7142    67.9395
1921   65.7142    69.1238
1922   65.7142    70.5448
1923   65.7142    71.3209
1924   65.7142    70.5671
1925   65.7142    69.6997
1926   65.7142    69.7947
1927   65.7142    71.5462
1928   65.7142    74.1396
1929   65.7142    73.5211
1930   65.7142    70.2879
1931   65.7142    70.3735
1932   65.7142    69.956
1933   65.7142    68.7184
1934   65.7142    70.1913
1935   65.7142    68.4393
1936   65.7142    68.967
1937   65.7142    71.509
1938   65.7142    70.4941
1939   65.7142    70.813
1940   65.7142    70.5678
1941   65.7142    70.106
1942   65.7142    70.1418
1943   65.7142    68.4348
1944   65.7142    67.0411
1945   65.7142    66.618
1946   65.7142    68.4375
1947   65.7142    67.5242
1948   65.7142    67.5478
1949   65.7142    70.1617
1950   65.7142    70.8656
1951   65.7142    69.9946
1952   65.7142    68.2117
1953   65.7142    68.3059
1954   65.7142    70.2857
1955   65.7142    66.9616
1956   65.7142    67.5206
1957   65.7142    68.2232
1958   65.7142    67.8411
1959   65.7142    68.1549
1960   65.7142    68.3126
1961   65.7142    69.0171
1962   65.7142    67.6841
1963   65.7142    69.1306
1964   65.7142    69.6983
1965   65.7142    69.484
1966   65.7142    68.6773
1967   65.7142    70.6552
1968   65.7142    69.0049
1969   65.7142    68.1267
1970   65.7142    68.1625
1971   65.7142    68.6778
1972   65.7142    69.5205
1973   65.7142    70.2251
1974   65.7142    67.6956
1975   65.7142    68.403
1976   65.7142    69.7108
1977   65.7142    69.2803
1978   65.7142    68.0496
1979   65.7142    68.0238
1980   65.7142    69.0059
1981   65.7142    70.188
1982   65.7142    70.6369
1983   65.7142    71.8107
1984   65.7142    70.4501
1985   65.7142    70.0604
1986   65.7142    70.3445
1987   65.7142    68.9965
1988   65.7142    69.7638
1989   65.7142    70.8103
1990   65.7142    70.6696
1991   65.7142    69.2969
1992   65.7142    69.5176
1993   65.7142    69.8826
1994   65.7142    67.7664
1995   65.7142    67.1706
1996   65.7142    66.4547
1997   65.7142    66.8707
1998   65.7142    68.7656
1999   65.7142    66.6916
2000   65.7142    66.5271
