1   461.407    493.774
2   439.61    481.303
3   439.429    468.607
4   422.274    454.953
5   421.252    444.913
6   413.388    435.666
7   405.029    427.368
8   401.907    420.457
9   400.466    416.949
10   395.179    411.151
11   388.957    406.443
12   387.017    401.389
13   374.979    396.103
14   368.826    390.004
15   363.541    384.721
16   346.719    374.279
17   339.753    366.651
18   336.21    357.763
19   336.21    349.724
20   332.755    346.003
21   328.009    342.165
22   315.267    337.773
23   308.928    331.002
24   308.928    327.83
25   303.286    323.767
26   295.37    320.619
27   294.506    314.557
28   292.245    309.767
29   290.702    303.842
30   288.254    299.863
31   280.985    295.452
32   280.114    291.799
33   273.356    287.667
34   272.066    283.866
35   268.834    281.928
36   264.92    279.846
37   264.803    276.895
38   260.865    274.599
39   257.654    270.601
40   257.647    267.606
41   254.674    265.078
42   253.569    263.002
43   253.569    263.046
44   248.179    261.464
45   246.277    259.809
46   245.456    257.057
47   245.456    254.519
48   242.969    252.624
49   242.148    250.099
50   242.148    249.461
51   242.148    246.96
52   239.745    246.16
53   237.838    245.398
54   238.195    244.413
55   238.195    243.771
56   236.804    242.681
57   236.2    242.134
58   234.086    243.315
59   234.086    242.476
60   232.656    242.234
61   230.352    243.18
62   230.352    240.438
63   224.937    240.11
64   224.937    238.344
65   223.904    234.999
66   222.527    231.476
67   218.009    230.22
68   218.009    226.94
69   216.377    223.481
70   216.377    223.103
71   214.632    222.215
72   214.632    220.658
73   211.794    221.392
74   211.089    219.824
75   206.039    219.702
76   205.234    217.428
77   205.234    215.753
78   203.939    214.188
79   203.189    211.977
80   201.837    211.937
81   197.686    212.163
82   194.189    211.847
83   194.189    210.013
84   193.925    206.158
85   191.147    201.95
86   190.674    199.072
87   190.204    196.901
88   188.589    195.712
89   186.201    194.288
90   184.419    193.452
91   184.419    192.745
92   182.147    191.772
93   180.139    189.395
94   180.139    188.96
95   180.139    189.798
96   178.397    185.46
97   178.397    184.414
98   178.397    182.997
99   177.538    181.835
100   177.538    180.814
101   177.538    181.267
102   177.502    182.449
103   177.502    182.665
104   175.97    184.859
105   175.97    185.662
106   174.945    183.756
107   170.444    182.329
108   170.444    181.349
109   170.444    179.304
110   170.018    177.223
111   167.628    176.523
112   167.628    175.56
113   167.628    176.514
114   167.628    175.539
115   166.564    174.647
116   166.555    174.703
117   166.539    172.444
118   166.199    174.432
119   165.734    173.056
120   165.501    172.286
121   164.906    170.845
122   164.678    170.217
123   163.548    170.65
124   162.918    171.086
125   162.918    171.028
126   162.107    170.795
127   162.107    171.241
128   158.009    170.109
129   158.009    169.307
130   158.009    167.002
131   157.698    164.618
132   155.574    163.029
133   155.263    160.278
134   155.263    161.288
135   155.056    158.785
136   153.167    158.561
137   153.167    156.484
138   152.856    157.214
139   151.925    156.692
140   151.925    156.196
141   149.5    156.216
142   149.5    156.431
143   148.462    154.586
144   148.462    153.081
145   148.462    153.005
146   148.462    153.366
147   145.623    152.869
148   145.623    150.72
149   145.623    150.243
150   145.151    149.884
151   144.462    148.636
152   144.462    147.343
153   141.773    146.555
154   140.612    146.665
155   140.612    145.898
156   140.612    144.455
157   140.243    144.951
158   140.088    143.927
159   140.088    144.287
160   139.29    144.095
161   139.29    142.269
162   138.121    141.944
163   137.853    140.984
164   137.484    140.617
165   136.827    140.652
166   136.558    139.885
167   136.061    139.055
168   135.871    140.19
169   135.633    139.703
170   135.597    138.737
171   135.597    139.215
172   134.648    140.271
173   134.38    139.218
174   133.035    138.971
175   133.035    137.695
176   132.348    136.341
177   132.348    135.462
178   132.194    136.375
179   132.194    136.735
180   130.469    135.761
181   127.555    134.411
182   127.555    134.424
183   127.401    134.027
184   127.401    133.044
185   126.414    132.122
186   126.414    131.134
187   126.414    130.297
188   125.469    129.449
189   125.469    129.322
190   125.315    129.418
191   125.315    129.038
192   125.315    129.211
193   124.898    130.669
194   124.898    128.93
195   124.898    129.441
196   124.898    127.168
197   124.422    128.835
198   124.422    128.666
199   124.422    128.492
200   124.035    128.493
201   123.437    127.003
202   123.437    126.401
203   123.437    126.603
204   123.437    127.42
205   123.437    127.383
206   123.437    125.655
207   123.437    125.831
208   122.161    125.811
209   122.161    127.076
210   122.161    126.573
211   122.161    126.005
212   120.148    126.056
213   120.148    125.777
214   118.349    125.211
215   118.349    124.871
216   118.267    125.077
217   118.267    125.452
218   117.822    126.326
219   117.822    125.281
220   117.822    122.578
221   117.569    121.253
222   117.569    120.825
223   117.323    119.809
224   116.658    121.404
225   116.658    120.201
226   116.658    123.264
227   116.658    124.764
228   116.658    126.418
229   116.658    124.921
230   116.64    123.266
231   116.64    122.542
232   116.64    122.154
233   116.64    123.447
234   116.64    122.253
235   116.64    121.109
236   116.279    119.787
237   116.279    121.092
238   115.15    120.132
239   115.15    119.546
240   115.15    117.714
241   115.15    117.661
242   115.15    117.785
243   112.268    117.771
244   112.268    117.024
245   112.146    117.016
246   111.382    115.448
247   111.382    114.648
248   109.995    115.931
249   109.995    117.387
250   109.995    117.235
251   109.995    114.25
252   109.995    113.614
253   109.995    112.428
254   109.948    111.838
255   109.948    111.989
256   109.948    111.292
257   109.948    110.534
258   109.948    110.27
259   109.428    110.573
260   109.428    111.268
261   109.183    110.161
262   109.183    110.376
263   108.138    110.684
264   108.138    111.576
265   108.138    110.805
266   106.882    111.098
267   106.882    111.189
268   106.711    111.595
269   106.711    112.046
270   106.711    113.511
271   106.711    110.614
272   106.711    109.275
273   106.711    109.093
274   106.556    108.99
275   106.556    109.927
276   106.247    110.395
277   106.247    109.013
278   106.247    108.096
279   106.247    107.95
280   106.247    108.563
281   106.247    108.529
282   106.247    108.117
283   104.992    107.799
284   104.992    110.47
285   104.992    112.052
286   104.992    114.304
287   104.992    114.43
288   104.992    112.391
289   104.992    111.889
290   104.992    111.008
291   104.849    109.748
292   104.849    108.884
293   104.286    107.992
294   104.286    108.547
295   104.286    106.999
296   103.443    106.521
297   103.443    105.255
298   103.443    106.164
299   103.09    107.774
300   103.09    108.222
301   103.09    108.156
302   102.77    109.908
303   102.77    112.081
304   102.77    114.45
305   102.77    113.414
306   102.77    112.288
307   102.77    109.932
308   102.77    108.111
309   102.77    108.828
310   102.77    107.382
311   102.055    105.847
312   102.055    106.79
313   102.055    108.208
314   102.055    109.028
315   102.055    109.495
316   102.055    107.475
317   101.299    105.06
318   101.299    105.055
319   101.299    104.707
320   101.299    105.371
321   101.299    104.765
322   101.299    105.577
323   101.299    104.378
324   101.299    104.383
325   101.299    104.808
326   101.299    104.308
327   101.041    105.694
328   101.041    105.787
329   101.041    104.455
330   101.041    103.522
331   101.041    104.272
332   101.041    103.447
333   101.041    103.771
334   101.041    104.09
335   101.041    103.402
336   101.041    103.586
337   101.041    104.185
338   101.041    104.741
339   101.041    105.606
340   100.24    106.32
341   100.24    104.431
342   100.24    104.712
343   100.24    104.729
344   100.157    105.116
345   100.157    105.121
346   100.157    103.854
347   100.157    104.45
348   100.157    104.084
349   100.157    104.07
350   100.157    104.705
351   100.157    103.358
352   100.157    101.703
353   100.157    103.555
354   100.157    103.571
355   99.1121    103.172
356   99.1121    102.914
357   99.1121    102.528
358   97.3731    101.964
359   97.3731    102.346
360   97.3731    102.905
361   97.3731    102.198
362   97.3731    101.366
363   97.3731    100.895
364   97.3731    100.993
365   97.3731    100.886
366   97.3731    101.167
367   97.3731    100.181
368   97.1515    100.001
369   97.1515    99.3487
370   96.6233    100.202
371   96.6233    100.175
372   96.6233    100.086
373   96.6233    98.6091
374   96.3957    97.9994
375   94.3868    99.8252
376   94.3868    98.1726
377   94.3868    98.5579
378   94.3868    98.0677
379   94.3868    97.908
380   94.3588    97.0714
381   94.3588    96.4835
382   94.0844    97.3097
383   94.0844    96.7303
384   94.0844    97.7157
385   94.0844    96.3666
386   93.5342    98.2496
387   93.5342    96.5267
388   93.5342    96.8597
389   93.5342    96.8334
390   93.0465    96.9905
391   93.0465    96.4613
392   93.0465    96.2803
393   93.0465    98.1251
394   93.0465    99.3572
395   93.0465    97.7323
396   92.8592    97.2923
397   92.8592    97.0264
398   92.8592    97.0878
399   92.8592    96.9116
400   92.8592    97.013
401   91.8982    97.3601
402   91.8982    97.1959
403   91.8982    95.6513
404   91.8982    93.4393
405   91.8982    94.4137
406   91.8982    94.3981
407   91.7631    94.4934
408   91.4974    93.5368
409   91.4974    93.6927
410   91.4974    94.343
411   90.5698    93.666
412   90.5698    92.29
413   89.9452    92.0401
414   89.9452    92.3986
415   89.9452    93.0974
416   89.9452    91.7907
417   89.9452    93.2776
418   89.9452    93.7086
419   89.9452    93.319
420   89.9452    91.7179
421   89.9452    91.5314
422   89.9452    91.4429
423   89.9106    91.1397
424   89.9106    91.8286
425   89.9106    93.7424
426   89.9106    94.9214
427   89.9106    93.4505
428   89.9106    92.7875
429   89.9106    93.2814
430   89.7756    93.26
431   89.7756    93.3549
432   89.6821    91.4639
433   89.5539    91.7548
434   89.5539    91.5797
435   89.5539    92.0805
436   89.5539    92.3215
437   89.5539    93.032
438   89.5539    92.5305
439   89.5539    91.6926
440   89.5539    91.3574
441   89.5539    92.3348
442   89.5539    91.9419
443   89.5539    93.9206
444   89.5539    94.4776
445   89.5539    97.0088
446   89.5539    98.3654
447   89.5539    99.8244
448   89.5539    98.9154
449   89.5539    99.1224
450   89.5539    98.1272
451   89.5539    95.3622
452   89.5539    97.0904
453   89.5539    97.1161
454   89.5539    94.727
455   89.5539    94.6246
456   89.5223    93.6813
457   89.5223    93.6604
458   89.1994    95.8221
459   89.0167    95.3583
460   89.0167    94.0415
461   89.0167    93.9383
462   89.0167    94.3443
463   89.0167    93.2923
464   89.0167    93.7553
465   89.0167    95.0283
466   89.0167    94.6809
467   89.0167    94.4999
468   88.914    94.751
469   88.914    92.9416
470   88.914    93.8122
471   88.914    93.6856
472   88.914    92.3685
473   88.914    92.2622
474   88.1628    91.8609
475   87.8489    91.4433
476   87.8489    91.3163
477   87.8489    91.5996
478   87.8489    91.195
479   87.8489    92.3911
480   87.8489    91.034
481   87.8489    90.8324
482   87.8489    91.3091
483   87.8138    92.0295
484   86.9271    92.0239
485   86.6231    93.2873
486   86.6231    93.1005
487   86.6231    90.5822
488   86.4701    89.8826
489   86.4701    89.4164
490   86.4701    89.2615
491   86.4701    87.8545
492   86.4701    87.8399
493   86.4701    88.9983
494   86.371    88.7081
495   86.371    88.4331
496   86.371    89.1838
497   86.371    91.1608
498   86.371    90.3228
499   86.371    89.843
500   86.371    90.0762
501   85.9345    91.3094
502   85.3268    91.1329
503   84.3985    92.0072
504   84.3985    91.7163
505   83.8786    89.7006
506   83.8786    88.9362
507   83.8786    89.1332
508   83.7647    90.7733
509   83.6667    90.3992
510   83.6667    89.1981
511   82.4677    87.6758
512   82.1528    87.2742
513   82.1528    87.6118
514   82.1528    88.2686
515   82.1528    85.1352
516   82.1528    84.3586
517   82.1528    83.8779
518   82.1528    84.3845
519   81.8579    84.4679
520   81.8579    84.3524
521   81.8579    84.928
522   81.8579    84.0026
523   81.8579    84.2212
524   81.4485    84.7217
525   81.4485    85.4383
526   81.4485    84.2518
527   80.8813    83.955
528   80.8813    83.3562
529   80.8265    83.3322
530   80.6165    83.7002
531   80.2945    84.5605
532   80.2945    84.3567
533   80.2945    83.9671
534   79.9233    85.0527
535   79.9233    86.0352
536   79.7524    84.8223
537   79.6854    82.2024
538   79.6854    81.7272
539   79.6854    81.706
540   79.6854    81.4973
541   79.6854    82.8602
542   79.6854    82.8995
543   79.6854    81.3822
544   79.6854    82.2803
545   79.6854    82.1508
546   79.4838    83.1888
547   79.4797    82.2135
548   79.4797    82.4615
549   79.4797    83.4958
550   79.4797    80.8455
551   79.4797    80.8557
552   79.4797    81.5338
553   79.4797    81.1024
554   79.0463    81.4426
555   79.0463    80.7162
556   79.0463    81.8346
557   79.0463    82.7135
558   79.0463    83.3306
559   79.0463    83.4836
560   79.0463    83.0025
561   79.0463    81.7798
562   79.0463    82.3367
563   79.0463    82.8229
564   79.0463    83.0332
565   79.0463    82.7412
566   79.0463    82.8583
567   78.9487    81.6905
568   78.9487    81.2512
569   78.9487    81.4749
570   78.9487    80.4229
571   78.9487    79.5878
572   78.9487    82.0058
573   78.9487    81.1424
574   78.9487    81.7805
575   78.9487    81.753
576   78.9487    82.1031
577   78.9487    81.1989
578   78.9487    81.182
579   78.9487    81.789
580   78.9487    80.9665
581   78.9487    80.7077
582   78.9487    80.0655
583   78.9487    80.962
584   78.9487    81.6203
585   78.9487    81.9815
586   78.9487    80.4962
587   78.9487    80.3261
588   78.9487    80.5998
589   78.9487    80.4989
590   78.9487    81.0552
591   78.9487    81.9923
592   78.9487    82.1094
593   78.9487    80.5754
594   78.9487    80.2656
595   78.2526    79.9252
596   78.2526    80.8126
597   78.2526    81.6223
598   78.2526    82.2071
599   78.2526    80.7135
600   78.2526    80.3283
601   78.2526    80.8433
602   78.2526    80.0237
603   78.2526    80.4382
604   78.1754    79.9202
605   78.1754    80.1183
606   78.1754    81.2827
607   78.1754    81.2282
608   78.1754    81.0665
609   78.1754    80.2818
610   78.1754    80.464
611   78.1754    81.5224
612   78.1754    80.7084
613   78.1754    80.0589
614   78.1754    80.7538
615   78.1754    79.999
616   78.1754    80.8225
617   78.1754    80.3116
618   78.1754    79.3868
619   78.1754    79.8998
620   78.1754    81.4455
621   78.1754    81.0231
622   78.1754    80.937
623   78.1754    80.4802
624   78.1754    79.7868
625   78.0362    80.4903
626   78.0362    81.385
627   78.0362    81.1621
628   78.0362    80.5857
629   78.0362    80.9478
630   77.7623    80.7329
631   77.7623    79.9761
632   77.7623    79.0747
633   77.7623    81.4504
634   77.7623    81.8254
635   77.7623    81.1661
636   77.2899    81.6767
637   77.2899    79.2363
638   77.2899    80.1689
639   77.2899    79.6584
640   77.2899    81.3382
641   77.2899    82.0679
642   77.2899    82.2083
643   77.2899    80.6048
644   77.2899    80.0587
645   77.2899    80.3115
646   77.1066    79.6109
647   77.1066    78.7527
648   77.1066    80.0515
649   77.1066    80.1596
650   77.1066    81.3438
651   77.1066    82.3851
652   77.1066    82.8011
653   76.7194    81.6281
654   76.7194    80.8186
655   76.7194    80.472
656   76.7194    81.0341
657   76.7194    80.5823
658   76.7194    80.0453
659   76.7194    79.7212
660   76.7194    78.8684
661   76.7194    79.8533
662   76.7194    78.8672
663   76.7194    80.7574
664   76.7194    79.4016
665   76.7194    80.717
666   76.7194    80.4998
667   76.7194    79.1723
668   76.7194    78.6463
669   76.7194    78.5006
670   76.7194    80.4189
671   76.376    80.744
672   76.376    81.2777
673   76.376    80.0397
674   76.089    81.1058
675   76.089    79.9817
676   76.089    80.2847
677   76.0386    79.9359
678   76.0386    79.9385
679   76.0386    79.1407
680   76.0386    78.7918
681   76.0386    79.4939
682   76.0386    80.6393
683   76.0386    80.0405
684   76.0386    79.0017
685   76.0386    78.1338
686   76.0386    77.3369
687   76.0386    77.6323
688   76.0386    80.3536
689   76.0386    81.1146
690   76.0386    81.9193
691   76.0386    83.642
692   76.0386    85.1256
693   76.0386    84.5574
694   76.0386    84.6172
695   76.0386    84.1873
696   76.0386    84.0184
697   76.0386    83.3636
698   76.0386    82.6914
699   76.0386    82.2021
700   76.0386    80.942
701   72.341    80.9128
702   72.341    80.5453
703   72.341    82.7163
704   72.341    86.5918
705   72.341    86.3607
706   72.341    84.889
707   72.341    80.231
708   72.341    79.733
709   72.341    78.1078
710   72.341    77.4414
711   72.341    77.1934
712   72.341    78.5791
713   72.341    78.4437
714   72.341    76.3457
715   72.341    75.256
716   72.341    74.7436
717   72.341    73.9566
718   72.341    75.9757
719   72.341    76.8487
720   72.341    76.9639
721   72.341    76.0037
722   72.341    75.3862
723   72.341    74.652
724   72.341    75.9667
725   72.341    76.1116
726   72.341    74.1995
727   72.341    74.5216
728   72.341    73.9525
729   72.341    74.5488
730   72.341    76.044
731   72.341    75.3654
732   72.341    74.8843
733   72.341    75.804
734   72.341    77.2695
735   72.341    76.6244
736   72.341    75.4781
737   72.341    76.7187
738   72.341    77.9281
739   72.341    75.7396
740   72.341    76.7117
741   72.341    76.3093
742   72.341    75.92
743   72.341    75.4758
744   72.341    74.9768
745   72.341    74.3688
746   72.341    74.2268
747   72.341    73.2831
748   72.341    74.7323
749   72.341    75.7255
750   72.341    74.6095
751   72.341    77.0026
752   72.341    75.7547
753   72.341    75.7757
754   72.341    76.894
755   72.341    77.7034
756   72.341    77.7165
757   72.341    75.2673
758   72.341    75.2044
759   72.341    75.6878
760   72.341    75.3005
761   72.341    76.6919
762   72.341    78.2225
763   72.341    78.0725
764   72.341    77.8283
765   72.341    77.7489
766   72.1942    75.6118
767   72.1942    74.6932
768   72.1942    75.262
769   72.1942    75.055
770   72.1942    75.9226
771   72.1942    75.913
772   72.1942    74.4433
773   72.1942    75.7334
774   72.1942    76.2801
775   72.1942    76.0611
776   72.1942    74.4742
777   72.1942    75.1403
778   72.1942    75.6109
779   72.1942    75.1933
780   72.1942    75.0994
781   72.1942    75.172
782   72.1942    75.6435
783   72.1942    74.807
784   72.1942    75.3347
785   72.1942    74.7819
786   72.1942    75.262
787   72.1942    75.2852
788   72.1942    74.7723
789   72.1942    75.8115
790   72.1942    76.3609
791   72.1942    75.3828
792   72.1942    75.548
793   72.1942    75.2297
794   72.1942    73.7251
795   72.1942    76.2197
796   72.1942    74.9487
797   72.1942    76.5819
798   72.1942    76.0254
799   72.1942    74.606
800   72.1942    74.6745
801   71.6522    73.4649
802   71.3059    74.4125
803   71.3059    74.3251
804   71.1592    75.3269
805   71.1592    75.6616
806   71.1592    74.7045
807   70.5442    74.7712
808   70.5261    75.6904
809   70.5261    77.5533
810   70.4264    77.0356
811   70.4264    75.1704
812   70.4083    72.4974
813   70.0467    73.1649
814   70.0467    73.2182
815   70.0467    73.4127
816   70.0467    73.1163
817   70.0467    74.3344
818   70.0467    72.7922
819   70.0467    72.9065
820   70.0467    74.0452
821   70.0467    72.9205
822   70.0467    73.5885
823   70.0467    73.2205
824   70.0467    73.6597
825   70.0467    72.1621
826   70.0467    73.9237
827   70.0467    74.5151
828   70.0467    73.8052
829   70.0467    74.4516
830   70.0467    73.7485
831   70.0467    72.1191
832   70.0467    71.8561
833   70.0467    72.3202
834   70.0467    73.2166
835   70.0467    73.5004
836   70.0467    73.8857
837   70.0467    74.9576
838   70.0467    74.2716
839   70.0467    75.0911
840   70.0467    74.8307
841   70.0467    75.7205
842   70.0467    72.9729
843   70.0467    73.2095
844   70.0467    72.2466
845   70.0467    73.7233
846   70.0467    72.7801
847   70.0467    72.0279
848   70.0467    73.1606
849   70.0467    75.8405
850   70.0467    75.2891
851   70.0467    72.8212
852   70.0467    72.7803
853   70.0467    71.8072
854   70.0467    73.2878
855   70.0467    72.3403
856   70.0467    71.8033
857   70.0467    72.7645
858   70.0467    72.2318
859   70.0467    71.5287
860   70.0467    71.0943
861   70.0467    71.6093
862   70.0467    71.4397
863   70.0467    71.7935
864   70.0467    73.4443
865   70.0467    73.509
866   70.0467    74.4935
867   70.0467    74.6174
868   70.0467    75.1811
869   70.0467    73.9588
870   70.0467    73.8479
871   70.0467    75.1037
872   70.0467    73.8956
873   70.0467    72.7412
874   70.0467    72.8916
875   70.0467    73.0824
876   70.0467    72.6722
877   70.0467    73.7798
878   70.0467    73.2293
879   70.0467    72.725
880   70.0467    72.163
881   70.0467    71.7305
882   70.0467    73.2326
883   70.0467    73.1336
884   70.0467    76.1632
885   70.0467    76.7824
886   70.0467    76.1024
887   70.0467    76.6668
888   70.0467    74.2932
889   70.0467    73.12
890   70.0467    74.8618
891   70.0467    75.0837
892   70.0467    72.1153
893   70.0467    71.8262
894   70.0467    73.2106
895   70.0467    73.8767
896   70.0467    72.7413
897   70.0467    72.6315
898   70.0467    72.3471
899   70.0467    71.3289
900   70.0467    70.5681
901   70.0467    72.2709
902   70.0467    72.3377
903   70.0467    73.5909
904   70.0467    72.2367
905   70.0467    72.6999
906   70.0467    73.0049
907   70.0467    73.2263
908   70.0467    72.6368
909   70.0467    72.5644
910   70.0467    72.5916
911   70.0467    71.5862
912   70.0467    71.3337
913   70.0467    73.0588
914   70.0467    74.8434
915   70.0467    75.1043
916   70.0467    73.9995
917   70.0467    72.805
918   70.0467    73.4786
919   70.0467    73.2797
920   70.0467    75.1525
921   70.0467    73.5813
922   70.0467    74.0748
923   70.0467    74.3245
924   70.0467    75.2761
925   70.0467    74.7471
926   70.0467    72.7722
927   70.0467    70.8635
928   70.0467    71.6314
929   70.0467    70.5229
930   70.0467    70.8787
931   70.0467    71.0721
932   70.0467    73.5838
933   70.0467    72.9715
934   70.0467    74.3886
935   70.0467    72.5045
936   70.0467    72.2776
937   70.0467    71.9607
938   70.0467    73.2613
939   70.0467    73.386
940   70.0467    71.6818
941   70.0467    71.7897
942   70.0467    72.3595
943   70.0467    71.8853
944   70.0467    72.0091
945   70.0467    72.9647
946   70.0467    72.9393
947   70.0467    74.1252
948   70.0467    73.8068
949   70.0467    73.7582
950   70.0467    73.3075
951   70.0467    73.1951
952   70.0467    75.4276
953   70.0467    76.3352
954   70.0467    75.7476
955   70.0467    75.1062
956   70.0467    74.3603
957   70.0467    74.3907
958   70.0467    75.2244
959   70.0467    73.4831
960   70.0467    75.0703
961   70.0467    74.7287
962   70.0467    75.0336
963   70.0467    74.5519
964   70.0467    75.1788
965   70.0467    76.3917
966   70.0467    75.3237
967   70.0467    74.2358
968   70.0467    72.3087
969   70.0467    74.9321
970   70.0467    75.1814
971   70.0467    73.8239
972   70.0467    74.8909
973   70.0467    75.2594
974   70.0467    74.2452
975   70.0467    73.9947
976   70.0467    74.6945
977   70.0467    74.1803
978   70.0467    73.7032
979   70.0467    73.7353
980   70.0467    73.0979
981   70.0467    72.7694
982   70.0467    72.8247
983   70.0467    73.4246
984   70.0467    72.4689
985   70.0467    72.7652
986   70.0467    74.1638
987   70.0467    73.0377
988   70.0467    71.3511
989   70.0467    71.0702
990   70.0467    70.5411
991   70.0467    71.3449
992   70.0467    72.1428
993   70.0467    72.6963
994   70.0467    72.8884
995   70.0467    74.8705
996   70.0467    74.1187
997   70.0467    74.8676
998   70.0467    74.7563
999   70.0467    75.7815
1000   70.0467    74.7496
1001   68.9864    74.1755
1002   68.9864    74.1241
1003   68.9864    73.1004
1004   68.9864    71.7441
1005   68.5049    72.8211
1006   68.5049    74.4098
1007   68.5049    73.5902
1008   68.5049    73.3547
1009   68.5049    72.7753
1010   68.5049    72.2752
1011   68.5049    73.8064
1012   68.5049    72.481
1013   68.5049    72.2732
1014   68.5049    70.1573
1015   68.5049    71.4481
1016   68.5049    72.2859
1017   68.5049    71.6695
1018   68.5049    70.8966
1019   68.5049    70.1314
1020   68.5049    71.649
1021   68.5049    73.3037
1022   68.5049    73.9717
1023   68.5049    73.1415
1024   68.5049    71.7148
1025   68.5049    73.817
1026   68.5049    73.6326
1027   68.5049    73.4391
1028   68.5049    71.7867
1029   68.5049    72.662
1030   68.5049    72.0832
1031   68.5049    73.7927
1032   68.5049    72.0166
1033   68.5049    71.7293
1034   68.5049    71.8993
1035   68.5049    72.1475
1036   68.5049    72.8953
1037   68.5049    72.3721
1038   68.5049    73.1542
1039   68.5049    74.5948
1040   68.5049    72.2418
1041   68.5049    72.5927
1042   68.5049    71.2335
1043   68.5049    71.7049
1044   68.5049    72.6982
1045   68.5049    70.9525
1046   68.5049    72.2449
1047   68.5049    72.2399
1048   68.5049    71.899
1049   68.5049    72.5797
1050   68.5049    72.8243
1051   68.5049    71.9661
1052   68.4999    70.5807
1053   68.4999    71.2744
1054   68.4999    70.9313
1055   68.2493    71.8574
1056   68.2493    71.689
1057   68.2493    72.7535
1058   68.2493    72.2881
1059   68.2493    70.8919
1060   68.2493    71.0175
1061   68.2493    70.3996
1062   68.2493    69.9826
1063   68.2493    70.9221
1064   68.2493    70.667
1065   68.2493    70.4344
1066   68.2493    72.0976
1067   68.2493    72.2218
1068   68.2493    70.8776
1069   68.2493    70.186
1070   68.2493    70.0615
1071   68.2493    71.6794
1072   68.2493    74.708
1073   68.2493    71.7932
1074   68.2493    72.5334
1075   68.2493    72.0792
1076   68.2493    71.2934
1077   68.2493    70.107
1078   68.2493    69.6165
1079   68.2493    69.6804
1080   68.2493    70.2013
1081   68.2493    70.4493
1082   68.2493    71.0834
1083   68.2493    70.2057
1084   68.2493    71.5842
1085   68.2493    72.7017
1086   68.2493    74.134
1087   68.2493    75.0174
1088   68.2493    73.6919
1089   68.2493    71.4258
1090   68.2493    72.1492
1091   68.2493    72.5358
1092   68.2493    71.0927
1093   68.2493    70.747
1094   68.2493    70.422
1095   68.2493    71.9309
1096   68.2493    71.0543
1097   68.2493    70.8224
1098   68.2493    70.6163
1099   68.2493    72.3551
1100   68.2493    70.5225
1101   68.2493    69.7494
1102   68.2493    70.4129
1103   68.2493    70.3232
1104   68.2493    71.2071
1105   68.2493    70.8115
1106   68.2493    70.4795
1107   68.2493    71.4074
1108   68.2493    69.0002
1109   68.2493    68.96
1110   68.2493    71.196
1111   68.2493    73.078
1112   68.2493    71.9769
1113   68.2493    72.5492
1114   68.2493    70.984
1115   68.2493    73.1447
1116   68.2493    72.0344
1117   68.2493    70.9171
1118   68.2493    69.5252
1119   68.239    69.7349
1120   68.239    69.6491
1121   68.239    70.8194
1122   68.239    69.9379
1123   68.239    70.466
1124   68.239    73.0509
1125   68.239    72.2368
1126   68.239    73.0703
1127   68.239    73.2602
1128   68.239    74.4417
1129   68.239    73.5518
1130   68.239    73.7054
1131   68.239    72.9598
1132   68.239    73.999
1133   68.239    72.5607
1134   68.239    75.3044
1135   68.239    76.1039
1136   68.239    73.7619
1137   68.239    72.3059
1138   68.239    72.896
1139   68.239    73.8699
1140   68.239    70.2828
1141   68.239    70.6587
1142   68.239    71.2977
1143   68.239    70.9201
1144   68.239    71.0955
1145   68.239    72.7153
1146   68.239    71.7818
1147   68.239    72.4047
1148   68.239    72.5274
1149   68.239    72.6432
1150   68.239    72.8001
1151   68.239    73.4491
1152   68.239    72.2742
1153   68.239    71.0488
1154   68.239    72.2229
1155   68.239    71.9903
1156   68.239    72.5437
1157   68.239    71.6011
1158   68.239    71.2925
1159   68.239    72.8924
1160   68.239    72.0675
1161   68.239    70.9787
1162   68.239    71.9799
1163   68.239    71.9795
1164   68.239    71.2142
1165   68.239    71.9543
1166   68.239    73.022
1167   68.239    73.1163
1168   68.239    71.4329
1169   68.239    70.0414
1170   68.239    69.7534
1171   68.239    70.7626
1172   68.239    70.0035
1173   68.239    71.3875
1174   68.239    70.7563
1175   68.239    71.3369
1176   68.239    71.2262
1177   68.239    70.6132
1178   68.239    70.1721
1179   68.239    72.6224
1180   68.239    73.9526
1181   68.088    73.3265
1182   68.088    72.8617
1183   68.088    74.0161
1184   68.088    72.3273
1185   68.088    71.8055
1186   68.088    72.5063
1187   68.088    70.6769
1188   68.088    71.9184
1189   67.938    71.637
1190   67.938    72.0281
1191   67.938    74.4357
1192   67.938    73.3325
1193   67.938    72.2418
1194   67.938    72.7113
1195   67.938    72.0706
1196   67.938    71.0712
1197   67.938    72.526
1198   67.938    71.078
1199   67.938    71.0492
1200   67.938    71.7685
1201   66.9026    73.044
1202   66.9026    72.0161
1203   66.9026    72.0408
1204   66.9026    71.363
1205   66.9026    72.0135
1206   66.9026    73.0784
1207   66.9026    70.9758
1208   66.9026    69.9693
1209   66.9026    69.8841
1210   66.9026    70.4885
1211   66.9026    70.7879
1212   66.9026    70.0343
1213   66.9026    69.8091
1214   66.9026    70.0534
1215   66.9026    69.1614
1216   66.9026    70.3739
1217   66.9026    70.6565
1218   66.9026    71.3058
1219   66.9026    71.6388
1220   66.9026    70.5021
1221   66.9026    70.9624
1222   66.9026    70.5031
1223   66.9026    70.8392
1224   66.9026    71.2902
1225   66.9026    70.7309
1226   66.9026    70.1478
1227   66.9026    71.482
1228   66.9026    70.3112
1229   66.9026    69.8516
1230   66.9026    72.0916
1231   66.9026    71.4614
1232   66.9026    71.2686
1233   66.9026    71.6675
1234   66.9026    70.7925
1235   66.9026    71.6516
1236   66.9026    69.7594
1237   66.9026    69.1985
1238   66.9026    69.5738
1239   66.9026    69.4192
1240   66.9026    69.3056
1241   66.9026    68.4159
1242   66.9026    69.7179
1243   66.9026    70.0818
1244   66.9026    70.4196
1245   66.9026    70.5179
1246   66.9026    73.431
1247   66.9026    71.9888
1248   66.9026    70.4473
1249   66.9026    71.494
1250   66.9026    72.3007
1251   66.9026    72.0474
1252   66.9026    71.2298
1253   66.9026    71.5352
1254   66.9026    70.8245
1255   66.9026    71.3805
1256   66.9026    70.6024
1257   66.9026    71.1669
1258   66.9026    70.1399
1259   66.9026    71.3839
1260   66.9026    72.2371
1261   66.9026    70.099
1262   66.9026    69.5535
1263   66.9026    70.1349
1264   66.9026    71.5251
1265   66.9026    69.5701
1266   66.9026    70.2014
1267   66.9026    70.8725
1268   66.9026    69.9637
1269   66.9026    69.3891
1270   66.9026    69.3593
1271   66.9026    70.2022
1272   66.9026    69.8975
1273   66.9026    69.1377
1274   66.9026    69.3038
1275   66.9026    69.3137
1276   66.9026    69.8386
1277   66.9026    68.9117
1278   66.9026    68.3444
1279   66.9026    69.3952
1280   66.9026    70.1813
1281   66.9026    69.8885
1282   66.9026    69.967
1283   66.9026    69.2303
1284   66.9026    70.0668
1285   66.9026    72.0361
1286   66.9026    71.5784
1287   66.9026    71.2492
1288   66.9026    71.9502
1289   66.9026    71.6666
1290   66.9026    71.2812
1291   66.9026    70.2279
1292   66.9026    70.3351
1293   66.9026    70.028
1294   66.9026    69.0741
1295   66.9026    69.1326
1296   66.9026    69.3796
1297   66.9026    70.198
1298   66.9026    68.7801
1299   66.9026    68.8959
1300   66.9026    69.7817
1301   66.4948    68.5522
1302   66.4948    69.8398
1303   66.3049    70.4166
1304   66.1462    70.1682
1305   66.1462    69.7968
1306   66.1462    69.1813
1307   66.1462    71.5578
1308   66.1462    70.7092
1309   66.1462    69.1688
1310   66.1462    69.6643
1311   66.1462    69.3134
1312   66.1462    70.1231
1313   66.1462    69.2597
1314   66.1462    69.055
1315   66.1462    70.168
1316   66.1462    71.2087
1317   66.1462    69.481
1318   66.1462    70.3555
1319   66.1462    69.5137
1320   66.1462    68.8333
1321   66.1462    70.0527
1322   66.1462    70.4968
1323   66.1462    71.5611
1324   66.1462    69.8695
1325   66.1462    70.4391
1326   66.1462    68.7222
1327   66.1462    67.9539
1328   66.1462    69.1197
1329   66.1462    69.6359
1330   66.1462    69.0533
1331   66.1462    68.7719
1332   66.1462    69.3668
1333   66.1462    69.8986
1334   66.1462    69.7052
1335   66.1462    69.749
1336   66.1462    70.5388
1337   66.1462    69.3575
1338   66.1462    69.8281
1339   66.1462    70.1028
1340   66.1462    68.9084
1341   66.1462    67.8199
1342   66.1462    67.7929
1343   66.1462    66.8798
1344   66.1462    66.755
1345   66.1462    67.9982
1346   66.1462    69.1648
1347   66.1462    70.1454
1348   66.1462    69.5369
1349   66.1462    68.9047
1350   66.1462    68.7495
1351   66.1462    69.2056
1352   66.1462    69.0272
1353   66.1462    68.3819
1354   66.1462    67.5379
1355   66.1462    67.6249
1356   66.1462    67.5571
1357   66.1462    67.587
1358   66.1462    68.7035
1359   66.1462    68.0449
1360   66.1462    69.638
1361   66.1462    69.1217
1362   66.1462    67.6097
1363   66.1462    67.884
1364   66.1462    69.2374
1365   66.1462    69.2544
1366   66.1462    69.092
1367   66.1462    69.3013
1368   66.1462    69.3214
1369   66.1462    68.8758
1370   66.1462    71.2205
1371   66.1462    69.7622
1372   66.1462    67.2995
1373   66.1462    68.0374
1374   66.1462    66.9832
1375   66.1462    68.6829
1376   66.1462    67.5535
1377   66.1462    67.9807
1378   66.1462    69.1676
1379   66.1462    69.6925
1380   66.1462    69.6231
1381   66.1462    70.2869
1382   66.1462    70.8572
1383   66.1462    71.5298
1384   66.1462    69.2239
1385   66.1462    69.4345
1386   66.1462    69.3777
1387   66.1462    70.1871
1388   66.1462    69.9674
1389   66.1462    69.1184
1390   66.1462    69.4703
1391   66.1462    69.4347
1392   66.1462    70.0975
1393   66.1462    71.3303
1394   66.1462    71.5773
1395   66.1462    70.0489
1396   66.1462    72.4006
1397   66.1462    71.7883
1398   66.1462    71.4381
1399   66.1462    71.388
1400   66.1462    71.3094
1401   66.1462    70.3401
1402   66.1462    68.247
1403   66.1462    68.0836
1404   66.1462    68.5543
1405   66.1462    67.917
1406   66.1462    68.2939
1407   66.1462    67.6828
1408   66.1462    67.9753
1409   66.1462    67.1125
1410   66.1462    66.9948
1411   66.1462    66.9681
1412   66.1462    67.8745
1413   66.1462    66.9
1414   66.1462    67.646
1415   66.1462    67.5556
1416   66.1462    68.9933
1417   66.1462    68.5065
1418   66.1462    69.4299
1419   66.1462    68.6293
1420   66.1462    69.518
1421   66.1462    71.0501
1422   66.1462    71.419
1423   66.1462    71.0957
1424   66.1462    69.5418
1425   66.1462    69.8561
1426   66.1462    69.9825
1427   66.1462    70.2324
1428   66.1462    69.5039
1429   66.1462    68.8037
1430   66.1462    70.4027
1431   66.1462    68.9655
1432   66.1462    69.0447
1433   66.1462    67.9852
1434   66.1462    67.6068
1435   66.1462    67.7215
1436   66.1462    68.9137
1437   66.1462    69.4483
1438   66.1462    68.8875
1439   66.1462    67.6513
1440   66.1462    67.6228
1441   66.1462    68.6022
1442   66.1462    68.609
1443   66.1462    68.4377
1444   66.1462    70.9479
1445   66.1462    71.4474
1446   66.1462    71.0442
1447   66.1462    71.7424
1448   66.1462    71.4915
1449   66.1462    69.8334
1450   66.1462    72.3889
1451   66.1462    69.3766
1452   66.1462    69.0795
1453   66.1462    67.9082
1454   66.1462    67.5971
1455   66.1462    69.1466
1456   66.1462    68.3593
1457   66.1462    66.8534
1458   66.1462    66.3139
1459   66.1462    66.5059
1460   66.1462    66.9903
1461   66.1462    67.5807
1462   66.1462    69.9041
1463   66.1462    70.704
1464   66.1462    69.0593
1465   66.1462    67.8313
1466   66.1462    68.0064
1467   66.1462    68.3004
1468   66.1462    68.9228
1469   66.1462    68.8549
1470   66.1462    68.7177
1471   66.1462    67.2419
1472   66.1462    69.8949
1473   66.1462    70.6236
1474   66.1462    69.9749
1475   66.1462    69.7728
1476   66.1462    70.167
1477   66.1462    67.774
1478   66.1462    67.1811
1479   66.1462    69.0187
1480   66.1462    68.2932
1481   66.1462    68.57
1482   66.1462    67.5636
1483   66.1462    68.0975
1484   66.1462    68.6308
1485   66.1462    67.0264
1486   66.1462    68.2489
1487   66.1462    67.9565
1488   66.1462    69.5526
1489   66.1462    68.7959
1490   66.1462    70.855
1491   66.1462    69.1542
1492   66.1462    68.4752
1493   66.1462    69.8137
1494   66.1462    70.4068
1495   66.1462    70.5662
1496   66.1462    69.4044
1497   66.1462    70.4923
1498   66.1462    71.5764
1499   66.1462    70.6517
1500   66.1462    71.7191
1501   66.1462    70.8418
1502   66.1462    68.0153
1503   66.1462    69.1978
1504   66.1462    69.916
1505   66.1462    70.6171
1506   66.1462    69.5552
1507   66.1462    70.8883
1508   66.1462    68.8287
1509   66.1462    68.7259
1510   66.1462    69.951
1511   66.1462    69.6337
1512   66.1462    69.8683
1513   66.1462    68.2324
1514   66.1462    67.9835
1515   66.1462    68.1745
1516   66.1462    67.6217
1517   66.1462    66.9113
1518   66.1462    68.9332
1519   66.1462    68.2697
1520   66.1462    68.5839
1521   66.1462    71.0692
1522   66.1462    71.1871
1523   66.1462    71.1743
1524   66.1462    70.9797
1525   66.1462    70.102
1526   66.1462    69.2684
1527   66.1462    69.1265
1528   66.1462    70.9897
1529   66.1462    69.6231
1530   66.1462    70.1913
1531   66.1462    71.4867
1532   66.1462    70.0555
1533   66.1462    69.5011
1534   66.1462    69.1125
1535   66.1462    68.0425
1536   66.1462    67.9797
1537   66.1462    68.3433
1538   66.1462    67.9583
1539   66.1462    68.1141
1540   66.1462    69.2706
1541   66.1462    69.4912
1542   66.1462    68.2386
1543   66.1462    68.9197
1544   66.1462    71.1147
1545   66.1462    68.6025
1546   66.1462    70.4004
1547   66.1462    71.5705
1548   66.1462    72.9648
1549   66.1462    71.6835
1550   66.1462    70.7869
1551   66.1462    70.2004
1552   66.1462    71.9207
1553   66.1462    71.1192
1554   66.1462    70.8879
1555   66.1462    69.5301
1556   66.1462    67.9927
1557   66.1462    68.9454
1558   66.1462    68.7639
1559   66.1462    69.7842
1560   66.1462    69.644
1561   66.1462    68.7179
1562   66.1462    69.8547
1563   66.1462    68.7866
1564   66.1462    70.0479
1565   66.1462    69.8704
1566   66.1462    70.7108
1567   66.1462    71.2926
1568   66.1462    71.6723
1569   66.1462    70.4094
1570   66.1462    70.4288
1571   66.1462    69.3501
1572   66.1462    69.1876
1573   66.1462    69.3667
1574   66.1462    70.1217
1575   66.1462    70.6242
1576   66.1462    70.0266
1577   66.1462    70.0181
1578   66.1462    69.7792
1579   66.1462    69.9186
1580   66.1462    71.4495
1581   66.1462    70.85
1582   66.1462    67.8963
1583   66.1462    68.0306
1584   66.1462    68.5791
1585   66.1462    68.727
1586   66.1462    67.8841
1587   66.1462    69.0957
1588   66.1462    67.8084
1589   66.1462    68.4838
1590   66.1462    67.4586
1591   66.1462    69.0993
1592   66.1462    69.122
1593   66.1462    69.5183
1594   66.1462    68.997
1595   66.1462    72.2936
1596   66.1462    71.7793
1597   66.1462    70.8776
1598   66.1462    71.4884
1599   66.1462    70.5909
1600   66.1462    70.6089
1601   65.7142    69.9749
1602   65.7142    71.7853
1603   65.7142    73.5768
1604   65.7142    71.3145
1605   65.7142    70.5477
1606   65.7142    71.3548
1607   65.7142    71.3947
1608   65.7142    71.4686
1609   65.7142    70.9003
1610   65.7142    69.2927
1611   65.7142    68.8857
1612   65.7142    67.5911
1613   65.7142    67.2196
1614   65.7142    69.5085
1615   65.7142    69.0315
1616   65.7142    68.236
1617   65.7142    68.4778
1618   65.7142    68.0674
1619   65.7142    68.2467
1620   65.7142    65.9985
1621   65.7142    67.2128
1622   65.7142    67.6658
1623   65.7142    67.8062
1624   65.7142    69.2191
1625   65.7142    68.994
1626   65.7142    67.715
1627   65.7142    68.5694
1628   65.7142    69.6177
1629   65.7142    71.0869
1630   65.7142    70.5394
1631   65.7142    71.5052
1632   65.7142    70.5647
1633   65.7142    68.7236
1634   65.7142    69.5628
1635   65.7142    69.0634
1636   65.7142    68.8046
1637   65.7142    68.7622
1638   65.7142    69.4769
1639   65.7142    70.1703
1640   65.7142    70.235
1641   65.7142    71.5907
1642   65.7142    72.0294
1643   65.7142    73.8895
1644   65.7142    74.26
1645   65.7142    73.8585
1646   65.7142    72.0395
1647   65.7142    70.6078
1648   65.7142    70.6816
1649   65.7142    71.3445
1650   65.7142    69.7453
1651   65.7142    68.2654
1652   65.7142    70.1504
1653   65.7142    69.7481
1654   65.7142    68.9648
1655   65.7142    69.9435
1656   65.7142    68.0087
1657   65.7142    68.8026
1658   65.7142    68.2132
1659   65.7142    68.3428
1660   65.7142    67.5453
1661   65.7142    68.3741
1662   65.7142    69.8843
1663   65.7142    70.004
1664   65.7142    71.8788
1665   65.7142    71.3816
1666   65.7142    70.2667
1667   65.7142    69.651
1668   65.7142    68.663
1669   65.7142    67.533
1670   65.7142    67.6775
1671   65.7142    68.2479
1672   65.7142    68.3303
1673   65.7142    67.4394
1674   65.7142    68.4607
1675   65.7142    69.9688
1676   65.7142    68.6391
1677   65.7142    68.8107
1678   65.7142    68.1386
1679   65.7142    68.1024
1680   65.7142    68.2542
1681   65.7142    69.7533
1682   65.7142    68.2715
1683   65.7142    68.5391
1684   65.7142    68.0443
1685   65.7142    68.4657
1686   65.7142    70.2145
1687   65.7142    69.9103
1688   65.7142    71.0132
1689   65.7142    70.3543
1690   65.7142    69.129
1691   65.7142    70.6053
1692   65.7142    70.4338
1693   65.7142    69.929
1694   65.7142    71.0733
1695   65.7142    70.134
1696   65.7142    69.5143
1697   65.7142    70.1978
1698   65.7142    72.1182
1699   65.7142    71.5311
1700   65.7142    71.3165
1701   65.7142    71.2625
1702   65.7142    71.2869
1703   65.7142    70.3237
1704   65.7142    71.0195
1705   65.7142    70.6209
1706   65.7142    70.9613
1707   65.7142    70.0157
1708   65.7142    71.4896
1709   65.7142    70.0289
1710   65.7142    69.3887
1711   65.7142    68.5248
1712   65.7142    67.0881
1713   65.7142    67.5793
1714   65.7142    66.7644
1715   65.7142    68.9633
1716   65.7142    68.145
1717   65.7142    69.7879
1718   65.7142    68.7793
1719   65.7142    69.0186
1720   65.7142    68.0563
1721   65.7142    68.9751
1722   65.7142    67.543
1723   65.7142    67.8624
1724   65.7142    67.4542
1725   65.7142    67.6602
1726   65.7142    68.0038
1727   65.7142    72.1426
1728   65.7142    71.4616
1729   65.7142    70.4932
1730   65.7142    71.8288
1731   65.7142    71.7107
1732   65.7142    72.3671
1733   65.7142    70.3523
1734   65.7142    69.6016
1735   65.7142    69.302
1736   65.7142    71.4702
1737   65.7142    71.0167
1738   65.7142    69.8343
1739   65.7142    69.0023
1740   65.7142    70.0006
1741   65.7142    70.1167
1742   65.7142    69.3488
1743   65.7142    68.5371
1744   65.7142    68.8769
1745   65.7142    70.0229
1746   65.7142    70.1884
1747   65.7142    70.2212
1748   65.7142    70.8217
1749   65.7142    70.1082
1750   65.7142    68.5724
1751   65.7142    68.198
1752   65.7142    68.339
1753   65.7142    67.5399
1754   65.7142    69.009
1755   65.7142    68.0354
1756   65.7142    67.2898
1757   65.7142    68.2229
1758   65.7142    67.0522
1759   65.7142    67.8253
1760   65.7142    68.0452
1761   65.7142    68.7719
1762   65.7142    68.2539
1763   65.7142    70.2935
1764   65.7142    72.2018
1765   65.7142    70.403
1766   65.7142    68.7467
1767   65.7142    66.8987
1768   65.7142    67.1271
1769   65.7142    66.9994
1770   65.7142    67.4022
1771   65.7142    66.3857
1772   65.7142    66.2559
1773   65.7142    67.2169
1774   65.7142    68.2194
1775   65.7142    68.8288
1776   65.7142    68.3055
1777   65.7142    67.6545
1778   65.7142    68.0537
1779   65.7142    68.813
1780   65.7142    68.8565
1781   65.7142    67.6062
1782   65.7142    67.789
1783   65.7142    67.4006
1784   65.7142    67.6857
1785   65.7142    68.8073
1786   65.7142    69.0754
1787   65.7142    69.3045
1788   65.7142    68.8843
1789   65.7142    68.8863
1790   65.7142    70.0441
1791   65.7142    67.6457
1792   65.7142    68.2941
1793   65.7142    67.3329
1794   65.7142    66.9351
1795   65.7142    67.0735
1796   65.7142    66.5621
1797   65.7142    68.9967
1798   65.7142    67.5525
1799   65.7142    67.0016
1800   65.7142    68.0823
1801   65.7142    70.1157
1802   65.7142    70.245
1803   65.7142    68.2366
1804   65.7142    68.6206
1805   65.7142    70.7414
1806   65.7142    69.5684
1807   65.7142    69.5129
1808   65.7142    69.3712
1809   65.7142    70.8072
1810   65.7142    71.2766
1811   65.7142    69.5564
1812   65.7142    68.2712
1813   65.7142    68.2283
1814   65.7142    70.3309
1815   65.7142    68.9973
1816   65.7142    69.9323
1817   65.7142    68.668
1818   65.7142    69.6765
1819   65.7142    68.8336
1820   65.7142    68.4711
1821   65.7142    67.5956
1822   65.7142    69.0021
1823   65.7142    68.5342
1824   65.7142    67.8489
1825   65.7142    66.9499
1826   65.7142    66.512
1827   65.7142    67.5292
1828   65.7142    68.4149
1829   65.7142    67.2543
1830   65.7142    67.496
1831   65.7142    68.6386
1832   65.7142    70.9684
1833   65.7142    69.4582
1834   65.7142    69.4935
1835   65.7142    69.5423
1836   65.7142    69.1625
1837   65.7142    68.6255
1838   65.7142    67.5509
1839   65.7142    67.6851
1840   65.7142    67.5807
1841   65.7142    68.787
1842   65.7142    68.7887
1843   65.7142    68.0375
1844   65.7142    68.1655
1845   65.7142    67.5333
1846   65.7142    69.9268
1847   65.7142    68.7273
1848   65.7142    68.4182
1849   65.7142    70.2884
1850   65.7142    70.8314
1851   65.7142    69.6095
1852   65.7142    67.6123
1853   65.7142    68.2794
1854   65.7142    67.6376
1855   65.7142    68.3191
1856   65.7142    67.1707
1857   65.7142    67.608
1858   65.7142    69.0985
1859   65.7142    68.3665
1860   65.7142    69.0293
1861   65.7142    69.2949
1862   65.7142    67.6475
1863   65.7142    69.5711
1864   65.7142    68.7021
1865   65.7142    67.5275
1866   65.7142    68.5082
1867   65.7142    67.9201
1868   65.7142    68.1204
1869   65.7142    69.4441
1870   65.7142    68.9521
1871   65.7142    67.1789
1872   65.7142    68.0237
1873   65.7142    69.9053
1874   65.7142    71.3764
1875   65.7142    70.3958
1876   65.7142    70.5064
1877   65.7142    70.067
1878   65.7142    70.1542
1879   65.7142    69.1117
1880   65.7142    69.1039
1881   65.7142    70.088
1882   65.7142    69.4987
1883   65.7142    68.6741
1884   65.7142    69.1523
1885   65.7142    71.0491
1886   65.7142    69.8312
1887   65.7142    69.6846
1888   65.7142    71.4517
1889   65.7142    68.4036
1890   65.7142    68.0058
1891   65.7142    69.7302
1892   65.7142    71.7575
1893   65.7142    71.1514
1894   65.7142    70.2509
1895   65.7142    70.1383
1896   65.7142    70.3908
1897   65.7142    69.8263
1898   65.7142    69.8441
1899   65.7142    69.8072
1900   65.7142    69.8535
1901   65.7142    70.3942
1902   65.7142    70.1529
1903   65.7142    69.5456
1904   65.7142    69.7921
1905   65.7142    67.7701
1906   65.7142    67.4428
1907   65.7142    67.8737
1908   65.7142    67.3774
1909   65.7142    67.6952
1910   65.7142    67.7899
1911   65.7142    68.0727
1912   65.7142    67.9417
1913   65.7142    68.4164
1914   65.7142    67.9413
1915   65.7142    66.916
1916   65.7142    67.013
1917   65.7142    67.0989
1918   65.7142    67.4528
1919   65.7142    67.7994
1920   65.7142    68.5226
1921   65.7142    69.0581
1922   65.7142    68.7413
1923   65.7142    67.4237
1924   65.7142    68.5453
1925   65.7142    67.0311
1926   65.7142    66.6754
1927   65.7142    66.5292
1928   65.7142    68.1987
1929   65.7142    69.1964
1930   65.7142    69.1562
1931   65.7142    68.4377
1932   65.7142    69.7587
1933   65.7142    70.0322
1934   65.7142    71.2773
1935   65.7142    70.5011
1936   65.7142    67.8902
1937   65.7142    68.6898
1938   65.7142    69.2663
1939   65.7142    70.8149
1940   65.7142    69.2262
1941   65.7142    70.5077
1942   65.7142    70.2832
1943   65.7142    69.7998
1944   65.7142    69.2567
1945   65.7142    68.3842
1946   65.7142    67.9658
1947   65.7142    70.0938
1948   65.7142    69.8206
1949   65.7142    69.6443
1950   65.7142    70.7009
1951   65.7142    70.4751
1952   65.7142    70.3143
1953   65.7142    70.1531
1954   65.7142    68.3167
1955   65.7142    68.8265
1956   65.7142    69.0419
1957   65.7142    67.0026
1958   65.7142    68.9582
1959   65.7142    69.2782
1960   65.7142    67.6423
1961   65.7142    68.8412
1962   65.7142    68.9995
1963   65.7142    67.169
1964   65.7142    67.3803
1965   65.7142    68.3103
1966   65.7142    68.4084
1967   65.7142    68.3327
1968   65.7142    69.0972
1969   65.7142    68.3773
1970   65.7142    67.7641
1971   65.7142    68.6156
1972   65.7142    67.7656
1973   65.7142    66.8072
1974   65.7142    67.2179
1975   65.7142    67.3552
1976   65.7142    67.2322
1977   65.7142    67.2987
1978   65.7142    67.6955
1979   65.7142    71.5128
1980   65.7142    70.7625
1981   65.7142    70.0489
1982   65.7142    71.089
1983   65.7142    69.7079
1984   65.7142    69.9546
1985   65.7142    70.5153
1986   65.7142    70.3598
1987   65.7142    70.2953
1988   65.7142    72.3443
1989   65.7142    72.2988
1990   65.7142    72.5532
1991   65.7142    72.4492
1992   65.7142    71.9341
1993   65.7142    71.314
1994   65.7142    69.7479
1995   65.7142    68.905
1996   65.7142    70.5254
1997   65.7142    69.072
1998   65.7142    68.4748
1999   65.7142    69.3024
2000   65.7142    68.4561
