1 0.95 2.15676 0.951863 22.5639 0.18776
2 0.9025 2.15676 0.951863 22.3691 0.216837
3 0.857375 2.08234 1.00233 20.5349 0.220545
4 0.814506 2.06061 0.981159 19.2817 0.184805
5 0.773781 2.06061 0.981159 19.1047 0.202637
6 0.735092 2.01883 1.03593 18.9006 0.227079
7 0.698337 1.92823 1.00047 15.3946 0.170319
8 0.66342 1.92823 1.00047 15.0063 0.177485
9 0.630249 1.94613 0.914829 14.1872 0.156453
10 0.598737 1.94613 0.914829 13.8149 0.14304
11 0.5688 1.94613 0.914829 13.5536 0.154592
12 0.54036 1.94415 0.952674 14.9385 0.168032
13 0.513342 1.94415 0.952674 14.4934 0.148557
14 0.487675 1.9167 0.960767 13.8117 0.159024
15 0.463291 1.88687 0.998985 13.5464 0.150829
16 0.440127 1.96032 0.902331 13.9154 0.120526
17 0.41812 1.92493 0.985487 14.4648 0.175866
18 0.397214 1.92493 0.985487 14.6448 0.167625
19 0.377354 1.92493 0.985487 14.6881 0.158888
20 0.358486 1.8845 0.90804 12.1502 0.142118
21 0.340562 1.8845 0.90804 12.1023 0.134592
22 0.323534 1.79723 0.935058 10.3016 0.104711
23 0.307357 1.79723 0.935058 10.296 0.121168
24 0.291989 1.74174 1.01974 10.1127 0.145326
25 0.27739 1.69542 1.10015 10.3635 0.162814
26 0.26352 1.69542 1.10015 10.4383 0.147128
27 0.250344 1.69542 1.10015 10.0871 0.136477
28 0.237827 1.69542 1.10015 10.1318 0.142642
29 0.225936 1.69542 1.10015 10.0738 0.149705
30 0.214639 1.62007 1.00847 7.48321 0.104864
31 0.203907 1.6218 0.962453 7.11871 0.102636
32 0.193711 1.61062 0.999577 7.19396 0.0940694
33 0.184026 1.53179 0.948059 5.12681 0.0902112
34 0.174825 1.53179 0.948059 5.08515 0.0732873
35 0.166083 1.51401 0.861256 4.27152 0.0692007
36 0.157779 1.51401 0.861256 4.14913 0.066451
37 0.14989 1.43309 0.91583 3.62722 0.0583649
38 0.142396 1.4485 0.82146 2.9587 0.0473049
39 0.135276 1.40668 0.896298 3.06387 0.058712
40 0.128512 1.40668 0.896298 3.14857 0.0510226
41 0.122087 1.3576 0.825202 2.17313 0.050815
42 0.115982 1.3576 0.825202 2.11295 0.0432654
43 0.110183 1.3576 0.825202 2.16715 0.0493298
44 0.104674 1.3576 0.825202 2.18069 0.0416436
45 0.0994403 1.3576 0.825202 2.13475 0.0414013
46 0.0944682 1.3576 0.825202 2.18793 0.0453813
47 0.0897448 1.3576 0.825202 2.11549 0.0380769
48 0.0852576 1.2587 0.777971 1.11419 0.0284776
49 0.0809947 1.2587 0.777971 1.12054 0.0304421
50 0.076945 1.2261 0.769162 0.878708 0.0252406
51 0.0730977 1.2261 0.769162 0.853141 0.0283661
52 0.0694428 1.2261 0.769162 0.872744 0.0272208
53 0.0659707 1.13183 0.704672 0.182791 0.0154449
54 0.0626722 1.13183 0.704672 0.180414 0.0166247
55 0.0595386 1.12151 0.661354 0.0634966 0.0112184
56 0.0565616 1.07259 0.620431 -0.128977 0.00777041
57 0.0537335 1.07259 0.620431 -0.116167 0.00786975
58 0.0510469 1.05412 0.658678 -0.12295 0.0117856
59 0.0484945 1.05412 0.658678 -0.113702 0.0101323
60 0.0460698 1.03538 0.635273 -0.199499 0.00925959
61 0.0437663 0.97952 0.6375 -0.30599 0.00593981
62 0.041578 0.943245 0.64515 -0.355301 0.00563869
63 0.0394991 0.917238 0.634597 -0.3799 0.00528613
64 0.0375241 0.917238 0.634597 -0.386376 0.00467502
65 0.0356479 0.896241 0.630189 -0.40097 0.00378142
66 0.0338655 0.896241 0.630189 -0.405769 0.0042263
67 0.0321723 0.896241 0.630189 -0.40428 0.00388488
68 0.0305636 0.885197 0.629595 -0.417072 0.00359407
69 0.0290355 0.80972 0.653963 -0.430143 0.0034009
70 0.0275837 0.80972 0.653963 -0.435935 0.00368016
71 0.0262045 0.80972 0.653963 -0.434591 0.00324757
72 0.0248943 0.80972 0.653963 -0.434123 0.00331872
73 0.0236496 0.80972 0.653963 -0.435234 0.00377493
74 0.0224671 0.80972 0.653963 -0.430388 0.00379179
75 0.0213437 0.843636 0.602778 -0.434617 0.00312898
76 0.0202765 0.843636 0.602778 -0.435368 0.00270088
77 0.0192627 0.843636 0.602778 -0.437344 0.00282025
78 0.0182996 0.843636 0.602778 -0.435951 0.00276108
79 0.0173846 0.843636 0.602778 -0.438996 0.00268087
80 0.0165154 0.843636 0.602778 -0.434154 0.00323022
81 0.0156896 0.843636 0.602778 -0.439329 0.00244037
82 0.0149051 0.843636 0.602778 -0.434387 0.00289504
83 0.0141599 0.755505 0.669014 -0.422206 0.00342155
84 0.0134519 0.755505 0.669014 -0.422277 0.00321692
85 0.0127793 0.755505 0.669014 -0.419879 0.00400734
86 0.0121403 0.755505 0.669014 -0.421161 0.00358408
87 0.0115333 0.755505 0.669014 -0.426382 0.00308172
88 0.0109566 0.839931 0.653804 -0.425026 0.00435037
89 0.0104088 0.752043 0.67829 -0.420059 0.00325959
90 0.00988836 0.820529 0.64996 -0.43656 0.00282518
91 0.00939395 0.820529 0.64996 -0.429862 0.00395955
92 0.00892425 0.823816 0.612919 -0.444721 0.00260194
93 0.00847804 0.823816 0.612919 -0.445264 0.00213021
94 0.00805413 0.823816 0.612919 -0.446827 0.00237997
95 0.00765143 0.823816 0.612919 -0.442534 0.00264555
96 0.00726886 0.823816 0.612919 -0.441896 0.00247905
97 0.00690541 0.823816 0.612919 -0.443942 0.00348159
98 0.00656014 0.823816 0.612919 -0.441874 0.00275938
99 0.00623214 0.823816 0.612919 -0.442052 0.00244653
100 0.00592053 0.823816 0.612919 -0.443025 0.00268477
101 0.0056245 0.823816 0.612919 -0.44244 0.00221675
102 0.00534328 0.823816 0.612919 -0.443686 0.00214734
103 0.00507611 0.823816 0.612919 -0.446034 0.00267002
104 0.00482231 0.818812 0.624802 -0.44624 0.00274545
105 0.00458119 0.818812 0.624802 -0.437027 0.00322875
106 0.00435213 0.818812 0.624802 -0.443313 0.00269139
107 0.00413453 0.818812 0.624802 -0.44358 0.00292468
108 0.0039278 0.787993 0.604749 -0.440189 0.00280228
109 0.00373141 0.787993 0.604749 -0.443009 0.00250358
110 0.00354484 0.787993 0.604749 -0.444847 0.00224729
111 0.0033676 0.787993 0.604749 -0.439657 0.00254118
112 0.00319922 0.787993 0.604749 -0.441869 0.00258006
113 0.00303926 0.787993 0.604749 -0.4415 0.00243087
114 0.00288729 0.787993 0.604749 -0.445238 0.00221277
115 0.00274293 0.787993 0.604749 -0.444749 0.00254294
116 0.00260578 0.787993 0.604749 -0.446232 0.00244037
117 0.00247549 0.787993 0.604749 -0.442136 0.00272309
118 0.00235172 0.787993 0.604749 -0.450591 0.00246102
119 0.00223413 0.787993 0.604749 -0.437926 0.00244103
120 0.00212243 0.787993 0.604749 -0.442752 0.0022181
121 0.00201631 0.787993 0.604749 -0.437983 0.00263135
122 0.00191549 0.787993 0.604749 -0.442762 0.00192565
123 0.00181972 0.787993 0.604749 -0.443574 0.00254933
124 0.00172873 0.787993 0.604749 -0.441162 0.00250016
125 0.00164229 0.787993 0.604749 -0.444673 0.00229124
126 0.00156018 0.787993 0.604749 -0.441296 0.00210922
127 0.00148217 0.787993 0.604749 -0.445944 0.00194815
128 0.00140806 0.787993 0.604749 -0.439363 0.00318885
129 0.00133766 0.787993 0.604749 -0.442679 0.00213022
130 0.00127078 0.787993 0.604749 -0.44198 0.00234548
131 0.00120724 0.787993 0.604749 -0.443965 0.00236453
132 0.00114687 0.787993 0.604749 -0.443144 0.0021502
133 0.00108953 0.787993 0.604749 -0.437635 0.0025888
134 0.00103505 0.787993 0.604749 -0.441415 0.00228085
135 0.000983302 0.787993 0.604749 -0.438684 0.00291063
136 0.000934136 0.787993 0.604749 -0.440898 0.00305878
137 0.00088743 0.787993 0.604749 -0.441995 0.0026106
138 0.000843058 0.787993 0.604749 -0.439519 0.00251981
139 0.000800905 0.787993 0.604749 -0.441396 0.00267335
140 0.00076086 0.787993 0.604749 -0.438495 0.00259822
141 0.000722817 0.787993 0.604749 -0.439506 0.00219764
142 0.000686676 0.787993 0.604749 -0.439299 0.00278008
143 0.000652342 0.787993 0.604749 -0.442323 0.00329307
144 0.000619725 0.813727 0.633056 -0.442384 0.002652
145 0.000588739 0.813727 0.633056 -0.442744 0.0028147
146 0.000559302 0.813727 0.633056 -0.44161 0.00296076
147 0.000531337 0.813727 0.633056 -0.440237 0.00287334
148 0.00050477 0.813727 0.633056 -0.440871 0.00362664
149 0.000479532 0.766713 0.623123 -0.440112 0.002688
150 0.000455555 0.766713 0.623123 -0.442437 0.00218221
151 0.000432777 0.766713 0.623123 -0.440549 0.00192955
152 0.000411138 0.766713 0.623123 -0.439293 0.00271884
153 0.000390581 0.766713 0.623123 -0.437259 0.00292034
154 0.000371052 0.766713 0.623123 -0.439776 0.00248624
155 0.0003525 0.766713 0.623123 -0.439137 0.00220892
156 0.000334875 0.766713 0.623123 -0.446852 0.00212035
157 0.000318131 0.766713 0.623123 -0.441284 0.00237087
158 0.000302224 0.766713 0.623123 -0.44342 0.00238602
159 0.000287113 0.766713 0.623123 -0.44074 0.00232976
160 0.000272758 0.766713 0.623123 -0.438167 0.00347021
161 0.00025912 0.766713 0.623123 -0.437639 0.00251398
162 0.000246164 0.766713 0.623123 -0.443927 0.0021521
163 0.000233856 0.766713 0.623123 -0.442154 0.00274706
164 0.000222163 0.766713 0.623123 -0.438591 0.00282446
165 0.000211055 0.766713 0.623123 -0.4387 0.00219314
166 0.000200502 0.766713 0.623123 -0.434395 0.00275396
167 0.000190477 0.766713 0.623123 -0.43843 0.00209443
168 0.000180953 0.766713 0.623123 -0.442448 0.00270695
169 0.000171905 0.766713 0.623123 -0.44425 0.00214914
170 0.00016331 0.766713 0.623123 -0.442122 0.00231979
171 0.000155145 0.766713 0.623123 -0.438132 0.00258515
172 0.000147387 0.766713 0.623123 -0.44111 0.00222447
173 0.000140018 0.766713 0.623123 -0.44103 0.00213939
174 0.000133017 0.766713 0.623123 -0.445724 0.00195206
175 0.000126366 0.766713 0.623123 -0.43902 0.00292542
176 0.000120048 0.766713 0.623123 -0.439781 0.00214438
177 0.000114045 0.766713 0.623123 -0.439864 0.00268769
178 0.000108343 0.766713 0.623123 -0.436118 0.0026571
179 0.000102926 0.766713 0.623123 -0.445016 0.00269152
180 9.77798e-05 0.766713 0.623123 -0.437779 0.00293893
181 9.28908e-05 0.766713 0.623123 -0.443553 0.00236676
182 8.82462e-05 0.766713 0.623123 -0.444137 0.00222106
183 8.38339e-05 0.766713 0.623123 -0.442249 0.00226157
184 7.96422e-05 0.78277 0.615569 -0.44206 0.00252077
185 7.56601e-05 0.78277 0.615569 -0.446011 0.00225875
186 7.18771e-05 0.78277 0.615569 -0.446376 0.00222114
187 6.82833e-05 0.78277 0.615569 -0.443175 0.00235115
188 6.48691e-05 0.78277 0.615569 -0.451639 0.00199289
189 6.16256e-05 0.78277 0.615569 -0.44142 0.00203875
190 5.85444e-05 0.78277 0.615569 -0.442823 0.00234594
191 5.56171e-05 0.78277 0.615569 -0.447234 0.00234398
192 5.28363e-05 0.78277 0.615569 -0.449106 0.00225549
193 5.01945e-05 0.78277 0.615569 -0.443599 0.00267786
194 4.76847e-05 0.78277 0.615569 -0.443508 0.00217143
195 4.53005e-05 0.78277 0.615569 -0.446153 0.00248361
196 4.30355e-05 0.78277 0.615569 -0.443448 0.002861
197 4.08837e-05 0.78277 0.615569 -0.443511 0.00208145
198 3.88395e-05 0.78277 0.615569 -0.444044 0.00219982
199 3.68975e-05 0.78277 0.615569 -0.442015 0.00238009
200 3.50527e-05 0.78277 0.615569 -0.444954 0.00252104
201 3.33e-05 0.78277 0.615569 -0.444062 0.0024566
202 3.1635e-05 0.78277 0.615569 -0.439265 0.00262058
203 3.00533e-05 0.78277 0.615569 -0.447075 0.00192655
204 2.85506e-05 0.78277 0.615569 -0.441969 0.00263036
205 2.71231e-05 0.78277 0.615569 -0.444725 0.00222435
206 2.57669e-05 0.78277 0.615569 -0.442372 0.00256806
207 2.44786e-05 0.78277 0.615569 -0.440094 0.00293629
208 2.32547e-05 0.78277 0.615569 -0.440673 0.00231008
209 2.20919e-05 0.78277 0.615569 -0.443708 0.0025687
210 2.09873e-05 0.78277 0.615569 -0.443989 0.00237663
211 1.9938e-05 0.78277 0.615569 -0.443389 0.00253935
212 1.89411e-05 0.78277 0.615569 -0.441024 0.00239469
213 1.7994e-05 0.78277 0.615569 -0.44005 0.00269645
214 1.70943e-05 0.78277 0.615569 -0.441898 0.00295711
215 1.62396e-05 0.78277 0.615569 -0.441391 0.00248725
216 1.54276e-05 0.78277 0.615569 -0.446478 0.0026187
217 1.46562e-05 0.78277 0.615569 -0.443774 0.00279748
218 1.39234e-05 0.78277 0.615569 -0.443525 0.00245012
219 1.32272e-05 0.78277 0.615569 -0.449791 0.00249354
220 1.25659e-05 0.78277 0.615569 -0.444134 0.00281257
221 1.19376e-05 0.78277 0.615569 -0.446868 0.00252716
222 1.13407e-05 0.78277 0.615569 -0.44234 0.00241692
223 1.07737e-05 0.78277 0.615569 -0.447294 0.00201299
224 1.0235e-05 0.78277 0.615569 -0.443053 0.00259476
225 9.72324e-06 0.78277 0.615569 -0.442937 0.00221486
226 9.23708e-06 0.78277 0.615569 -0.443975 0.00233615
227 8.77523e-06 0.78277 0.615569 -0.439378 0.002505
228 8.33647e-06 0.78277 0.615569 -0.443551 0.00239868
229 7.91964e-06 0.78277 0.615569 -0.441248 0.0023182
230 7.52366e-06 0.78277 0.615569 -0.441691 0.00233513
231 7.14748e-06 0.78277 0.615569 -0.43887 0.00246056
232 6.7901e-06 0.78277 0.615569 -0.443704 0.00201541
233 6.4506e-06 0.78277 0.615569 -0.444975 0.00253008
234 6.12807e-06 0.78277 0.615569 -0.443258 0.00223928
235 5.82167e-06 0.815455 0.612527 -0.442351 0.00285796
236 5.53058e-06 0.815455 0.612527 -0.442454 0.00258871
237 5.25405e-06 0.815455 0.612527 -0.446954 0.00234386
238 4.99135e-06 0.815455 0.612527 -0.444912 0.0028213
239 4.74178e-06 0.815455 0.612527 -0.442198 0.00301498
240 4.50469e-06 0.815455 0.612527 -0.442238 0.00284669
241 4.27946e-06 0.815455 0.612527 -0.44695 0.00214654
242 4.06549e-06 0.815455 0.612527 -0.441788 0.0029259
243 3.86221e-06 0.815455 0.612527 -0.447979 0.00254921
244 3.6691e-06 0.815455 0.612527 -0.443646 0.00258146
245 3.48565e-06 0.815455 0.612527 -0.442841 0.00248894
246 3.31136e-06 0.815455 0.612527 -0.443652 0.00254591
247 3.1458e-06 0.815455 0.612527 -0.440736 0.00281711
248 2.98851e-06 0.815455 0.612527 -0.447647 0.00258321
249 2.83908e-06 0.815455 0.612527 -0.444156 0.00320416
250 2.69713e-06 0.815455 0.612527 -0.446989 0.00307128
251 2.56227e-06 0.815455 0.612527 -0.437749 0.00303504
252 2.43416e-06 0.815455 0.612527 -0.448733 0.00282752
253 2.31245e-06 0.815455 0.612527 -0.44296 0.002566
254 2.19683e-06 0.815455 0.612527 -0.439709 0.00304301
255 2.08699e-06 0.815455 0.612527 -0.43809 0.00324549
256 1.98264e-06 0.815455 0.612527 -0.441039 0.00294911
257 1.8835e-06 0.815455 0.612527 -0.441734 0.00301785
258 1.78933e-06 0.815455 0.612527 -0.439393 0.00331514
259 1.69986e-06 0.808217 0.636732 -0.440235 0.0030547
260 1.61487e-06 0.808217 0.636732 -0.441537 0.00323722
261 1.53413e-06 0.808217 0.636732 -0.439285 0.00372542
262 1.45742e-06 0.808217 0.636732 -0.442206 0.00251461
263 1.38455e-06 0.808217 0.636732 -0.441311 0.0027062
264 1.31532e-06 0.808217 0.636732 -0.441741 0.00279965
265 1.24956e-06 0.808217 0.636732 -0.442124 0.00271667
266 1.18708e-06 0.807754 0.609404 -0.443338 0.00263895
267 1.12772e-06 0.807754 0.609404 -0.449549 0.00244151
268 1.07134e-06 0.807754 0.609404 -0.438788 0.00413071
269 1.01777e-06 0.807754 0.609404 -0.440201 0.00243034
270 9.66882e-07 0.807754 0.609404 -0.444213 0.00250524
271 9.18538e-07 0.807754 0.609404 -0.447742 0.00237249
272 8.72611e-07 0.807754 0.609404 -0.442453 0.00281284
273 8.2898e-07 0.807754 0.609404 -0.445358 0.00232234
274 7.87531e-07 0.807754 0.609404 -0.446293 0.0021296
275 7.48155e-07 0.807754 0.609404 -0.442565 0.00267717
276 7.10747e-07 0.807754 0.609404 -0.441327 0.00233358
277 6.7521e-07 0.807754 0.609404 -0.443701 0.00245427
278 6.41449e-07 0.807754 0.609404 -0.44323 0.00250661
279 6.09377e-07 0.807754 0.609404 -0.447967 0.00245306
280 5.78908e-07 0.807754 0.609404 -0.447441 0.00216878
281 5.49963e-07 0.807754 0.609404 -0.44298 0.00244128
282 5.22464e-07 0.807754 0.609404 -0.444769 0.0020641
283 4.96341e-07 0.807754 0.609404 -0.446971 0.00237856
284 4.71524e-07 0.807754 0.609404 -0.442918 0.00267773
285 4.47948e-07 0.807754 0.609404 -0.442526 0.00231791
286 4.25551e-07 0.807754 0.609404 -0.43958 0.00282737
287 4.04273e-07 0.807754 0.609404 -0.448249 0.00252867
288 3.84059e-07 0.807754 0.609404 -0.443946 0.00235416
289 3.64856e-07 0.807754 0.609404 -0.448768 0.00215632
290 3.46614e-07 0.807754 0.609404 -0.443755 0.0022732
291 3.29283e-07 0.807754 0.609404 -0.440367 0.00284686
292 3.12819e-07 0.807754 0.609404 -0.44194 0.00248397
293 2.97178e-07 0.807754 0.609404 -0.441359 0.00259631
294 2.82319e-07 0.807754 0.609404 -0.442296 0.00301214
295 2.68203e-07 0.807754 0.609404 -0.444734 0.00251901
296 2.54793e-07 0.807754 0.609404 -0.445033 0.00249274
297 2.42053e-07 0.807754 0.609404 -0.44264 0.00244152
298 2.29951e-07 0.807754 0.609404 -0.443015 0.00252001
299 2.18453e-07 0.807754 0.609404 -0.442165 0.00263177
300 2.0753e-07 0.807754 0.609404 -0.446827 0.00260695
301 1.97154e-07 0.807754 0.609404 -0.437473 0.00294503
302 1.87296e-07 0.807754 0.609404 -0.443703 0.0025659
303 1.77931e-07 0.807754 0.609404 -0.441253 0.00308271
304 1.69035e-07 0.807754 0.609404 -0.445604 0.00224118
305 1.60583e-07 0.807754 0.609404 -0.443131 0.00229261
306 1.52554e-07 0.807754 0.609404 -0.445378 0.00235714
307 1.44926e-07 0.807754 0.609404 -0.443364 0.00233304
308 1.3768e-07 0.807754 0.609404 -0.449043 0.00253913
309 1.30796e-07 0.807754 0.609404 -0.445266 0.00283726
310 1.24256e-07 0.807754 0.609404 -0.44457 0.00319633
311 1.18043e-07 0.807754 0.609404 -0.445783 0.00256122
312 1.12141e-07 0.807754 0.609404 -0.446295 0.00229208
313 1.06534e-07 0.807754 0.609404 -0.445677 0.0023989
314 1.01207e-07 0.807754 0.609404 -0.441478 0.00258478
315 9.6147e-08 0.807754 0.609404 -0.441569 0.00233142
316 9.13396e-08 0.807754 0.609404 -0.439853 0.00291664
317 8.67727e-08 0.807754 0.609404 -0.442148 0.00263285
318 8.2434e-08 0.807754 0.609404 -0.444057 0.00321226
319 7.83123e-08 0.807754 0.609404 -0.440996 0.0027568
320 7.43967e-08 0.807754 0.609404 -0.444953 0.00279186
321 7.06769e-08 0.807754 0.609404 -0.443643 0.00284137
322 6.7143e-08 0.807754 0.609404 -0.445552 0.00217218
323 6.37859e-08 0.807754 0.609404 -0.440915 0.00236944
324 6.05966e-08 0.807754 0.609404 -0.449778 0.00215108
325 5.75668e-08 0.807754 0.609404 -0.440341 0.00253629
326 5.46884e-08 0.807754 0.609404 -0.441886 0.00245252
327 5.1954e-08 0.807754 0.609404 -0.443481 0.00232939
328 4.93563e-08 0.807754 0.609404 -0.439414 0.00266277
329 4.68885e-08 0.807754 0.609404 -0.443375 0.0024257
330 4.45441e-08 0.807754 0.609404 -0.443476 0.00282998
331 4.23169e-08 0.807754 0.609404 -0.446878 0.00232912
332 4.0201e-08 0.807754 0.609404 -0.444709 0.00241657
333 3.8191e-08 0.807754 0.609404 -0.449442 0.00234535
334 3.62814e-08 0.807754 0.609404 -0.442805 0.00276294
335 3.44673e-08 0.807754 0.609404 -0.448503 0.00247313
336 3.2744e-08 0.807754 0.609404 -0.447032 0.00253394
337 3.11068e-08 0.807754 0.609404 -0.441234 0.00251078
338 2.95514e-08 0.807754 0.609404 -0.448689 0.00226951
339 2.80739e-08 0.807754 0.609404 -0.444073 0.00257926
340 2.66702e-08 0.807754 0.609404 -0.446257 0.00251795
341 2.53367e-08 0.807754 0.609404 -0.445589 0.0024584
342 2.40698e-08 0.807754 0.609404 -0.443926 0.00252437
343 2.28663e-08 0.807754 0.609404 -0.445339 0.00217635
344 2.1723e-08 0.807754 0.609404 -0.44511 0.00242945
345 2.06369e-08 0.807754 0.609404 -0.442871 0.00264321
346 1.9605e-08 0.807754 0.609404 -0.4455 0.00274359
347 1.86248e-08 0.807754 0.609404 -0.447687 0.00284802
348 1.76935e-08 0.807754 0.609404 -0.446636 0.00245744
349 1.68089e-08 0.807754 0.609404 -0.44448 0.00211549
350 1.59684e-08 0.807754 0.609404 -0.441604 0.00262558
351 1.517e-08 0.807754 0.609404 -0.445525 0.00282743
352 1.44115e-08 0.807754 0.609404 -0.440108 0.0028769
353 1.36909e-08 0.807754 0.609404 -0.44133 0.00232147
354 1.30064e-08 0.807754 0.609404 -0.447364 0.0027028
355 1.23561e-08 0.807754 0.609404 -0.444117 0.00224209
356 1.17383e-08 0.807754 0.609404 -0.445147 0.00218234
357 1.11513e-08 0.807754 0.609404 -0.4433 0.00253158
358 1.05938e-08 0.807754 0.609404 -0.445898 0.00265219
359 1.00641e-08 0.807754 0.609404 -0.443667 0.00268949
360 9.56088e-09 0.807754 0.609404 -0.440218 0.00249425
361 9.08284e-09 0.807754 0.609404 -0.443331 0.00258084
362 8.62869e-09 0.807754 0.609404 -0.439703 0.00258527
363 8.19726e-09 0.807754 0.609404 -0.44376 0.00273364
364 7.7874e-09 0.807754 0.609404 -0.444318 0.00250097
365 7.39803e-09 0.807754 0.609404 -0.443386 0.00241195
366 7.02813e-09 0.807754 0.609404 -0.445259 0.00267051
367 6.67672e-09 0.807754 0.609404 -0.443309 0.00276661
368 6.34288e-09 0.807754 0.609404 -0.44406 0.00282999
369 6.02574e-09 0.807754 0.609404 -0.443154 0.0026639
370 5.72445e-09 0.807754 0.609404 -0.43773 0.0033774
371 5.43823e-09 0.807754 0.609404 -0.441255 0.00231946
372 5.16632e-09 0.807754 0.609404 -0.439953 0.00221206
373 4.908e-09 0.807754 0.609404 -0.444741 0.0030003
374 4.6626e-09 0.807754 0.609404 -0.442914 0.00254788
375 4.42947e-09 0.807754 0.609404 -0.441704 0.00271565
376 4.208e-09 0.807754 0.609404 -0.441537 0.00273429
377 3.9976e-09 0.807754 0.609404 -0.441155 0.00252057
378 3.79772e-09 0.807754 0.609404 -0.44315 0.00237057
379 3.60783e-09 0.807754 0.609404 -0.445952 0.00249631
380 3.42744e-09 0.807754 0.609404 -0.441331 0.00283327
381 3.25607e-09 0.807754 0.609404 -0.444646 0.00253154
382 3.09327e-09 0.807754 0.609404 -0.447605 0.00253006
383 2.9386e-09 0.807754 0.609404 -0.441265 0.00252547
384 2.79167e-09 0.807754 0.609404 -0.438699 0.00296075
385 2.65209e-09 0.807754 0.609404 -0.444964 0.00204931
386 2.51948e-09 0.807754 0.609404 -0.445961 0.00273492
387 2.39351e-09 0.807754 0.609404 -0.446081 0.0030544
388 2.27383e-09 0.807754 0.609404 -0.444043 0.00213143
389 2.16014e-09 0.807754 0.609404 -0.446849 0.00247458
390 2.05214e-09 0.807754 0.609404 -0.441258 0.00279927
391 1.94953e-09 0.807754 0.609404 -0.442565 0.00247181
392 1.85205e-09 0.807754 0.609404 -0.440987 0.00331808
393 1.75945e-09 0.807754 0.609404 -0.444853 0.0025118
394 1.67148e-09 0.807754 0.609404 -0.438315 0.00232951
395 1.5879e-09 0.807754 0.609404 -0.443642 0.0026603
396 1.50851e-09 0.807754 0.609404 -0.443867 0.00245164
397 1.43308e-09 0.807754 0.609404 -0.445027 0.00248538
398 1.36143e-09 0.807754 0.609404 -0.443801 0.00287281
399 1.29336e-09 0.807754 0.609404 -0.444869 0.00253449
400 1.22869e-09 0.807754 0.609404 -0.440527 0.0031166
401 1.16725e-09 0.807754 0.609404 -0.44058 0.00287041
402 1.10889e-09 0.807754 0.609404 -0.442793 0.00273153
403 1.05345e-09 0.807754 0.609404 -0.444811 0.00210101
404 1.00078e-09 0.807754 0.609404 -0.442371 0.00291527
405 9.50736e-10 0.807754 0.609404 -0.444092 0.00271251
406 9.032e-10 0.807754 0.609404 -0.445921 0.00224273
407 8.5804e-10 0.807754 0.609404 -0.440952 0.00223745
408 8.15138e-10 0.807754 0.609404 -0.440985 0.00262145
409 7.74381e-10 0.807754 0.609404 -0.446016 0.00248776
410 7.35662e-10 0.807754 0.609404 -0.439715 0.00279503
411 6.98879e-10 0.807754 0.609404 -0.441124 0.00239676
412 6.63935e-10 0.807754 0.609404 -0.444139 0.00259028
413 6.30738e-10 0.807754 0.609404 -0.441278 0.00262174
414 5.99201e-10 0.807754 0.609404 -0.44049 0.0025773
415 5.69241e-10 0.807754 0.609404 -0.44436 0.00197864
416 5.40779e-10 0.807754 0.609404 -0.440948 0.00276371
417 5.1374e-10 0.807754 0.609404 -0.440253 0.00277926
418 4.88053e-10 0.807754 0.609404 -0.448738 0.00255624
419 4.6365e-10 0.807754 0.609404 -0.443787 0.00246178
420 4.40468e-10 0.807754 0.609404 -0.444449 0.00263034
421 4.18444e-10 0.807754 0.609404 -0.443654 0.00257289
422 3.97522e-10 0.807754 0.609404 -0.44463 0.00307725
423 3.77646e-10 0.807754 0.609404 -0.442774 0.0025743
424 3.58764e-10 0.773801 0.601312 -0.44199 0.00282732
425 3.40826e-10 0.783512 0.605483 -0.442562 0.00200024
426 3.23784e-10 0.783512 0.605483 -0.442708 0.00218086
427 3.07595e-10 0.783512 0.605483 -0.447261 0.00250463
428 2.92215e-10 0.783512 0.605483 -0.445762 0.00234199
429 2.77605e-10 0.783512 0.605483 -0.439069 0.00253597
430 2.63724e-10 0.783512 0.605483 -0.444426 0.00240059
431 2.50538e-10 0.783512 0.605483 -0.443396 0.00247712
432 2.38011e-10 0.783512 0.605483 -0.440587 0.0023673
433 2.26111e-10 0.783512 0.605483 -0.436419 0.00295489
434 2.14805e-10 0.783512 0.605483 -0.442224 0.00243433
435 2.04065e-10 0.805523 0.655093 -0.443082 0.00284598
436 1.93862e-10 0.805523 0.655093 -0.434993 0.00317866
437 1.84169e-10 0.805523 0.655093 -0.432588 0.00341489
438 1.7496e-10 0.805523 0.655093 -0.435364 0.00341222
439 1.66212e-10 0.805523 0.655093 -0.433089 0.00446585
440 1.57902e-10 0.805523 0.655093 -0.432718 0.00361355
441 1.50006e-10 0.805523 0.655093 -0.435803 0.00335719
442 1.42506e-10 0.768265 0.626637 -0.442412 0.0023879
443 1.35381e-10 0.768265 0.626637 -0.444315 0.00227708
444 1.28612e-10 0.768265 0.626637 -0.444936 0.00241342
445 1.22181e-10 0.768265 0.626637 -0.444714 0.00236448
446 1.16072e-10 0.768265 0.626637 -0.436579 0.0024049
447 1.10269e-10 0.768265 0.626637 -0.43714 0.00222826
448 1.04755e-10 0.768265 0.626637 -0.437321 0.00369856
449 9.95173e-11 0.768265 0.626637 -0.440306 0.00216415
450 9.45415e-11 0.768265 0.626637 -0.441819 0.00238867
451 8.98144e-11 0.768265 0.626637 -0.436981 0.00278527
452 8.53237e-11 0.768265 0.626637 -0.437869 0.00325238
453 8.10575e-11 0.768265 0.626637 -0.437795 0.00245522
454 7.70046e-11 0.768265 0.626637 -0.444577 0.00219077
455 7.31544e-11 0.768265 0.626637 -0.436512 0.00246195
456 6.94967e-11 0.768265 0.626637 -0.438819 0.0024006
457 6.60218e-11 0.768265 0.626637 -0.435335 0.00341293
458 6.27207e-11 0.768265 0.626637 -0.43512 0.0026995
459 5.95847e-11 0.768265 0.626637 -0.438776 0.00234202
460 5.66055e-11 0.768265 0.626637 -0.439344 0.0021123
461 5.37752e-11 0.768265 0.626637 -0.440299 0.00226778
462 5.10864e-11 0.768265 0.626637 -0.442233 0.00198711
463 4.85321e-11 0.768265 0.626637 -0.440313 0.00243232
464 4.61055e-11 0.768265 0.626637 -0.441208 0.00276825
465 4.38002e-11 0.768265 0.626637 -0.44371 0.00250407
466 4.16102e-11 0.768265 0.626637 -0.442254 0.00232116
467 3.95297e-11 0.768265 0.626637 -0.440952 0.00231962
468 3.75532e-11 0.768265 0.626637 -0.440873 0.00233551
469 3.56756e-11 0.768265 0.626637 -0.43906 0.00312165
470 3.38918e-11 0.768265 0.626637 -0.44344 0.00252732
471 3.21972e-11 0.768265 0.626637 -0.438713 0.00239404
472 3.05873e-11 0.768265 0.626637 -0.439346 0.00245351
473 2.9058e-11 0.768265 0.626637 -0.444932 0.00179108
474 2.76051e-11 0.768265 0.626637 -0.437267 0.00299847
475 2.62248e-11 0.800314 0.583217 -0.439205 0.00255498
476 2.49136e-11 0.800314 0.583217 -0.433703 0.00305985
477 2.36679e-11 0.800314 0.583217 -0.438021 0.00337239
478 2.24845e-11 0.800314 0.583217 -0.441206 0.00267898
479 2.13603e-11 0.800314 0.583217 -0.434213 0.00302474
480 2.02923e-11 0.800314 0.583217 -0.432685 0.00313792
481 1.92777e-11 0.800314 0.583217 -0.431363 0.00264526
482 1.83138e-11 0.800314 0.583217 -0.434514 0.00277475
483 1.73981e-11 0.796959 0.587527 -0.439736 0.00312939
484 1.65282e-11 0.796959 0.587527 -0.43679 0.00256216
485 1.57018e-11 0.796959 0.587527 -0.435626 0.00305668
486 1.49167e-11 0.796959 0.587527 -0.441842 0.00222394
487 1.41708e-11 0.796959 0.587527 -0.442883 0.00252895
488 1.34623e-11 0.796959 0.587527 -0.4349 0.00289452
489 1.27892e-11 0.796959 0.587527 -0.437962 0.00258055
490 1.21497e-11 0.796959 0.587527 -0.436775 0.00256821
491 1.15422e-11 0.796959 0.587527 -0.442151 0.00284749
492 1.09651e-11 0.796959 0.587527 -0.43741 0.00243396
493 1.04169e-11 0.796959 0.587527 -0.436358 0.00263859
494 9.89603e-12 0.796959 0.587527 -0.437893 0.00307371
495 9.40123e-12 0.796959 0.587527 -0.435755 0.00265544
496 8.93117e-12 0.796959 0.587527 -0.438705 0.0028215
497 8.48461e-12 0.796959 0.587527 -0.438237 0.00250807
498 8.06038e-12 0.796959 0.587527 -0.438253 0.00256623
499 7.65736e-12 0.796959 0.587527 -0.436648 0.00259651
500 7.27449e-12 0.819584 0.650453 -0.438726 0.00320445
